0	0	0	0	0	0	0	0	0	0	0	0	0	0	0	0	0	0	0	0	0	0	0	0	0	0	0	0	0	0	0	0	0	0	0	0	0	0	0	0	0	0	0	0	0	0	0	0	0	0	0	0	0	0	0	0	0	0	0	0	0	0	0	0	0	0	0	0	0	0	0	0	0	0	0	0	0	0	0	0	0	0	0	0	0	0	0	0	0	0	0	0	0	0	0	0	0	0	0	0	
0	0	0	0	0	0	0	0	0	0	0	0	0	0	0	0	0	0	0	0	0	0	0	0	0	0	0	0	0	0	0	0	0	0	0	0	0	0	0	0	0	0	0	0	0	0	0	0	0	0	0	0	0	0	0	0	0	0	0	0	0	0	0	0	0	0	0	0	0	0	0	0	0	0	0	0	0	0	0	0	0	0	0	0	0	0	0	0	0	0	0	0	0	0	0	0	0	0	0	0	
0	0	0	0	0	0	0	0	0	0	0	0	0	0	0	0	0	0	0	0	0	0	0	0	0	0	0	0	0	0	0	0	0	0	0	0	0	0	0	0	0	0	0	0	0	0	0	0	0	0	0	0	0	0	0	0	0	0	0	0	0	0	0	0	0	0	0	0	0	0	0	0	0	0	0	0	0	0	0	0	0	0	0	0	0	0	0	0	0	0	0	0	0	0	0	0	0	0	0	0	
0	0	0	0	0	0	0	0	0	0	0	0	0	0	0	0	0	0	0	0	0	0	0	0	0	0	0	0	0	0	0	0	0	0	0	0	0	0	0	0	0	0	0	0	0	0	0	0	0	0	0	0	0	0	0	0	0	0	0	0	0	0	0	0	0	0	0	0	0	0	0	0	0	0	0	0	0	0	0	0	0	0	0	0	0	0	0	0	0	0	0	0	0	0	0	0	0	0	0	0	
0	0	0	0	0	0	0	0	0	0	0	0	0	0	0	0	0	0	0	0	0	0	0	0	0	0	0	0	0	0	0	0	0	0	0	0	0	0	0	0	0	0	0	0	0	0	0	0	0	0	0	0	0	0	0	0	0	0	0	0	0	0	0	0	0	0	0	0	0	0	0	0	0	0	0	0	0	0	0	0	0	0	0	0	0	0	0	0	0	0	0	0	0	0	0	0	0	0	0	0	
0	0	0	0	0	0	0	0	0	0	0	0	0	0	0	0	0	0	0	0	0	0	0	0	0	0	0	0	0	0	0	0	0	0	0	0	0	0	0	0	0	0	0	0	0	0	0	0	0	0	0	0	0	0	0	0	0	0	0	0	0	0	0	0	0	0	0	0	0	0	0	0	0	0	0	0	0	0	0	0	0	0	0	0	0	0	0	0	0	0	0	0	0	0	0	0	0	0	0	0	
0	0	0	0	0	0	0	0	0	0	0	0	0	0	0	0	0	0	0	0	0	0	0	0	0	0	0	0	0	0	0	0	0	0	0	0	0	0	0	0	0	0	0	0	0	0	0	0	0	0	0	0	0	0	0	0	0	0	0	0	0	0	0	0	0	0	0	0	0	0	0	0	0	0	0	0	0	0	0	0	0	0	0	0	0	0	0	0	0	0	0	0	0	0	0	0	0	0	0	0	
0	0	0	0	0	0	0	0	0	0	0	0	0	0	0	0	0	0	0	0	0	0	0	0	0	0	0	0	0	0	0	0	0	0	0	0	0	0	0	0	0	0	0	0	0	0	0	0	0	0	0	0	0	0	0	0	0	0	0	0	0	0	0	0	0	0	0	0	0	0	0	0	0	0	0	0	0	0	0	0	0	0	0	0	0	0	0	0	0	0	0	0	0	0	0	0	0	0	0	0	
0	0	0	0	0	0	0	0	0	0	0	0	0	0	0	0	0	0	0	0	0	0	0	0	0	0	0	0	0	0	0	0	0	0	0	0	0	0	0	0	0	0	0	0	0	0	0	0	0	0	0	0	0	0	0	0	0	0	0	0	0	0	0	0	0	0	0	0	0	0	0	0	0	0	0	0	0	0	0	0	0	0	0	0	0	0	0	0	0	0	0	0	0	0	0	0	0	0	0	0	
0	0	0	0	0	0	0	0	0	0	0	0	0	0	0	0	0	0	0	0	0	0	0	0	0	0	0	0	0	0	0	0	0	0	0	0	0	0	0	0	0	0	0	0	0	0	0	0	0	1.07374e-51	6.44245e-52	1.99716e-52	4.26061e-53	7.03e-54	9.5608e-55	1.11543e-55	1.1473e-56	1.06125e-57	8.96166e-59	6.99009e-60	5.08371e-61	3.47387e-62	2.24465e-63	1.37886e-64	8.0893e-66	4.55023e-67	2.46248e-68	1.28596e-69	6.49748e-71	3.18377e-72	1.51608e-73	7.02909e-75	3.17837e-76	1.40378e-77	6.06434e-79	2.56568e-80	1.06428e-81	4.33315e-83	1.73326e-84	6.81749e-86	2.63903e-87	1.00613e-88	3.78061e-90	1.40105e-91	5.12384e-93	1.85027e-94	6.60098e-96	2.32771e-97	8.11715e-99	2.80042e-100	9.5624e-102	3.233e-103	1.08268e-104	3.59253e-106	1.18154e-107	3.85286e-109	1.24603e-110	3.99768e-112	1.27273e-113	0	
0	0	0	0	0	0	0	0	0	0	0	0	0	0	0	0	0	0	0	0	0	0	0	0	0	0	0	0	0	0	0	0	0	0	0	0	0	0	0	0	0	0	0	0	0	1.07374e-51	1.71799e-51	1.9177e-51	3.41726e-50	1.5248e-48	9.10073e-49	2.82905e-49	6.18407e-50	1.18414e-50	2.23686e-51	4.06976e-52	6.68147e-53	9.59912e-54	1.20596e-54	1.33979e-55	1.33444e-56	1.20712e-57	1.003e-58	7.72895e-60	5.56843e-61	3.77678e-62	2.42563e-63	1.48259e-64	8.6614e-66	4.85466e-67	2.61916e-68	1.36413e-69	6.87632e-71	3.36242e-72	1.5982e-73	7.39757e-75	3.34e-76	1.47318e-77	6.3563e-79	2.68618e-80	1.11312e-81	4.52767e-83	1.80948e-84	7.11149e-86	2.75075e-87	1.04798e-88	3.93528e-90	1.45747e-91	5.32709e-93	1.92262e-94	6.85556e-96	2.41632e-97	8.42227e-99	2.90442e-100	9.91347e-102	3.35039e-103	1.12157e-104	3.72027e-106	1.22314e-107	0	
0	0	0	0	0	0	0	0	0	0	0	0	0	0	0	0	0	0	0	0	0	0	0	0	0	0	0	0	0	0	0	0	0	0	0	0	0	0	0	0	0	0	0	1.07374e-51	3.39302e-50	1.55696e-48	2.46511e-48	3.21313e-48	4.66884e-47	1.04667e-45	6.21527e-46	1.93836e-46	4.34852e-47	9.48719e-48	2.17303e-48	4.60363e-49	8.30748e-50	1.26495e-50	1.65241e-51	1.89025e-52	1.92871e-53	1.78234e-54	1.51045e-55	1.1859e-56	8.69905e-58	6.00392e-59	3.92203e-60	2.43723e-61	1.44703e-62	8.2393e-64	4.51406e-65	2.38652e-66	1.22068e-67	6.05433e-69	2.91776e-70	1.36883e-71	6.26163e-73	2.79716e-74	1.2219e-75	5.22619e-77	2.1911e-78	9.01416e-80	3.64245e-81	1.44696e-82	5.65551e-84	2.17657e-85	8.25413e-87	3.08641e-88	1.13864e-89	4.14691e-91	1.49177e-92	5.30317e-94	1.86395e-95	6.48029e-97	2.22944e-98	7.59296e-100	2.56096e-101	8.55709e-103	2.83348e-104	0	
0	0	0	0	0	0	0	0	0	0	0	0	0	0	0	0	0	0	0	0	0	0	0	0	0	0	0	0	0	0	0	0	0	0	0	0	0	0	0	0	0	0	3.3286e-50	2.02384e-48	4.68147e-47	1.09095e-45	1.71408e-45	2.51381e-45	3.08025e-44	4.62517e-43	2.73299e-43	8.55553e-44	1.97304e-44	4.83348e-45	1.25877e-45	2.88577e-46	5.44282e-47	8.52489e-48	1.13769e-48	1.32557e-49	1.3756e-50	1.2918e-51	1.11181e-52	8.86077e-54	6.59443e-55	4.6153e-56	3.05569e-57	1.92352e-58	1.15624e-59	6.66198e-61	3.69144e-62	1.97284e-63	1.01955e-64	5.10687e-66	2.4844e-67	1.17603e-68	5.42592e-70	2.44373e-71	1.07587e-72	4.63603e-74	1.95757e-75	8.10843e-77	3.29787e-78	1.31827e-79	5.18337e-81	2.00631e-82	7.65029e-84	2.87571e-85	1.06628e-86	3.90226e-88	1.41032e-89	5.03613e-91	1.77775e-92	6.20628e-94	2.14372e-95	7.32922e-97	2.48121e-98	8.32039e-100	2.76462e-101	0	
0	0	0	0	0	0	0	0	0	0	0	0	0	0	0	0	0	0	0	0	0	0	0	0	0	0	0	0	0	0	0	0	0	0	0	0	0	0	0	0	0	5.00364e-49	5.02657e-47	1.70809e-45	3.11882e-44	4.91978e-43	7.68853e-43	1.23494e-42	1.3068e-41	1.47833e-40	8.6941e-41	2.73347e-41	6.49084e-42	1.76425e-42	5.03749e-43	1.21318e-43	2.35261e-44	3.75795e-45	5.09942e-46	6.034e-47	6.35495e-48	6.05349e-49	5.28203e-50	4.26527e-51	3.21433e-52	2.27654e-53	1.52429e-54	9.69753e-56	5.88779e-57	3.42445e-58	1.91436e-59	1.03164e-60	5.3733e-62	2.7113e-63	1.32815e-64	6.3281e-66	2.93763e-67	1.33074e-68	5.8908e-70	2.55155e-71	1.08268e-72	4.50537e-74	1.84049e-75	7.38776e-77	2.91635e-78	1.13308e-79	4.33605e-81	1.63547e-82	6.08389e-84	2.23343e-85	8.09583e-87	2.89917e-88	1.02618e-89	3.59181e-91	1.24375e-92	4.26244e-94	1.44631e-95	4.86067e-97	1.61846e-98	0	
0	0	0	0	0	0	0	0	0	0	0	0	0	0	0	0	0	0	0	0	0	0	0	0	0	0	0	0	0	0	0	0	0	0	0	0	0	0	0	0	4.85868e-48	6.92749e-46	3.61104e-44	8.85285e-43	1.33602e-41	1.60445e-40	2.49856e-40	4.30616e-40	4.00538e-39	3.64071e-38	2.13142e-38	6.73456e-39	1.64936e-39	4.9245e-40	1.5069e-40	3.75603e-41	7.4352e-42	1.20708e-42	1.66244e-43	1.99533e-44	2.13058e-45	2.05648e-46	1.81708e-47	1.48479e-48	1.13145e-49	8.09702e-51	5.47407e-52	3.51399e-53	2.15134e-54	1.26097e-55	7.09989e-57	3.85169e-58	2.01863e-59	1.02447e-60	5.04551e-62	2.41608e-63	1.12687e-64	5.12716e-66	2.27902e-67	9.90968e-69	4.22021e-70	1.76219e-71	7.22204e-73	2.9078e-74	1.15118e-75	4.48488e-77	1.72072e-78	6.50617e-80	2.42594e-81	8.9256e-83	3.24224e-84	1.16341e-85	4.12592e-87	1.44681e-88	5.01873e-90	1.72287e-91	5.85537e-93	1.97089e-94	6.57215e-96	0	
0	0	0	0	0	0	0	0	0	0	0	0	0	0	0	0	0	0	0	0	0	0	0	0	0	0	0	0	0	0	0	0	0	0	0	0	0	0	0	3.42524e-47	6.35598e-45	4.60053e-43	1.648e-41	3.21363e-40	4.13449e-39	4.03094e-38	6.26385e-38	1.13981e-37	9.44711e-37	7.18572e-36	4.18867e-36	1.33097e-36	3.36758e-37	1.09506e-37	3.53658e-38	9.04703e-39	1.82151e-39	3.00078e-40	4.1912e-41	5.09955e-42	5.51716e-43	5.39201e-44	4.82022e-45	3.98166e-46	3.06464e-47	2.21343e-48	1.5091e-49	9.76283e-51	6.01966e-52	3.55142e-53	2.01168e-54	1.09739e-55	5.7807e-57	2.94762e-58	1.45806e-59	7.0104e-61	3.28203e-62	1.49855e-63	6.68296e-65	2.91483e-66	1.24491e-67	5.2123e-69	2.14161e-70	8.64337e-72	3.4296e-73	1.33899e-74	5.14771e-76	1.95012e-77	7.28457e-79	2.68479e-80	9.76859e-82	3.51075e-83	1.24691e-84	4.37869e-86	1.52096e-87	5.22808e-89	1.77905e-90	5.99535e-92	2.00148e-93	0	
0	0	0	0	0	0	0	0	0	0	0	0	0	0	0	0	0	0	0	0	0	0	0	0	0	0	0	0	0	0	0	0	0	0	0	0	0	0	1.868e-46	4.27537e-44	3.99411e-42	1.9525e-40	5.37888e-39	8.77894e-38	9.84508e-37	8.11507e-36	1.2596e-35	2.38873e-35	1.78331e-34	1.16729e-33	6.77657e-34	2.16711e-34	5.67417e-35	1.9947e-35	6.72612e-36	1.75684e-36	3.59067e-37	5.9983e-38	8.49333e-39	1.04726e-39	1.14748e-40	1.13483e-41	1.02564e-42	8.55738e-44	6.64681e-45	4.84053e-46	3.32513e-47	2.16584e-48	1.34374e-49	7.97261e-51	4.53938e-52	2.48799e-53	1.31629e-54	6.73869e-56	3.34563e-57	1.61407e-58	7.58043e-60	3.47135e-61	1.55232e-62	6.7879e-64	2.90601e-65	1.21945e-66	5.02096e-68	2.03045e-69	8.07168e-71	3.15692e-72	1.2157e-73	4.61275e-75	1.72566e-76	6.36917e-78	2.32057e-79	8.35073e-81	2.96959e-82	1.04404e-83	3.63062e-85	1.24932e-86	4.25567e-88	1.43558e-89	4.79701e-91	0	
0	0	0	0	0	0	0	0	0	0	0	0	0	0	0	0	0	0	0	0	0	0	0	0	0	0	0	0	0	0	0	0	0	0	0	0	0	8.20002e-46	2.23274e-43	2.56291e-41	1.60557e-39	5.95188e-38	1.33933e-36	1.88746e-35	1.8761e-34	1.34444e-33	2.08577e-33	4.07853e-33	2.76652e-32	1.59049e-31	9.19809e-32	2.96286e-32	8.04144e-33	3.03624e-33	1.06058e-33	2.81926e-34	5.84316e-35	9.8956e-36	1.42035e-36	1.7745e-37	1.96845e-38	1.96899e-39	1.79803e-40	1.51422e-41	1.18605e-42	8.70271e-44	6.01883e-45	3.9444e-46	2.46073e-47	1.46729e-48	8.39237e-50	4.61885e-51	2.45291e-52	1.26013e-53	6.27633e-55	3.03693e-56	1.43019e-57	6.56602e-59	2.94316e-60	1.28981e-61	5.53333e-63	2.32645e-64	9.59645e-66	3.88741e-67	1.54787e-68	6.06319e-70	2.33826e-71	8.88431e-73	3.32802e-74	1.22985e-75	4.48619e-77	1.61621e-78	5.75357e-80	2.02491e-81	7.04852e-83	2.42773e-84	8.27729e-86	2.79463e-87	9.34601e-89	0	
0	0	0	0	0	0	0	0	0	0	0	0	0	0	0	0	0	0	0	0	0	0	0	0	0	0	0	0	0	0	0	0	0	0	0	0	2.9765e-45	9.39635e-43	1.28058e-40	9.82369e-39	4.63828e-37	1.38842e-35	2.649e-34	3.29176e-33	2.93789e-32	1.86798e-31	2.89753e-31	5.79016e-31	3.594e-30	1.84317e-29	1.06216e-29	3.44944e-30	9.72078e-31	3.91941e-31	1.40988e-31	3.80601e-32	7.99554e-33	1.37277e-33	1.99745e-34	2.52823e-35	2.83861e-36	2.87063e-37	2.64724e-38	2.24899e-39	1.77535e-40	1.31174e-41	9.12844e-43	6.01554e-44	3.77158e-45	2.25908e-46	1.29739e-47	7.16693e-49	3.81903e-50	1.96805e-51	9.8304e-53	4.76922e-54	2.25149e-55	1.03601e-56	4.6537e-58	2.04348e-59	8.78286e-61	3.69913e-62	1.52836e-63	6.2008e-65	2.47262e-66	9.69888e-68	3.74526e-69	1.4248e-70	5.34354e-72	1.9769e-73	7.21898e-75	2.6034e-76	9.27699e-78	3.26801e-79	1.13859e-80	3.92505e-82	1.33934e-83	4.52559e-85	1.51462e-86	0	
0	0	0	0	0	0	0	0	0	0	0	0	0	0	0	0	0	0	0	0	0	0	0	0	0	0	0	0	0	0	0	0	0	0	0	9.10802e-45	3.26993e-42	5.16061e-40	4.69164e-38	2.70434e-36	1.02557e-34	2.57822e-33	4.27713e-32	4.75769e-31	3.85221e-30	2.20707e-29	3.42317e-29	6.93808e-29	3.96404e-28	1.8357e-27	1.05444e-27	3.45598e-28	1.01294e-28	4.33881e-29	1.6e-29	4.38033e-30	9.32626e-31	1.62369e-31	2.39537e-32	3.07155e-33	3.48974e-34	3.56669e-35	3.32014e-36	2.84411e-37	2.2616e-38	1.68185e-39	1.17714e-40	7.79705e-42	4.91104e-43	2.95377e-44	1.70271e-45	9.43804e-47	5.0449e-48	2.6072e-49	1.30572e-50	6.35009e-52	3.00455e-53	1.38543e-54	6.23542e-56	2.74304e-57	1.18098e-58	4.98203e-60	2.06155e-61	8.37601e-63	3.34454e-64	1.31359e-65	5.07869e-67	1.93432e-68	7.26249e-70	2.68968e-71	9.83172e-73	3.54908e-74	1.26585e-75	4.46317e-77	1.55631e-78	5.36946e-80	1.83366e-81	6.20057e-83	2.07669e-84	0	
0	0	0	0	0	0	0	0	0	0	0	0	0	0	0	0	0	0	0	0	0	0	0	0	0	0	0	0	0	0	0	0	0	0	2.38326e-44	9.58676e-42	1.71936e-39	1.80812e-37	1.23307e-35	5.69333e-34	1.80487e-32	3.91388e-31	5.74841e-30	5.78897e-29	4.28794e-28	2.2407e-27	3.47441e-27	7.09625e-27	3.75026e-26	1.58363e-25	9.07017e-26	3.00369e-26	9.17172e-27	4.15413e-27	1.56489e-27	4.3412e-28	9.36928e-29	1.65465e-29	2.47548e-30	3.21583e-31	3.69657e-32	3.81722e-33	3.58557e-34	3.09582e-35	2.47885e-36	1.85467e-37	1.30511e-38	8.68626e-40	5.49466e-41	3.3176e-42	1.91915e-43	1.06717e-44	5.72096e-46	2.9645e-47	1.48833e-48	7.25472e-50	3.43987e-51	1.5893e-52	7.16621e-54	3.15798e-55	1.36184e-56	5.75382e-58	2.38437e-59	9.70092e-61	3.87861e-62	1.52523e-63	5.90388e-65	2.25113e-66	8.46099e-68	3.13675e-69	1.14771e-70	4.14691e-72	1.48041e-73	5.22416e-75	1.82318e-76	6.29519e-78	2.15145e-79	7.28055e-81	2.44009e-82	0	
0	0	0	0	0	0	0	0	0	0	0	0	0	0	0	0	0	0	0	0	0	0	0	0	0	0	0	0	0	0	0	0	0	5.39073e-44	2.40096e-41	4.82211e-39	5.7586e-37	4.53806e-35	2.47517e-33	9.53006e-32	2.59548e-30	4.94954e-29	6.52326e-28	5.99975e-27	4.09347e-26	1.97001e-25	3.05274e-25	6.24799e-25	3.06674e-24	1.19035e-23	6.80059e-24	2.2784e-24	7.25996e-25	3.46228e-25	1.32868e-25	3.73332e-26	8.17064e-27	1.46441e-27	2.2224e-28	2.925e-29	3.40135e-30	3.54791e-31	3.36184e-32	2.92474e-33	2.35741e-34	1.77408e-35	1.25482e-36	8.3897e-38	5.32878e-39	3.2293e-40	1.87431e-41	1.04541e-42	5.61992e-44	2.91962e-45	1.46927e-46	7.17756e-48	3.41025e-49	1.57863e-50	7.13084e-52	3.14768e-53	1.35955e-54	5.75275e-56	2.3873e-57	9.72586e-59	3.89354e-60	1.53296e-61	5.94065e-63	2.26764e-64	8.53205e-66	3.16628e-67	1.15964e-68	4.19388e-70	1.49851e-71	5.29255e-73	1.84857e-74	6.38791e-76	2.18481e-77	7.39888e-79	2.48148e-80	0	
0	0	0	0	0	0	0	0	0	0	0	0	0	0	0	0	0	0	0	0	0	0	0	0	0	0	0	0	0	0	0	0	1.06278e-43	5.19083e-41	1.15388e-38	1.54235e-36	1.3793e-34	8.68495e-33	3.94456e-31	1.3019e-29	3.10695e-28	5.28637e-27	6.31718e-26	5.34341e-25	3.37717e-24	1.50872e-23	2.33515e-23	4.76576e-23	2.17994e-22	7.82942e-22	4.46377e-22	1.51513e-22	5.04641e-23	2.52423e-23	9.84681e-24	2.80203e-24	6.22222e-25	1.13242e-25	1.74388e-26	2.32559e-27	2.73552e-28	2.88176e-29	2.75396e-30	2.41358e-31	1.95788e-32	1.48168e-33	1.05319e-34	7.07268e-36	4.51001e-37	2.74286e-38	1.59713e-39	8.93441e-41	4.81602e-42	2.50824e-43	1.26517e-44	6.19387e-46	2.9488e-47	1.36759e-48	6.1885e-50	2.73626e-51	1.18371e-52	5.01614e-54	2.08455e-55	8.50383e-57	3.40866e-58	1.34368e-59	5.21316e-61	1.99215e-62	7.50343e-64	2.78737e-65	1.02186e-66	3.69905e-68	1.32289e-69	4.67632e-71	1.63469e-72	5.65337e-74	1.93507e-75	6.55805e-77	2.20104e-78	0	
0	0	0	0	0	0	0	0	0	0	0	0	0	0	0	0	0	0	0	0	0	0	0	0	0	0	0	0	0	0	0	1.83788e-43	9.76576e-41	2.37993e-38	3.51966e-36	3.52135e-34	2.51453e-32	1.31726e-30	5.12177e-29	1.47833e-27	3.1379e-26	4.81731e-25	5.26232e-24	4.11639e-23	2.42146e-22	1.01075e-21	1.56148e-21	3.16391e-21	1.35244e-20	4.5197e-20	2.57277e-20	8.86155e-21	3.0902e-21	1.61553e-21	6.39506e-22	1.84329e-22	4.15626e-23	7.68614e-24	1.20154e-24	1.62377e-25	1.93197e-26	2.05523e-27	1.98057e-28	1.7483e-29	1.42708e-30	1.0859e-31	7.75608e-33	5.23102e-34	3.34857e-35	2.04364e-36	1.19378e-37	6.69756e-39	3.61997e-40	1.89001e-41	9.55538e-43	4.68806e-44	2.2364e-45	1.03916e-46	4.71065e-48	2.08632e-49	9.03973e-51	3.83647e-52	1.59659e-53	6.52204e-55	2.61766e-56	1.03314e-57	4.01306e-59	1.53527e-60	5.78883e-62	2.15266e-63	7.89953e-65	2.8623e-66	1.02458e-67	3.62502e-69	1.26827e-70	4.38976e-72	1.50375e-73	5.10018e-75	1.71298e-76	0	
0	0	0	0	0	0	0	0	0	0	0	0	0	0	0	0	0	0	0	0	0	0	0	0	0	0	0	0	0	0	2.80118e-43	1.60854e-40	4.2638e-38	6.9111e-36	7.64745e-34	6.10655e-32	3.6256e-30	1.62458e-28	5.5174e-27	1.41389e-25	2.70036e-24	3.77375e-23	3.79297e-22	2.75623e-21	1.51497e-20	5.94078e-20	9.153e-20	1.83405e-19	7.34286e-19	2.29404e-18	1.30454e-18	4.5679e-19	1.6705e-19	9.09798e-20	3.64975e-20	1.06602e-20	2.44292e-21	4.594e-22	7.29346e-23	9.99001e-24	1.20232e-24	1.29152e-25	1.25493e-26	1.11565e-27	9.16296e-29	7.01006e-30	5.03094e-31	3.4076e-32	2.18973e-33	1.34107e-34	7.85881e-36	4.42202e-37	2.39653e-38	1.25439e-39	6.35663e-41	3.1255e-42	1.49404e-43	6.95549e-45	3.15874e-46	1.40138e-47	6.08182e-49	2.5851e-50	1.07739e-51	4.40723e-53	1.77121e-54	6.9995e-56	2.72213e-57	1.04261e-58	3.93558e-60	1.46506e-61	5.38178e-63	1.95194e-64	6.99374e-66	2.47669e-67	8.6727e-69	3.00436e-70	1.03001e-71	3.4962e-73	1.17514e-74	0	
0	0	0	0	0	0	0	0	0	0	0	0	0	0	0	0	0	0	0	0	0	0	0	0	0	0	0	0	0	3.77609e-43	2.3301e-40	6.6738e-38	1.17637e-35	1.42631e-33	1.25923e-31	8.35649e-30	4.24128e-28	1.65863e-26	4.99554e-25	1.14997e-23	1.99441e-22	2.55524e-21	2.37547e-20	1.60937e-19	8.29233e-19	3.06872e-18	4.71087e-18	9.3014e-18	3.49398e-17	1.02454e-16	5.82425e-17	2.07749e-17	7.98045e-18	4.51435e-18	1.83345e-18	5.43021e-19	1.26609e-19	2.42327e-20	3.9091e-21	5.42824e-22	6.60886e-23	7.16848e-24	7.02311e-25	6.28802e-26	5.19627e-27	3.99691e-28	2.88227e-29	1.96065e-30	1.26482e-31	7.77366e-33	4.5702e-34	2.57925e-35	1.40169e-36	7.35554e-38	3.73636e-39	1.84125e-40	8.82001e-42	4.11428e-43	1.87193e-44	8.31954e-46	3.61663e-47	1.5397e-48	6.42671e-50	2.63274e-51	1.05952e-52	4.19253e-54	1.63253e-55	6.26032e-57	2.36584e-58	8.81685e-60	3.24224e-61	1.17715e-62	4.22183e-64	1.49649e-65	5.24512e-67	1.81859e-68	6.24018e-70	2.11987e-71	7.13088e-73	0	
0	0	0	0	0	0	0	0	0	0	0	0	0	0	0	0	0	0	0	0	0	0	0	0	0	0	0	0	4.51294e-43	2.97803e-40	9.16481e-38	1.74527e-35	2.30074e-33	2.2251e-31	1.63207e-29	9.25458e-28	4.09706e-26	1.41981e-24	3.8373e-23	8.00939e-22	1.27071e-20	1.50115e-19	1.29624e-18	8.21142e-18	3.97653e-17	1.39403e-16	2.13007e-16	4.13038e-16	1.45758e-15	4.025e-15	2.28915e-15	8.33728e-16	3.36955e-16	1.97431e-16	8.11215e-17	2.43854e-17	5.79224e-18	1.12943e-18	1.85234e-19	2.60845e-20	3.21313e-21	3.51955e-22	3.47695e-23	3.13534e-24	2.60712e-25	2.01637e-26	1.46116e-27	9.98317e-29	6.46582e-30	3.98836e-31	2.35261e-32	1.33181e-33	7.25839e-35	3.81905e-36	1.94476e-37	9.60593e-39	4.61152e-40	2.15557e-41	9.82661e-43	4.37534e-44	1.90535e-45	8.12508e-47	3.39676e-48	1.39359e-49	5.61644e-51	2.22547e-52	8.67717e-54	3.33164e-55	1.26058e-56	4.70328e-58	1.73147e-59	6.2931e-61	2.25934e-62	8.01651e-64	2.81243e-65	9.76028e-67	3.35205e-68	1.13971e-69	3.83694e-71	0	
0	0	0	0	0	0	0	0	0	0	0	0	0	0	0	0	0	0	0	0	0	0	0	0	0	0	0	4.78849e-43	3.36502e-40	1.10737e-37	2.26562e-35	3.22629e-33	3.39189e-31	2.72467e-29	1.70711e-27	8.43996e-26	3.30915e-24	1.02829e-22	2.51736e-21	4.8e-20	7.00818e-19	7.66933e-18	6.17203e-17	3.66406e-16	1.6711e-15	5.56707e-15	8.45742e-15	1.60551e-14	5.32683e-14	1.38915e-13	7.9114e-14	2.94996e-14	1.25636e-14	7.60558e-15	3.16021e-15	9.65336e-16	2.33945e-16	4.65252e-17	7.76284e-18	1.10899e-18	1.38247e-19	1.52949e-20	1.52381e-21	1.38414e-22	1.15829e-23	9.00883e-25	6.56112e-26	4.50313e-27	2.92858e-28	1.81328e-29	1.07331e-30	6.09553e-32	3.33198e-33	1.75801e-34	8.97553e-36	4.44418e-37	2.13841e-38	1.00172e-39	4.57588e-41	2.04137e-42	8.90594e-44	3.80442e-45	1.59311e-46	6.54639e-48	2.64229e-49	1.0485e-50	4.09374e-52	1.57388e-53	5.96257e-55	2.22736e-56	8.20939e-58	2.98708e-59	1.07357e-60	3.81316e-62	1.33911e-63	4.65174e-65	1.59907e-66	5.44183e-68	1.8336e-69	0	
0	0	0	0	0	0	0	0	0	0	0	0	0	0	0	0	0	0	0	0	0	0	0	0	0	0	4.51294e-43	3.36502e-40	1.17924e-37	2.5798e-35	3.94662e-33	4.48151e-31	3.91274e-29	2.68419e-27	1.46583e-25	6.41571e-24	2.25438e-22	6.34083e-21	1.41672e-19	2.48277e-18	3.35215e-17	3.41097e-16	2.56512e-15	1.42941e-14	6.14898e-14	1.95163e-13	2.94428e-13	5.45522e-13	1.7022e-12	4.20187e-12	2.39896e-12	9.18609e-13	4.12918e-13	2.57661e-13	1.08249e-13	3.36526e-14	8.33553e-15	1.69283e-15	2.87577e-16	4.1698e-17	5.26221e-18	5.88179e-19	5.91122e-20	5.40991e-21	4.5571e-22	3.56515e-23	2.61013e-24	1.79993e-25	1.17564e-26	7.30802e-28	4.34156e-29	2.47399e-30	1.3566e-31	7.17866e-33	3.67512e-34	1.8244e-35	8.79972e-37	4.13157e-38	1.89138e-39	8.45493e-41	3.69579e-42	1.58166e-43	6.6348e-45	2.73091e-46	1.10401e-47	4.38751e-49	1.71554e-50	6.60471e-52	2.50548e-53	9.37132e-55	3.45822e-56	1.25979e-57	4.53287e-59	1.61176e-60	5.66611e-62	1.97026e-63	6.77953e-65	2.30933e-66	7.78814e-68	0	
0	0	0	0	0	0	0	0	0	0	0	0	0	0	0	0	0	0	0	0	0	0	0	0	0	3.77609e-43	2.97803e-40	1.10737e-37	2.5798e-35	4.21991e-33	5.14754e-31	4.85371e-29	3.61847e-27	2.16316e-25	1.04547e-23	4.09924e-22	1.30309e-20	3.34269e-19	6.8579e-18	1.11005e-16	1.3914e-15	1.32036e-14	9.29706e-14	4.86828e-13	1.97712e-12	5.99081e-12	8.9636e-12	1.61612e-11	4.74149e-11	1.10992e-10	6.36111e-11	2.51031e-11	1.19282e-11	7.65597e-12	3.25256e-12	1.03104e-12	2.61552e-13	5.43212e-14	9.40393e-15	1.3848e-15	1.76997e-16	1.99954e-17	2.02785e-18	1.87052e-19	1.58658e-20	1.24889e-21	9.19411e-23	6.37207e-24	4.18104e-25	2.60996e-26	1.55654e-27	8.90165e-29	4.89748e-30	2.59965e-31	1.33477e-32	6.64417e-34	3.21295e-35	1.51217e-36	6.93831e-38	3.1083e-39	1.36147e-40	5.83791e-42	2.45342e-43	1.01161e-44	4.09644e-46	1.63059e-47	6.38539e-49	2.46193e-50	9.3523e-52	3.50275e-53	1.29425e-54	4.72061e-56	1.70055e-57	6.05355e-59	2.13045e-60	7.41601e-62	2.5544e-63	8.70966e-65	2.94006e-66	0	
0	0	0	0	0	0	0	0	0	0	0	0	0	0	0	0	0	0	0	0	0	0	0	0	2.80118e-43	2.3301e-40	9.16481e-38	2.26562e-35	3.94662e-33	5.14754e-31	5.21382e-29	4.19752e-27	2.72659e-25	1.44228e-23	6.2429e-22	2.2136e-20	6.41423e-19	1.50981e-17	2.8584e-16	4.29038e-15	5.00803e-14	4.44199e-13	2.93254e-12	1.44367e-11	5.53717e-11	1.60421e-10	2.37729e-10	4.15844e-10	1.14617e-09	2.54777e-09	1.46818e-09	5.99593e-10	3.01636e-10	1.98754e-10	8.5424e-11	2.76769e-11	7.20781e-12	1.53343e-12	2.70812e-13	4.05316e-14	5.25011e-15	5.99781e-16	6.14122e-17	5.7121e-18	4.88073e-19	3.86715e-20	2.86379e-21	1.99544e-22	1.31573e-23	8.25022e-25	4.94074e-26	2.8364e-27	1.56609e-28	8.34068e-30	4.29578e-31	2.14456e-32	1.03989e-33	4.90682e-35	2.25687e-36	1.01337e-37	4.44832e-39	1.91134e-40	8.04819e-42	3.32464e-43	1.34867e-44	5.37739e-46	2.10918e-47	8.14453e-49	3.09847e-50	1.16211e-51	4.29973e-53	1.5703e-54	5.66386e-56	2.01861e-57	7.11234e-59	2.47851e-60	8.54617e-62	2.91696e-63	9.8562e-65	0	
0	0	0	0	0	0	0	0	0	0	0	0	0	0	0	0	0	0	0	0	0	0	0	1.83788e-43	1.60854e-40	6.6738e-38	1.74527e-35	3.22629e-33	4.48151e-31	4.85371e-29	4.19752e-27	2.94434e-25	1.69216e-23	8.01514e-22	3.13658e-20	1.01341e-18	2.69317e-17	5.84586e-16	1.02537e-14	1.43161e-13	1.55984e-12	1.29522e-11	8.02323e-11	3.71284e-10	1.34448e-09	3.7281e-09	5.46387e-09	9.24424e-09	2.39005e-08	5.04908e-08	2.93166e-08	1.24501e-08	6.64104e-09	4.4846e-09	1.95156e-09	6.48159e-10	1.73778e-10	3.79436e-11	6.84499e-12	1.04225e-12	1.36929e-13	1.58305e-14	1.63757e-15	1.53681e-16	1.32354e-17	1.05611e-18	7.87088e-20	5.51606e-21	3.65635e-22	2.30382e-23	1.38583e-24	7.9887e-26	4.42779e-27	2.36656e-28	1.22292e-29	6.12414e-31	2.97824e-32	1.40916e-33	6.49809e-35	2.92486e-36	1.28685e-37	5.54134e-39	2.33814e-40	9.67759e-42	3.9331e-43	1.57098e-44	6.17229e-46	2.38726e-47	9.09597e-49	3.41656e-50	1.26589e-51	4.62941e-53	1.67193e-54	5.96623e-56	2.10466e-57	7.34277e-59	2.53468e-60	8.66059e-62	2.92933e-63	0	
0	0	0	0	0	0	0	0	0	0	0	0	0	0	0	0	0	0	0	0	0	0	1.06278e-43	9.76576e-41	4.2638e-38	1.17637e-35	2.30074e-33	3.39189e-31	3.91274e-29	3.61847e-27	2.72659e-25	1.69216e-23	8.70781e-22	3.7285e-20	1.32922e-18	3.9374e-17	9.64451e-16	1.93819e-14	3.15942e-13	4.11286e-12	4.18972e-11	3.25983e-10	1.89486e-09	8.2359e-09	2.81268e-08	7.46788e-08	1.08075e-07	1.76291e-07	4.2654e-07	8.56575e-07	5.02451e-07	2.23163e-07	1.26403e-07	8.73459e-08	3.85348e-08	1.31677e-08	3.64673e-09	8.19061e-10	1.51171e-10	2.34466e-11	3.12768e-12	3.66279e-13	3.83119e-14	3.63051e-15	3.15369e-16	2.53588e-17	1.90305e-18	1.34209e-19	8.94715e-21	5.6671e-22	3.42543e-23	1.9834e-24	1.10385e-25	5.92243e-27	3.07134e-28	1.54318e-29	7.52803e-31	3.57231e-32	1.65182e-33	7.45425e-35	3.28765e-36	1.41896e-37	6.00028e-39	2.48865e-40	1.0134e-41	4.05535e-43	1.59615e-44	6.18389e-46	2.36e-47	8.87816e-49	3.29436e-50	1.20646e-51	4.36311e-53	1.55899e-54	5.50638e-56	1.92339e-57	6.64712e-59	2.27374e-60	7.69879e-62	0	
0	0	0	0	0	0	0	0	0	0	0	0	0	0	0	0	0	0	0	0	0	5.39073e-44	5.19083e-41	2.37993e-38	6.9111e-36	1.42631e-33	2.2251e-31	2.72467e-29	2.68419e-27	2.16316e-25	1.44228e-23	8.01514e-22	3.7285e-20	1.45427e-18	4.75246e-17	1.29715e-15	2.94026e-14	5.48763e-13	8.33265e-12	1.01297e-10	9.65624e-10	7.04106e-09	3.83812e-08	1.5643e-07	5.02813e-07	1.278e-06	1.82324e-06	2.85765e-06	6.4486e-06	1.23047e-05	7.31674e-06	3.42191e-06	2.06103e-06	1.45549e-06	6.52222e-07	2.30368e-07	6.61651e-08	1.53283e-08	2.90019e-09	4.58944e-10	6.22486e-11	7.39349e-12	7.82827e-13	7.49786e-14	6.57498e-15	5.33175e-16	4.03167e-17	2.86285e-18	1.92049e-19	1.22338e-20	7.43334e-22	4.32481e-23	2.41764e-24	1.30247e-25	6.78035e-27	3.41888e-28	1.67336e-29	7.96535e-31	3.69389e-32	1.67152e-33	7.39116e-35	3.1978e-36	1.35535e-37	5.63363e-39	2.29881e-40	9.21719e-42	3.63456e-43	1.41062e-44	5.39255e-46	2.03192e-47	7.55133e-49	2.76955e-50	1.00301e-51	3.58872e-53	1.2692e-54	4.43889e-56	1.5359e-57	5.25986e-59	1.78293e-60	0	
0	0	0	0	0	0	0	0	0	0	0	0	0	0	0	0	0	0	0	0	2.38326e-44	2.40096e-41	1.15388e-38	3.51966e-36	7.64745e-34	1.25923e-31	1.63207e-29	1.70711e-27	1.46583e-25	1.04547e-23	6.2429e-22	3.13658e-20	1.32922e-18	4.75246e-17	1.43089e-15	3.61325e-14	7.60309e-13	1.32094e-11	1.8713e-10	2.1261e-09	1.89669e-08	1.29526e-07	6.61117e-07	2.52011e-06	7.59929e-06	1.84708e-05	2.59289e-05	3.89081e-05	8.15091e-05	0.000147577	8.93633e-05	4.43666e-05	2.84518e-05	2.05135e-05	9.36244e-06	3.43832e-06	1.02912e-06	2.46734e-07	4.79784e-08	7.76288e-09	1.07256e-09	1.2941e-10	1.38895e-11	1.34623e-12	1.19298e-13	9.76487e-15	7.44588e-16	5.32724e-17	3.59816e-18	2.30635e-19	1.40933e-20	8.24238e-22	4.62972e-23	2.50523e-24	1.30951e-25	6.62811e-27	3.2556e-28	1.55482e-29	7.23273e-31	3.28238e-32	1.45536e-33	6.31284e-35	2.6821e-36	1.11739e-37	4.56941e-39	1.8359e-40	7.25355e-42	2.82043e-43	1.08011e-44	4.07673e-46	1.5175e-47	5.57422e-49	2.02172e-50	7.24388e-52	2.56537e-53	8.98383e-55	3.1124e-56	1.06716e-57	3.62151e-59	0	
0	0	0	0	0	0	0	0	0	0	0	0	0	0	0	0	0	0	0	9.10802e-45	9.58676e-42	4.82211e-39	1.54235e-36	3.52135e-34	6.10655e-32	8.35649e-30	9.25458e-28	8.43996e-26	6.41571e-24	4.09924e-22	2.2136e-20	1.01341e-18	3.9374e-17	1.29715e-15	3.61325e-14	8.46878e-13	1.65827e-11	2.68617e-10	3.55295e-09	3.77256e-08	3.14683e-07	2.00924e-06	9.57802e-06	3.40167e-05	9.57662e-05	0.000222117	0.00030618	0.000438177	0.000846894	0.00145122	0.000900412	0.000479169	0.000327523	0.000240931	0.000112438	4.3262e-05	1.35737e-05	3.38197e-06	6.78127e-07	1.125e-07	1.5872e-08	1.9494e-09	2.12461e-10	2.08697e-11	1.87125e-12	1.54768e-13	1.19111e-14	8.59301e-16	5.84752e-17	3.77363e-18	2.32017e-19	1.36459e-20	7.70451e-22	4.18888e-23	2.19918e-24	1.11764e-25	5.51038e-27	2.64092e-28	1.23254e-29	5.61072e-31	2.49489e-32	1.08513e-33	4.6221e-35	1.93026e-36	7.91153e-38	3.18557e-39	1.26118e-40	4.91347e-42	1.88515e-43	7.12786e-45	2.65773e-46	9.77836e-48	3.55201e-49	1.27458e-50	4.52026e-52	1.58514e-53	5.49884e-55	1.8878e-56	6.4141e-58	0	
0	0	0	0	0	0	0	0	0	0	0	0	0	0	0	0	0	0	2.9765e-45	3.26993e-42	1.71936e-39	5.7586e-37	1.3793e-34	2.51453e-32	3.6256e-30	4.24128e-28	4.09706e-26	3.30915e-24	2.25438e-22	1.30309e-20	6.41423e-19	2.69317e-17	9.64451e-16	2.94026e-14	7.60309e-13	1.65827e-11	3.02674e-10	4.57525e-09	5.65e-08	5.60096e-07	4.35964e-06	2.59482e-05	0.000115065	0.000378706	0.000988424	0.0021796	0.00294344	0.00400138	0.00707772	0.0114297	0.00732862	0.00422837	0.00308256	0.00231312	0.00111013	0.000451966	0.000149737	3.89791e-05	8.09505e-06	1.38218e-06	1.99754e-07	2.50398e-08	2.77723e-09	2.76967e-10	2.51643e-11	2.10562e-12	1.63726e-13	1.19203e-14	8.17856e-16	5.31708e-17	3.29108e-18	1.94744e-19	1.10565e-20	6.04206e-22	3.18703e-23	1.62671e-24	8.05255e-26	3.87372e-27	1.8142e-28	8.28548e-30	3.69552e-31	1.61194e-32	6.8846e-34	2.88245e-35	1.18427e-36	4.77932e-38	1.89625e-39	7.40286e-41	2.84582e-42	1.07803e-43	4.02675e-45	1.48405e-46	5.39965e-48	1.9406e-49	6.89262e-51	2.42055e-52	8.4085e-54	2.89056e-55	9.83363e-57	0	
0	0	0	0	0	0	0	0	0	0	0	0	0	0	0	0	0	8.20002e-46	9.39635e-43	5.16061e-40	1.80812e-37	4.53806e-35	8.68495e-33	1.31726e-30	1.62458e-28	1.65863e-26	1.41981e-24	1.02829e-22	6.34083e-21	3.34269e-19	1.50981e-17	5.84586e-16	1.93819e-14	5.48763e-13	1.32094e-11	2.68617e-10	4.57525e-09	6.45468e-08	7.43502e-07	6.86644e-06	4.97012e-05	0.00027445	0.0011255	0.00340764	0.00816336	0.017011	0.0224428	0.0288673	0.0462478	0.0698715	0.0468868	0.0297212	0.0231087	0.0176995	0.00881065	0.00384548	0.00135746	0.000371814	8.04596e-05	1.4211e-05	2.11253e-06	2.71175e-07	3.06891e-08	3.11388e-09	2.87172e-10	2.43437e-11	1.91463e-12	1.40813e-13	9.74857e-15	6.3891e-16	3.98347e-17	2.37272e-18	1.35521e-19	7.44655e-21	3.9477e-22	2.02436e-23	1.00641e-24	4.86078e-26	2.28496e-27	1.04718e-28	4.68587e-30	2.05017e-31	8.78153e-33	3.68664e-34	1.51857e-35	6.14335e-37	2.44308e-38	9.55855e-40	3.68219e-41	1.39764e-42	5.23051e-44	1.93121e-45	7.03885e-47	2.53396e-48	9.01454e-50	3.17061e-51	1.10304e-52	3.79733e-54	1.29361e-55	0	
0	0	0	0	0	0	0	0	0	0	0	0	0	0	0	0	1.868e-46	2.23274e-43	1.28058e-40	4.69164e-38	1.23307e-35	2.47517e-33	3.94456e-31	5.12177e-29	5.5174e-27	4.99554e-25	3.8373e-23	2.51736e-21	1.41672e-19	6.8579e-18	2.8584e-16	1.02537e-14	3.15942e-13	8.33265e-12	1.8713e-10	3.55295e-09	5.65e-08	7.43502e-07	7.97347e-06	6.83636e-05	0.000457726	0.00232837	0.00875551	0.024142	0.0523093	0.101844	0.130669	0.15835	0.226283	0.314553	0.226127	0.16022	0.132836	0.10415	0.0545685	0.025992	0.00988929	0.00287774	0.000654313	0.000120361	1.85024e-05	2.44214e-06	2.82904e-07	2.92774e-08	2.74601e-09	2.36197e-10	1.88143e-11	1.39925e-12	9.78331e-14	6.4687e-15	4.06519e-16	2.43881e-17	1.40206e-18	7.74992e-20	4.13101e-21	2.12904e-22	1.06339e-23	5.15819e-25	2.43454e-26	1.11993e-27	5.0291e-29	2.20764e-30	9.48552e-32	3.99392e-33	1.64973e-34	6.69159e-36	2.66778e-37	1.04626e-38	4.03963e-40	1.53664e-41	5.76267e-43	2.13192e-44	7.78523e-46	2.80778e-47	1.00063e-48	3.52538e-50	1.22847e-51	4.23577e-53	1.44514e-54	0	
0	0	0	0	0	0	0	0	0	0	0	0	0	0	0	3.42524e-47	4.27537e-44	2.56291e-41	9.82369e-39	2.70434e-36	5.69333e-34	9.53006e-32	1.3019e-29	1.47833e-27	1.41389e-25	1.14997e-23	8.00939e-22	4.8e-20	2.48277e-18	1.11005e-16	4.29038e-15	1.43161e-13	4.11286e-12	1.01297e-10	2.1261e-09	3.77256e-08	5.60096e-07	6.86644e-06	6.83636e-05	0.00054149	0.00332843	0.0154348	0.0525267	0.129822	0.247791	0.436702	0.537039	0.607284	0.748996	0.91341	0.744237	0.608814	0.540889	0.44017	0.251696	0.13474	0.0562213	0.0176354	0.00426281	0.000824033	0.000131872	1.7986e-05	2.14064e-06	2.26589e-07	2.16621e-08	1.89396e-09	1.53015e-10	1.15218e-11	8.14447e-13	5.43782e-14	3.44734e-15	2.08454e-16	1.20701e-17	6.71567e-19	3.60131e-20	1.86636e-21	9.36995e-23	4.56683e-24	2.16505e-25	1.00011e-26	4.50866e-28	1.98647e-29	8.56486e-31	3.61812e-32	1.49914e-33	6.09876e-35	2.43826e-36	9.58806e-38	3.71143e-39	1.41524e-40	5.3198e-42	1.97249e-43	7.21853e-45	2.60878e-46	9.31558e-48	3.28834e-49	1.14799e-50	3.96534e-52	1.3552e-53	0	
0	0	0	0	0	0	0	0	0	0	0	0	0	0	4.85868e-48	6.35598e-45	3.99411e-42	1.60557e-39	4.63828e-37	1.02557e-34	1.80487e-32	2.59548e-30	3.10695e-28	3.1379e-26	2.70036e-24	1.99441e-22	1.27071e-20	7.00818e-19	3.35215e-17	1.3914e-15	5.00803e-14	1.55984e-12	4.18972e-11	9.65624e-10	1.89669e-08	3.14683e-07	4.35964e-06	4.97012e-05	0.000457726	0.00332843	0.0185944	0.0773467	0.231924	0.493459	0.776543	1.11728	1.25693	1.3067	1.35804	1.41051	1.35733	1.30798	1.2581	1.11486	0.775843	0.499311	0.23836	0.0829868	0.0217089	0.00446116	0.000749153	0.000106185	1.30388e-05	1.41624e-06	1.3836e-07	1.23226e-08	1.01157e-09	7.72395e-11	5.52754e-12	3.73131e-13	2.38893e-14	1.45748e-15	8.50806e-17	4.76907e-18	2.57498e-19	1.34292e-20	6.78167e-22	3.32341e-23	1.58362e-24	7.35034e-26	3.32855e-27	1.47274e-28	6.37532e-30	2.70338e-31	1.12416e-32	4.58891e-34	1.8406e-35	7.26037e-37	2.81875e-38	1.0779e-39	4.0628e-41	1.51036e-42	5.54119e-44	2.00744e-45	7.18495e-47	2.54194e-48	8.8934e-50	3.07837e-51	1.05418e-52	0	
0	0	0	0	0	0	0	0	0	0	0	0	0	5.00364e-49	6.92749e-46	4.60053e-43	1.9525e-40	5.95188e-38	1.38842e-35	2.57822e-33	3.91388e-31	4.94954e-29	5.28637e-27	4.81731e-25	3.77375e-23	2.55524e-21	1.50115e-19	7.66933e-18	3.41097e-16	1.32036e-14	4.44199e-13	1.29522e-11	3.25983e-10	7.04106e-09	1.29526e-07	2.00924e-06	2.59482e-05	0.00027445	0.00232837	0.0154348	0.0773467	0.279741	0.684252	1.11914	1.33519	1.47248	1.5244	1.54066	1.55233	1.56327	1.55246	1.54129	1.52527	1.47294	1.33631	1.11949	0.685855	0.287151	0.0840513	0.0186386	0.00331383	0.000491224	6.2537e-05	6.99773e-06	7.00931e-07	6.37717e-08	5.3326e-09	4.13818e-10	3.00418e-11	2.05408e-12	1.33036e-13	8.20184e-15	4.83374e-16	2.7333e-17	1.48775e-18	7.81716e-20	3.97508e-21	1.96066e-22	9.39928e-24	4.38749e-25	1.99748e-26	8.88263e-28	3.86353e-29	1.64569e-30	6.87272e-32	2.81694e-33	1.13426e-34	4.49078e-36	1.74967e-37	6.71353e-39	2.53869e-40	9.46716e-42	3.48375e-43	1.26572e-44	4.54287e-46	1.61153e-47	5.65282e-49	1.96158e-50	6.73364e-52	0	
0	0	0	0	0	0	0	0	0	0	0	0	3.3286e-50	5.02657e-47	3.61104e-44	1.648e-41	5.37888e-39	1.33933e-36	2.649e-34	4.27713e-32	5.74841e-30	6.52326e-28	6.31718e-26	5.26232e-24	3.79297e-22	2.37547e-20	1.29624e-18	6.17203e-17	2.56512e-15	9.29706e-14	2.93254e-12	8.02323e-11	1.89486e-09	3.83812e-08	6.61117e-07	9.57802e-06	0.000115065	0.0011255	0.00875551	0.0525267	0.231924	0.684252	1.18585	1.44574	1.536	1.57493	1.58859	1.59261	1.59483	1.59672	1.59492	1.59283	1.58904	1.57573	1.53747	1.44699	1.18591	0.687887	0.240252	0.058699	0.0111642	0.00174405	0.000231675	2.6854e-05	2.77111e-06	2.58635e-07	2.21117e-08	1.74962e-09	1.29227e-10	8.97312e-12	5.89288e-13	3.67906e-14	2.19328e-15	1.25333e-16	6.88827e-18	3.65187e-19	1.87248e-20	9.30742e-22	4.49426e-23	2.11211e-24	9.67706e-26	4.32914e-27	1.89364e-28	8.10932e-30	3.40382e-31	1.40187e-32	5.67067e-34	2.25497e-35	8.82244e-37	3.39873e-38	1.29014e-39	4.82881e-41	1.78319e-42	6.50074e-44	2.34084e-45	8.33001e-47	2.93085e-48	1.02002e-49	3.51139e-51	0	
0	0	0	0	0	0	0	0	0	0	0	1.07374e-51	2.02384e-48	1.70809e-45	8.85285e-43	3.21363e-40	8.77894e-38	1.88746e-35	3.29176e-33	4.75769e-31	5.78897e-29	5.99975e-27	5.34341e-25	4.11639e-23	2.75623e-21	1.60937e-19	8.21142e-18	3.66406e-16	1.42941e-14	4.86828e-13	1.44367e-11	3.71284e-10	8.2359e-09	1.5643e-07	2.52011e-06	3.40167e-05	0.000378706	0.00340764	0.024142	0.129822	0.493459	1.11914	1.44574	1.55709	1.58826	1.59816	1.6012	1.60203	1.60239	1.60268	1.60242	1.60209	1.60136	1.59856	1.58921	1.55881	1.4477	1.1202	0.498419	0.138208	0.0285497	0.00475329	0.000664892	8.04337e-05	8.60318e-06	8.27833e-07	7.26586e-08	5.88222e-09	4.43284e-10	3.13339e-11	2.09082e-12	1.32419e-13	7.99729e-15	4.6243e-16	2.56914e-17	1.37566e-18	7.1187e-20	3.5687e-21	1.73691e-22	8.22335e-24	3.79386e-25	1.7083e-26	7.5183e-28	3.2383e-29	1.36671e-30	5.65809e-32	2.30006e-33	9.18933e-35	3.61142e-36	1.39722e-37	5.32558e-39	2.00114e-40	7.41777e-42	2.71403e-43	9.80709e-45	3.50169e-46	1.23605e-47	4.31537e-49	1.49006e-50	0	
0	0	0	0	0	0	0	0	0	0	0	3.39302e-50	4.68147e-47	3.11882e-44	1.33602e-41	4.13449e-39	9.84508e-37	1.8761e-34	2.93789e-32	3.85221e-30	4.28794e-28	4.09347e-26	3.37717e-24	2.42146e-22	1.51497e-20	8.29233e-19	3.97653e-17	1.6711e-15	6.14898e-14	1.97712e-12	5.53717e-11	1.34448e-09	2.81268e-08	5.02813e-07	7.59929e-06	9.57662e-05	0.000988424	0.00816336	0.0523093	0.247791	0.776543	1.33519	1.536	1.58826	1.59998	1.60268	1.60333	1.60348	1.60354	1.60357	1.60354	1.60349	1.60337	1.60283	1.60045	1.5894	1.5376	1.33548	0.780629	0.257926	0.059083	0.0105811	0.00156516	0.000197921	2.19443e-05	2.1753e-06	1.95762e-07	1.61907e-08	1.24292e-09	8.92919e-11	6.04422e-12	3.87732e-13	2.36878e-14	1.38407e-15	7.76312e-17	4.19327e-18	2.18747e-19	1.10482e-20	5.41476e-22	2.58031e-23	1.19771e-24	5.42406e-26	2.40012e-27	1.0391e-28	4.40687e-30	1.8329e-31	7.48392e-33	3.0027e-34	1.18486e-35	4.60199e-37	1.76065e-38	6.63971e-40	2.46977e-41	9.0669e-43	3.28699e-44	1.17735e-45	4.16864e-47	1.45971e-48	5.05479e-50	0	
0	0	0	0	0	0	0	0	0	0	1.07374e-51	1.55696e-48	1.09095e-45	4.91978e-43	1.60445e-40	4.03094e-38	8.11507e-36	1.34444e-33	1.86798e-31	2.20707e-29	2.2407e-27	1.97001e-25	1.50872e-23	1.01075e-21	5.94078e-20	3.06872e-18	1.39403e-16	5.56707e-15	1.95163e-13	5.99081e-12	1.60421e-10	3.7281e-09	7.46788e-08	1.278e-06	1.84708e-05	0.000222117	0.0021796	0.017011	0.101844	0.436702	1.11728	1.47248	1.57493	1.59816	1.60268	1.6035	1.60365	1.60368	1.60368	1.60369	1.60368	1.60368	1.60366	1.60355	1.6029	1.59892	1.5767	1.47496	1.11978	0.442671	0.109476	0.0204865	0.00312737	0.000405305	4.58431e-05	4.62064e-06	4.21787e-07	3.53196e-08	2.74132e-09	1.98887e-10	1.35836e-11	8.78545e-13	5.40808e-14	3.18226e-15	1.7967e-16	9.76532e-18	5.12416e-19	2.60252e-20	1.28229e-21	6.14166e-23	2.86471e-24	1.30343e-25	5.79371e-27	2.51928e-28	1.07296e-29	4.48093e-31	1.8369e-32	7.39855e-34	2.93047e-35	1.14238e-36	4.38624e-38	1.65993e-39	6.19565e-41	2.28216e-42	8.30068e-44	2.98278e-45	1.05946e-46	3.72141e-48	1.29261e-49	0	
0	0	0	0	0	0	0	0	0	0	1.71799e-51	2.46511e-48	1.71408e-45	7.68853e-43	2.49856e-40	6.26385e-38	1.2596e-35	2.08577e-33	2.89753e-31	3.42317e-29	3.47441e-27	3.05274e-25	2.33515e-23	1.56148e-21	9.153e-20	4.71087e-18	2.13007e-16	8.45742e-15	2.94428e-13	8.9636e-12	2.37729e-10	5.46387e-09	1.08075e-07	1.82324e-06	2.59289e-05	0.00030618	0.00294344	0.0224428	0.130669	0.537039	1.25693	1.5244	1.58859	1.6012	1.60333	1.60365	1.60369	1.6037	1.6037	1.6037	1.6037	1.6037	1.6037	1.60367	1.60344	1.60169	1.59004	1.52686	1.25831	0.542323	0.139952	0.0269437	0.00421254	0.00055773	6.43203e-05	6.59947e-06	6.12406e-07	5.20704e-08	4.0994e-09	3.01414e-10	2.08462e-11	1.36433e-12	8.49318e-14	5.0511e-15	2.88086e-16	1.58098e-17	8.37277e-19	4.29018e-20	2.1318e-21	1.02938e-22	4.83914e-24	2.21845e-25	9.93288e-27	4.34955e-28	1.86509e-29	7.84048e-31	3.23465e-32	1.31092e-33	5.22366e-35	2.04825e-36	7.90924e-38	3.00979e-39	1.12947e-40	4.18233e-42	1.52903e-43	5.52209e-45	1.97105e-46	6.95668e-48	2.42772e-49	0	
0	0	0	0	0	0	0	0	0	0	1.9177e-51	3.21313e-48	2.51381e-45	1.23494e-42	4.30616e-40	1.13981e-37	2.38873e-35	4.07853e-33	5.79016e-31	6.93808e-29	7.09625e-27	6.24799e-25	4.76576e-23	3.16391e-21	1.83405e-19	9.3014e-18	4.13038e-16	1.60551e-14	5.45522e-13	1.61612e-11	4.15844e-10	9.24424e-09	1.76291e-07	2.85765e-06	3.89081e-05	0.000438177	0.00400138	0.0288673	0.15835	0.607284	1.3067	1.54066	1.59261	1.60203	1.60348	1.60368	1.6037	1.6037	1.6037	1.6037	1.6037	1.6037	1.6037	1.60369	1.60356	1.60239	1.59374	1.54258	1.30739	0.61286	0.168997	0.034322	0.00562214	0.000775603	9.27515e-05	9.82669e-06	9.38185e-07	8.18167e-08	6.58896e-09	4.94436e-10	3.48306e-11	2.3179e-12	1.46497e-13	8.83392e-15	5.10261e-16	2.83302e-17	1.51651e-18	7.84775e-20	3.93541e-21	1.91649e-22	9.08081e-24	4.19369e-25	1.8906e-26	8.33208e-28	3.59432e-29	1.51951e-30	6.30209e-32	2.56681e-33	1.02761e-34	4.04725e-36	1.56938e-37	5.9958e-39	2.25847e-40	8.3927e-42	3.0787e-43	1.11545e-44	3.99365e-46	1.41365e-47	4.94705e-49	0	
0	0	0	0	0	0	0	0	0	0	3.41726e-50	4.66884e-47	3.08025e-44	1.3068e-41	4.00538e-39	9.44711e-37	1.78331e-34	2.76652e-32	3.594e-30	3.96404e-28	3.75026e-26	3.06674e-24	2.17994e-22	1.35244e-20	7.34286e-19	3.49398e-17	1.45758e-15	5.32683e-14	1.7022e-12	4.74149e-11	1.14617e-09	2.39005e-08	4.2654e-07	6.4486e-06	8.15091e-05	0.000846894	0.00707772	0.0462478	0.226283	0.748996	1.35804	1.55233	1.59483	1.60239	1.60354	1.60368	1.6037	1.6037	1.6037	1.6037	1.6037	1.6037	1.6037	1.60369	1.6036	1.60268	1.59576	1.55401	1.35897	0.754263	0.236564	0.0524436	0.00918706	0.00133746	0.000167115	1.83588e-05	1.80675e-06	1.61663e-07	1.33087e-08	1.01786e-09	7.29013e-11	4.92256e-12	3.15148e-13	1.92226e-14	1.12175e-15	6.28557e-17	3.39267e-18	1.7689e-19	8.9312e-21	4.37647e-22	2.08549e-23	9.68143e-25	4.38547e-26	1.94122e-27	8.40805e-29	3.56782e-30	1.48485e-31	6.06704e-33	2.4361e-34	9.62092e-36	3.74014e-37	1.43229e-38	5.40693e-40	2.01337e-41	7.39967e-43	2.68571e-44	9.63146e-46	3.41448e-47	1.19658e-48	0	
0	0	0	0	0	0	0	0	0	1.07374e-51	1.5248e-48	1.04667e-45	4.62517e-43	1.47833e-40	3.64071e-38	7.18572e-36	1.16729e-33	1.59049e-31	1.84317e-29	1.8357e-27	1.58363e-25	1.19035e-23	7.82942e-22	4.5197e-20	2.29404e-18	1.02454e-16	4.025e-15	1.38915e-13	4.20187e-12	1.10992e-10	2.54777e-09	5.04908e-08	8.56575e-07	1.23047e-05	0.000147577	0.00145122	0.0114297	0.0698715	0.314553	0.91341	1.41051	1.56327	1.59672	1.60268	1.60357	1.60369	1.6037	1.6037	1.6037	1.6037	1.6037	1.6037	1.6037	1.6037	1.60363	1.60295	1.59771	1.56562	1.41373	0.917768	0.320545	0.0751296	0.0136531	0.0020436	0.00026107	2.92091e-05	2.91926e-06	2.64706e-07	2.20479e-08	1.70391e-09	1.23193e-10	8.3903e-12	5.41436e-13	3.32694e-14	1.95491e-15	1.10254e-16	5.98771e-18	3.14021e-19	1.59436e-20	7.85446e-22	3.76205e-23	1.75508e-24	7.98802e-26	3.55218e-27	1.54543e-28	6.58618e-30	2.75255e-31	1.12929e-32	4.55251e-34	1.80491e-35	7.04321e-37	2.70721e-38	1.02567e-39	3.83282e-41	1.41354e-42	5.14787e-44	1.85226e-45	6.58794e-47	2.31605e-48	0	
0	0	0	0	0	0	0	0	0	6.44245e-52	9.10073e-49	6.21527e-46	2.73299e-43	8.6941e-41	2.13142e-38	4.18867e-36	6.77657e-34	9.19809e-32	1.06216e-29	1.05444e-27	9.07017e-26	6.80059e-24	4.46377e-22	2.57277e-20	1.30454e-18	5.82425e-17	2.28915e-15	7.9114e-14	2.39896e-12	6.36111e-11	1.46818e-09	2.93166e-08	5.02451e-07	7.31674e-06	8.93633e-05	0.000900412	0.00732862	0.0468868	0.226127	0.744237	1.35733	1.55246	1.59492	1.60242	1.60354	1.60368	1.6037	1.6037	1.6037	1.6037	1.6037	1.6037	1.6037	1.60369	1.6036	1.60271	1.59586	1.55416	1.35824	0.749479	0.236388	0.0530541	0.00944726	0.00140155	0.000178723	2.00541e-05	2.01661e-06	1.84396e-07	1.55123e-08	1.21214e-09	8.86798e-11	6.11476e-12	3.99636e-13	2.48757e-14	1.48089e-15	8.46213e-17	4.65618e-18	2.47395e-19	1.27247e-20	6.34977e-22	3.0803e-23	1.45522e-24	6.70608e-26	3.01893e-27	1.32942e-28	5.73363e-30	2.4246e-31	1.00633e-32	4.10341e-34	1.64525e-35	6.49164e-37	2.52254e-38	9.6602e-40	3.64823e-41	1.35953e-42	5.00213e-44	1.81806e-45	6.53078e-47	2.31847e-48	0	
