1.49013e-103	7.02433e-105	3.2711e-106	1.50538e-107	6.84877e-109	3.0813e-110	1.37134e-111	6.03922e-113	2.63246e-114	1.13608e-115	4.85552e-117	2.05567e-118	8.62314e-120	3.58489e-121	1.47734e-122	6.03632e-124	2.44593e-125	9.83059e-127	3.91981e-128	1.55088e-129	7.12014e-103	1.32352e-96	3.1517e-93	2.65711e-90	1.26002e-87	3.98458e-85	9.15972e-83	1.61065e-80	2.23865e-78	2.51454e-76	2.31778e-74	1.77167e-72	1.13075e-70	6.04896e-69	2.7153e-67	1.02119e-65	3.20363e-64	8.31981e-63	1.76814e-61	3.02562e-60	4.07972e-59	4.22262e-58	3.27489e-57	1.90566e-56	8.78757e-56	3.14932e-55	5.7227e-55	9.97546e-55	2.89986e-54	8.47781e-54	8.58777e-54	5.24988e-54	2.54393e-54	1.23623e-54	5.98551e-55	2.58949e-55	9.5486e-56	3.00216e-56	8.16176e-57	1.94764e-57	4.13366e-58	7.89103e-59	1.36803e-59	2.17204e-60	3.1816e-61	4.32775e-62	5.49831e-63	6.55816e-64	7.37762e-65	7.85992e-66	7.95956e-67	7.68727e-68	7.10178e-69	6.29291e-70	5.36159e-71	4.40215e-72	3.49022e-73	2.67713e-74	1.99003e-75	1.43585e-76	1.00704e-77	6.87478e-79	4.57389e-80	2.96913e-81	1.88259e-82	1.16708e-83	7.08063e-85	4.20772e-86	2.45122e-87	1.40092e-88	7.86053e-90	4.33306e-91	2.34812e-92	1.25167e-93	6.56683e-95	3.39272e-96	1.727e-97	8.6656e-99	4.28812e-100	2.09357e-101	
7.02433e-105	3.34097e-106	1.56969e-107	7.28766e-109	3.34458e-110	1.51781e-111	6.81325e-113	3.02609e-114	1.33022e-115	5.78898e-117	2.49477e-118	1.06493e-119	4.50377e-121	1.88756e-122	7.84139e-124	3.22957e-125	1.31901e-126	5.34306e-128	2.14711e-129	8.56095e-131	1.91696e-104	3.63907e-98	8.72183e-95	7.36974e-92	3.4992e-89	1.10755e-86	2.54795e-84	4.48343e-82	6.23577e-80	7.00923e-78	6.46558e-76	4.94615e-74	3.15955e-72	1.6918e-70	7.60194e-69	2.8621e-67	8.98922e-66	2.33735e-64	4.97381e-63	8.52293e-62	1.15099e-60	1.19345e-59	9.27716e-59	5.4143e-58	2.50426e-57	8.99501e-57	1.64427e-56	2.87312e-56	8.33873e-56	2.44085e-55	2.50444e-55	1.55064e-55	7.57366e-56	3.67473e-56	1.7766e-56	7.71516e-57	2.86581e-57	9.09147e-58	2.49583e-58	6.0169e-59	1.29058e-59	2.49058e-60	4.36607e-61	7.01095e-62	1.03881e-62	1.42949e-63	1.8374e-64	2.2173e-65	2.52364e-66	2.72011e-67	2.78675e-68	2.72268e-69	2.54435e-70	2.28041e-71	1.96503e-72	1.63162e-73	1.3081e-74	1.0145e-75	7.62421e-77	5.56099e-78	3.94237e-79	2.72014e-80	1.82894e-81	1.19972e-82	7.68599e-84	4.81391e-85	2.95038e-86	1.77101e-87	1.04204e-88	6.01457e-90	3.40794e-91	1.8969e-92	1.03786e-93	5.58525e-95	2.95803e-96	1.5426e-97	7.92535e-99	4.01338e-100	2.00415e-101	9.87342e-103	
3.2711e-106	1.56969e-107	7.44007e-109	3.48448e-110	1.61305e-111	7.38324e-113	3.34254e-114	1.49715e-115	6.63651e-117	2.91219e-118	1.26538e-119	5.44572e-121	2.32181e-122	9.80934e-124	4.10763e-125	1.7052e-126	7.01917e-128	2.86555e-129	1.16045e-130	4.66252e-132	5.13601e-106	9.95012e-100	2.39974e-96	2.03213e-93	9.66039e-91	3.06032e-88	7.04541e-86	1.24056e-83	1.72657e-81	1.94204e-79	1.79271e-77	1.37248e-75	8.77462e-74	4.70268e-72	2.11517e-70	7.97187e-69	2.50658e-67	6.52522e-66	1.39028e-64	2.38553e-63	3.22635e-62	3.35124e-61	2.61083e-60	1.52808e-59	7.08853e-59	2.55174e-58	4.69209e-58	8.21813e-58	2.38116e-57	6.9781e-57	7.25065e-57	4.54622e-57	2.23845e-57	1.08494e-57	5.238e-58	2.28282e-58	8.54015e-59	2.73325e-59	7.57595e-60	1.84491e-60	3.99871e-61	7.80001e-62	1.38245e-62	2.24484e-63	3.36403e-64	4.68235e-65	6.08799e-66	7.43183e-67	8.55659e-68	9.32941e-69	9.66813e-70	9.55419e-71	9.03025e-72	8.18519e-73	7.13254e-74	5.98842e-75	4.8542e-76	3.80601e-77	2.89142e-78	2.1317e-79	1.52738e-80	1.06502e-81	7.23594e-83	4.79585e-84	3.1041e-85	1.96399e-86	1.21587e-87	7.37152e-89	4.38033e-90	2.55312e-91	1.46072e-92	8.20896e-94	4.53436e-95	2.46328e-96	1.31683e-97	6.9311e-99	3.5938e-100	1.83652e-101	9.25405e-103	4.59993e-104	
1.50538e-107	7.28766e-109	3.48448e-110	1.64609e-111	7.68576e-113	3.54797e-114	1.61984e-115	7.31632e-117	3.27016e-118	1.44685e-119	6.33824e-121	2.74991e-122	1.18189e-123	5.03328e-125	2.1244e-126	8.88849e-128	3.68738e-129	1.51703e-130	6.19071e-132	2.50634e-133	1.3696e-107	2.70601e-101	6.56601e-98	5.5718e-95	2.65184e-92	8.40779e-90	1.93697e-87	3.41282e-85	4.75288e-83	5.34957e-81	4.94166e-79	3.78613e-77	2.42254e-75	1.29948e-73	5.85031e-72	2.20715e-70	6.94738e-69	1.81063e-67	3.86243e-66	6.63597e-65	8.98784e-64	9.35159e-63	7.30122e-62	4.28515e-61	1.99348e-60	7.19173e-60	1.33012e-59	2.33511e-59	6.75398e-59	1.98148e-58	2.0845e-58	1.32339e-58	6.56968e-59	3.18236e-59	1.5344e-59	6.70985e-60	2.52761e-60	8.15992e-61	2.28332e-61	5.61611e-62	1.22987e-62	2.42457e-63	4.34402e-64	7.13203e-65	1.08078e-65	1.52137e-66	2.00063e-67	2.47016e-68	2.87652e-69	3.17213e-70	3.32472e-71	3.32276e-72	3.17593e-73	2.91096e-74	2.56479e-75	2.17714e-76	1.7841e-77	1.41403e-78	1.0858e-79	8.09047e-81	5.85816e-82	4.12759e-83	2.83348e-84	1.8973e-85	1.24053e-86	7.92824e-88	4.95732e-89	3.03529e-90	1.82136e-91	1.07193e-92	6.19197e-94	3.51302e-95	1.95885e-96	1.07413e-97	5.79553e-99	3.07858e-100	1.61084e-101	8.30635e-103	4.22306e-104	2.11785e-105	
6.84877e-109	3.34458e-110	1.61305e-111	7.68576e-113	3.6192e-114	1.68488e-115	7.75696e-117	3.53277e-118	1.59208e-119	7.10172e-121	3.13636e-122	1.37171e-123	5.94271e-125	2.55089e-126	1.08513e-127	4.57568e-129	1.91294e-130	7.9306e-132	3.26105e-133	1.33026e-134	3.63567e-109	7.32105e-103	1.78691e-99	1.5194e-96	7.23955e-94	2.29718e-91	5.29578e-89	9.33663e-87	1.30107e-84	1.46534e-82	1.35453e-80	1.03855e-78	6.65031e-77	3.57033e-75	1.60885e-73	6.07567e-72	1.91441e-70	4.99482e-69	1.06674e-67	1.83504e-66	2.48886e-65	2.59386e-64	2.02939e-63	1.19428e-62	5.57127e-62	2.01419e-61	3.74674e-61	6.59273e-61	1.90339e-60	5.58999e-60	5.95252e-60	3.82596e-60	1.91516e-60	9.27576e-61	4.46694e-61	1.95964e-61	7.43175e-62	2.4197e-62	6.83458e-63	1.6977e-63	3.75585e-64	7.48221e-65	1.35498e-65	2.24893e-66	3.44576e-67	4.9047e-68	6.52232e-69	8.1439e-70	9.59071e-71	1.06956e-71	1.1336e-72	1.14562e-73	1.10718e-74	1.02604e-75	9.13956e-77	7.84279e-78	6.49649e-79	5.20423e-80	4.03873e-81	3.04108e-82	2.22502e-83	1.58398e-84	1.09853e-85	7.43064e-87	4.90748e-88	3.16772e-89	2.00032e-90	1.23679e-91	7.49365e-93	4.45277e-94	2.5967e-95	1.48719e-96	8.37032e-98	4.6325e-99	2.52254e-100	1.35221e-101	7.13939e-103	3.7145e-104	1.90531e-105	9.63938e-107	
3.0813e-110	1.51781e-111	7.38324e-113	3.54797e-114	1.68488e-115	7.90963e-117	3.67183e-118	1.68608e-119	7.6608e-121	3.445e-122	1.5337e-123	6.76143e-125	2.95253e-126	1.27734e-127	5.47623e-129	2.32707e-130	9.80356e-132	4.09537e-133	1.69678e-134	6.97362e-136	9.60856e-111	1.97077e-104	4.8378e-101	4.12154e-98	1.96594e-95	6.24297e-93	1.44015e-90	2.54056e-88	3.54241e-86	3.99214e-84	3.69265e-82	2.83324e-80	1.81564e-78	9.75558e-77	4.39992e-75	1.66316e-73	5.24579e-72	1.37012e-70	2.92945e-69	5.04546e-68	6.85239e-67	7.15289e-66	5.60773e-65	3.30875e-64	1.54768e-63	5.6071e-63	1.04896e-62	1.8499e-62	5.33084e-62	1.56714e-61	1.68882e-61	1.09879e-61	5.54665e-62	2.6872e-62	1.29265e-62	5.68805e-63	2.17127e-63	7.12874e-64	2.03225e-64	5.09745e-65	1.13914e-65	2.29291e-66	4.19639e-67	7.04018e-68	1.09048e-68	1.56931e-69	2.11006e-70	2.664e-71	3.17225e-72	3.57707e-73	3.83336e-74	3.91682e-75	3.82706e-76	3.58536e-77	3.2284e-78	2.80022e-79	2.34435e-80	1.89796e-81	1.48842e-82	1.13245e-83	8.37137e-85	6.02066e-86	4.21795e-87	2.88184e-88	1.92229e-89	1.2531e-90	7.99055e-92	4.98855e-93	3.05166e-94	1.83063e-95	1.07766e-96	6.2299e-98	3.53896e-99	1.97666e-100	1.08618e-101	5.87522e-103	3.12984e-104	1.64289e-105	8.50137e-107	4.33865e-108	
1.37134e-111	6.81325e-113	3.34254e-114	1.61984e-115	7.75696e-117	3.67183e-118	1.71863e-119	7.95654e-121	3.64448e-122	1.65211e-123	7.41397e-125	3.29446e-126	1.44993e-127	6.32183e-129	2.73132e-130	1.16958e-131	4.96488e-133	2.08977e-134	8.7234e-136	3.61203e-137	2.52857e-112	5.27944e-106	1.3032e-102	1.11234e-99	5.31131e-97	1.6879e-94	3.89615e-92	6.87717e-90	9.59469e-88	1.08193e-85	1.0014e-83	7.6886e-82	4.93077e-80	2.65145e-78	1.19687e-76	4.52829e-75	1.42966e-73	3.73791e-72	8.00076e-71	1.37961e-69	1.87615e-68	1.96147e-67	1.54081e-66	9.11448e-66	4.27449e-65	1.55182e-64	2.91943e-64	5.16009e-64	1.4841e-63	4.36699e-63	4.76157e-63	3.13556e-63	1.59632e-63	7.73903e-64	3.71914e-64	1.64125e-64	6.30486e-65	2.08707e-65	6.00428e-66	1.5206e-66	3.43211e-67	6.97925e-68	1.2907e-68	2.18846e-69	3.42637e-70	4.98464e-71	6.77566e-72	8.64851e-73	1.04118e-73	1.18696e-74	1.28596e-75	1.32831e-76	1.31198e-77	1.2424e-78	1.13073e-79	9.91215e-81	8.38632e-82	6.86077e-83	5.4364e-84	4.17895e-85	3.12084e-86	2.26729e-87	1.6044e-88	1.10712e-89	7.45792e-91	4.9093e-92	3.16089e-93	1.99236e-94	1.23043e-95	7.45089e-97	4.42734e-98	2.5832e-99	1.48093e-100	8.34717e-102	4.62832e-103	2.52595e-104	1.35759e-105	7.18903e-107	3.7526e-108	1.93174e-109	
6.03922e-113	3.02609e-114	1.49715e-115	7.31632e-117	3.53277e-118	1.68608e-119	7.95654e-121	3.71349e-122	1.71468e-123	7.83516e-125	3.54401e-126	1.58721e-127	7.04012e-129	3.09337e-130	1.34676e-131	5.81104e-133	2.4855e-134	1.05405e-135	4.43281e-137	1.84907e-138	6.62659e-114	1.40766e-107	3.49353e-104	2.98728e-101	1.42784e-98	4.54086e-96	1.04879e-93	1.85229e-91	2.58567e-89	2.91737e-87	2.70189e-85	2.07585e-83	1.33222e-81	7.16934e-80	3.23895e-78	1.22652e-76	3.87601e-75	1.01441e-73	2.17358e-72	3.75227e-71	5.10926e-70	5.3497e-69	4.21053e-68	2.49688e-67	1.17397e-66	4.2707e-66	8.07917e-66	1.43113e-65	4.10797e-65	1.20984e-64	1.33445e-64	8.89282e-65	4.56629e-65	2.21612e-65	1.06409e-65	4.70868e-66	1.82e-66	6.07333e-67	1.76301e-67	4.50751e-68	1.02744e-68	2.11052e-69	3.94348e-70	6.75678e-71	1.06915e-71	1.57212e-72	2.16012e-73	2.78713e-74	3.39186e-75	3.90876e-76	4.28064e-77	4.46935e-78	4.46184e-79	4.27037e-80	3.92778e-81	3.47947e-82	2.97468e-83	2.45884e-84	1.96843e-85	1.5286e-86	1.15313e-87	8.46168e-89	6.04741e-90	4.21424e-91	2.86664e-92	1.90533e-93	1.23856e-94	7.88134e-96	4.9133e-97	3.00315e-98	1.80105e-99	1.06053e-100	6.13544e-102	3.4895e-103	1.95221e-104	1.07491e-105	5.82815e-107	3.11325e-108	1.63918e-109	8.51061e-111	
2.63246e-114	1.33022e-115	6.63651e-117	3.27016e-118	1.59208e-119	7.6608e-121	3.64448e-122	1.71468e-123	7.98078e-125	3.67574e-126	1.67571e-127	7.56348e-129	3.38082e-130	1.49694e-131	6.56703e-133	2.85505e-134	1.23035e-135	5.25664e-137	2.22708e-138	9.35825e-140	1.72965e-115	3.73623e-109	9.32126e-106	7.98445e-103	3.82007e-100	1.21572e-97	2.80956e-95	4.96473e-93	6.9342e-91	7.82816e-89	7.2543e-87	5.57704e-85	3.58165e-83	1.92892e-81	8.72143e-80	3.30547e-78	1.04554e-76	2.73897e-75	5.87482e-74	1.0153e-72	1.38419e-71	1.45147e-70	1.14454e-69	6.80368e-69	3.20688e-68	1.16895e-67	2.22356e-67	3.94736e-67	1.13077e-66	3.33299e-66	3.71815e-66	2.50715e-66	1.29852e-66	6.311e-67	3.02815e-67	1.34346e-67	5.22384e-68	1.757e-68	5.14578e-69	1.32804e-69	3.0567e-70	6.34188e-71	1.1971e-71	2.07243e-72	3.31381e-73	4.92448e-74	6.83863e-75	8.91826e-76	1.09698e-76	1.27772e-77	1.41426e-78	1.49236e-79	1.50568e-80	1.45629e-81	1.35352e-82	1.21154e-83	1.04649e-84	8.73911e-86	7.06748e-87	5.54382e-88	4.22405e-89	3.13045e-90	2.25934e-91	1.58986e-92	1.09195e-93	7.32751e-95	4.80865e-96	3.08879e-97	1.94361e-98	1.19902e-99	7.25696e-101	4.31216e-102	2.51727e-103	1.44452e-104	8.15328e-106	4.5289e-107	2.47703e-108	1.33464e-109	7.08751e-111	3.71122e-112	
1.13608e-115	5.78898e-117	2.91219e-118	1.44685e-119	7.10172e-121	3.445e-122	1.65211e-123	7.83516e-125	3.67574e-126	1.70629e-127	7.83949e-129	3.56588e-130	1.60619e-131	7.16615e-133	3.16761e-134	1.3875e-135	6.02395e-137	2.5928e-138	1.10658e-139	4.68385e-141	4.4971e-117	9.87309e-111	2.47576e-107	2.12428e-104	1.01729e-101	3.23968e-99	7.49124e-97	1.32446e-94	1.85084e-92	2.0906e-90	1.93847e-88	1.49121e-86	9.5832e-85	5.16484e-83	2.33706e-81	8.865e-80	2.80653e-78	7.35909e-77	1.58002e-75	2.73357e-74	3.73125e-73	3.91822e-72	3.09538e-71	1.84438e-70	8.71446e-70	3.18285e-69	6.08729e-69	1.08297e-68	3.09591e-68	9.13241e-68	1.03018e-67	7.02788e-68	3.67164e-68	1.78762e-68	8.57255e-69	3.81274e-69	1.49113e-69	5.05427e-70	1.49325e-70	3.88972e-71	9.03931e-72	1.89401e-72	3.61129e-73	6.31612e-74	1.02044e-74	1.53233e-75	2.1504e-76	2.83404e-77	3.52295e-78	4.14689e-79	4.6386e-80	4.94639e-81	5.04291e-82	4.92843e-83	4.62819e-84	4.18544e-85	3.65231e-86	3.081e-87	2.51681e-88	1.99398e-89	1.53438e-90	1.14833e-91	8.36879e-93	5.946e-94	4.12307e-95	2.79311e-96	1.85027e-97	1.19962e-98	7.61864e-100	4.74319e-101	2.89696e-102	1.73697e-103	1.02306e-104	5.92299e-106	3.37257e-107	1.88973e-108	1.04253e-109	5.66549e-111	3.03427e-112	1.60227e-113	
4.85552e-117	2.49477e-118	1.26538e-119	6.33824e-121	3.13636e-122	1.5337e-123	7.41397e-125	3.54401e-126	1.67571e-127	7.83949e-129	3.62978e-130	1.66376e-131	7.5514e-133	3.39466e-134	1.51181e-135	6.67163e-137	2.91803e-138	1.26521e-139	5.43924e-141	2.319e-142	1.16482e-118	2.59787e-112	6.54673e-109	5.62651e-106	2.69692e-103	8.59423e-101	1.98837e-98	3.51728e-96	4.91766e-94	5.55764e-92	5.15613e-90	3.96887e-88	2.55225e-86	1.3765e-84	6.23332e-83	2.36635e-81	7.49797e-80	1.96786e-78	4.22915e-77	7.32442e-76	1.00094e-74	1.05257e-73	8.33017e-73	4.97495e-72	2.35617e-71	8.6225e-71	1.65795e-70	2.95591e-70	8.43236e-70	2.48923e-69	2.83889e-69	1.9591e-69	1.03246e-69	5.03728e-70	2.41464e-70	1.07649e-70	4.23378e-71	1.44599e-71	4.30901e-72	1.13277e-72	2.65758e-73	5.62297e-74	1.08283e-74	1.91308e-75	3.12254e-76	4.7375e-77	6.71769e-78	8.94595e-79	1.12371e-79	1.33658e-80	1.51069e-81	1.62772e-82	1.67671e-83	1.65557e-84	1.57068e-85	1.43491e-86	1.26483e-87	1.07772e-88	8.89154e-90	7.11426e-91	5.52828e-92	4.17771e-93	3.07408e-94	2.20507e-95	1.54358e-96	1.05553e-97	7.05765e-99	4.61826e-100	2.95995e-101	1.8596e-102	1.14604e-103	6.93302e-105	4.11979e-106	2.40616e-107	1.38205e-108	7.81106e-110	4.34624e-111	2.38205e-112	1.28654e-113	6.85062e-115	
2.05567e-118	1.06493e-119	5.44572e-121	2.74991e-122	1.37171e-123	6.76143e-125	3.29446e-126	1.58721e-127	7.56348e-129	3.56588e-130	1.66376e-131	7.68433e-133	3.51418e-134	1.59166e-135	7.14142e-137	3.17488e-138	1.39885e-139	6.10952e-141	2.64559e-142	1.13607e-143	3.00599e-120	6.80743e-114	1.72379e-110	1.48383e-107	7.11862e-105	2.26992e-102	5.25451e-100	9.29946e-98	1.30084e-95	1.47089e-93	1.36538e-91	1.0516e-89	6.76683e-88	3.65205e-86	1.65501e-84	6.28784e-83	1.99401e-81	5.23795e-80	1.12675e-78	1.9534e-77	2.67251e-76	2.8142e-75	2.23111e-74	1.33547e-73	6.3395e-73	2.32445e-72	4.4933e-72	8.02792e-72	2.28525e-71	6.75066e-71	7.78225e-71	5.43193e-71	2.88782e-71	1.4123e-71	6.7682e-72	3.02428e-72	1.19593e-72	4.11501e-73	1.2367e-73	3.28065e-74	7.7693e-75	1.65976e-75	3.22781e-76	5.75987e-77	9.49664e-78	1.45557e-78	2.08523e-79	2.8056e-80	3.56063e-81	4.27898e-82	4.88638e-83	5.31917e-84	5.53548e-85	5.52152e-86	5.2916e-87	4.883e-88	4.34736e-89	3.74111e-90	3.11706e-91	2.51847e-92	1.97607e-93	1.50773e-94	1.12005e-95	8.11057e-97	5.73099e-98	3.95558e-99	2.66934e-100	1.76276e-101	1.14009e-102	7.2273e-104	4.49395e-105	2.74279e-106	1.6442e-107	9.68682e-109	5.61211e-110	3.19911e-111	1.79522e-112	9.92224e-114	5.40393e-115	2.90144e-116	
8.62314e-120	4.50377e-121	2.32181e-122	1.18189e-123	5.94271e-125	2.95253e-126	1.44993e-127	7.04012e-129	3.38082e-130	1.60619e-131	7.5514e-133	3.51418e-134	1.61919e-135	7.38852e-137	3.33966e-138	1.49565e-139	6.638e-141	2.92021e-142	1.27364e-143	5.50838e-145	7.7297e-122	1.77666e-115	4.52004e-112	3.89681e-109	1.87107e-106	5.96992e-104	1.38266e-101	2.44822e-99	3.42633e-97	3.87617e-95	3.60003e-93	2.7743e-91	1.78631e-89	9.64711e-88	4.37494e-86	1.66343e-84	5.27939e-83	1.388e-81	2.98851e-80	5.18616e-79	7.10326e-78	7.48986e-77	5.94819e-76	3.5682e-75	1.69767e-74	6.2366e-74	1.21192e-73	2.16982e-73	6.16332e-73	1.82181e-72	2.12256e-72	1.49828e-72	8.03555e-73	3.94033e-73	1.88816e-73	8.45551e-74	3.36138e-74	1.16506e-74	3.53078e-75	9.45026e-76	2.2589e-76	4.8719e-77	9.56705e-78	1.7241e-78	2.87113e-79	4.44515e-80	6.43284e-81	8.74357e-82	1.12101e-82	1.36096e-83	1.57002e-84	1.72649e-85	1.81493e-86	1.82864e-87	1.7701e-88	1.64973e-89	1.48334e-90	1.28906e-91	1.08454e-92	8.84776e-94	7.00912e-95	5.39903e-96	4.04884e-97	2.95944e-98	2.11067e-99	1.47029e-100	1.0013e-101	6.67247e-103	4.35446e-104	2.78512e-105	1.74716e-106	1.07574e-107	6.50494e-109	3.86558e-110	2.25878e-111	1.29856e-112	7.3486e-114	4.09564e-115	2.24915e-116	1.21756e-117	
3.58489e-121	1.88756e-122	9.80934e-124	5.03328e-125	2.55089e-126	1.27734e-127	6.32183e-129	3.09337e-130	1.49694e-131	7.16615e-133	3.39466e-134	1.59166e-135	7.38852e-137	3.39645e-138	1.54652e-139	6.97666e-141	3.11885e-142	1.38194e-143	6.07044e-145	2.64406e-146	1.98073e-123	4.61881e-117	1.18047e-113	1.01921e-110	4.89782e-108	1.56365e-105	3.6233e-103	6.41865e-101	8.98722e-99	1.01721e-96	9.45236e-95	7.28838e-93	4.69564e-91	2.53757e-89	1.15158e-87	4.38178e-86	1.39178e-84	3.66219e-83	7.89208e-82	1.37088e-80	1.87968e-79	1.98457e-78	1.57872e-77	9.4908e-77	4.52549e-76	1.66564e-75	3.2536e-75	5.83738e-75	1.65447e-74	4.89336e-74	5.76083e-74	4.11194e-74	2.22475e-74	1.09414e-74	5.24337e-75	2.35305e-75	9.40232e-76	3.28218e-76	1.00291e-76	2.7081e-77	6.53287e-78	1.42231e-78	2.81996e-79	5.13169e-80	8.6304e-81	1.34953e-81	1.97263e-82	2.70827e-83	3.50738e-84	4.30117e-85	5.01202e-86	5.56703e-87	5.91096e-88	6.01511e-89	5.88042e-90	5.53469e-91	5.02531e-92	4.40972e-93	3.746e-94	3.08539e-95	2.46754e-96	1.91871e-97	1.45239e-98	1.07149e-99	7.71253e-101	5.42178e-102	3.72592e-103	2.50528e-104	1.64957e-105	1.06443e-106	6.73615e-108	4.18367e-109	2.55175e-110	1.5294e-111	9.0129e-113	5.22523e-114	2.98177e-115	1.67566e-116	9.27789e-118	5.0636e-119	
1.47734e-122	7.84139e-124	4.10763e-125	2.1244e-126	1.08513e-127	5.47623e-129	2.73132e-130	1.34676e-131	6.56703e-133	3.16761e-134	1.51181e-135	7.14142e-137	3.33966e-138	1.54652e-139	7.09332e-141	3.22316e-142	1.45127e-143	6.47648e-145	2.86513e-146	1.25675e-147	5.05849e-125	1.19622e-118	3.07092e-115	2.65524e-112	1.27699e-109	4.07921e-107	9.45696e-105	1.67606e-102	2.34785e-100	2.65866e-98	2.47178e-96	1.90694e-94	1.22929e-92	6.64741e-91	3.01873e-89	1.14946e-87	3.65383e-86	9.62212e-85	2.07537e-83	3.60839e-82	4.95287e-81	5.23592e-80	4.172e-79	2.51336e-78	1.20103e-77	4.42876e-77	8.6956e-77	1.56334e-76	4.42113e-76	1.30834e-75	1.55613e-75	1.12301e-75	6.12959e-76	3.0242e-76	1.4496e-76	6.51869e-77	2.61773e-77	9.2021e-78	2.83468e-78	7.72131e-79	1.87961e-79	4.1305e-80	8.26748e-81	1.51906e-81	2.57974e-82	4.07377e-83	6.01386e-84	8.33896e-85	1.09074e-85	1.35098e-86	1.58997e-87	1.78363e-88	1.91262e-89	1.96555e-90	1.94043e-91	1.84421e-92	1.69075e-93	1.49795e-94	1.28469e-95	1.06821e-96	8.62368e-98	6.76845e-99	5.17113e-100	3.85019e-101	2.79671e-102	1.98389e-103	1.37564e-104	9.3324e-106	6.19928e-107	4.03542e-108	2.57606e-109	1.61377e-110	9.92737e-112	6.00067e-113	3.56611e-114	2.08477e-115	1.19956e-116	6.79672e-118	3.79403e-119	2.08748e-120	
6.03632e-124	3.22957e-125	1.7052e-126	8.88849e-128	4.57568e-129	2.32707e-130	1.16958e-131	5.81104e-133	2.85505e-134	1.3875e-135	6.67163e-137	3.17488e-138	1.49565e-139	6.97666e-141	3.22316e-142	1.47514e-143	6.68952e-145	3.00649e-146	1.33943e-147	5.91636e-149	1.28762e-126	3.08672e-120	7.95859e-117	6.89093e-114	3.31664e-111	1.06005e-108	2.45872e-106	4.35953e-104	6.1096e-102	6.9216e-100	6.43826e-98	4.96964e-96	3.20546e-94	1.73443e-92	7.88158e-91	3.00323e-89	9.55362e-88	2.51787e-86	5.43532e-85	9.45887e-84	1.29967e-82	1.37566e-81	1.09789e-80	6.62769e-80	3.17382e-79	1.1725e-78	2.31387e-78	4.16857e-78	1.17625e-77	3.48264e-77	4.18419e-77	3.05256e-77	1.68086e-77	8.32138e-78	3.99032e-78	1.79799e-78	7.25518e-79	2.56792e-79	7.97377e-80	2.19071e-80	5.3809e-81	1.19341e-81	2.41121e-82	4.47272e-83	7.66934e-84	1.22292e-84	1.82306e-85	2.55282e-86	3.37211e-87	4.21793e-88	5.01311e-89	5.67912e-90	6.14963e-91	6.38162e-92	6.36136e-93	6.1044e-94	5.65026e-95	5.0538e-96	4.37543e-97	3.6724e-98	2.99248e-99	2.37051e-100	1.82777e-101	1.37331e-102	1.0066e-103	7.20477e-105	5.04043e-106	3.44973e-107	2.3117e-108	1.51792e-109	9.77359e-111	6.17519e-112	3.83109e-113	2.33528e-114	1.39944e-115	8.2492e-117	4.78563e-118	2.73373e-119	1.53839e-120	8.53237e-122	
2.44593e-125	1.31901e-126	7.01917e-128	3.68738e-129	1.91294e-130	9.80356e-132	4.96488e-133	2.4855e-134	1.23035e-135	6.02395e-137	2.91803e-138	1.39885e-139	6.638e-141	3.11885e-142	1.45127e-143	6.68952e-145	3.05514e-146	1.38277e-147	6.20356e-149	2.75923e-150	3.26709e-128	7.9365e-122	2.05496e-118	1.78169e-115	8.58182e-113	2.74438e-110	6.36832e-108	1.12965e-105	1.58381e-103	1.79512e-101	1.67057e-99	1.29016e-97	8.3263e-96	4.50793e-94	2.04981e-92	7.81605e-91	2.48818e-89	6.56268e-88	1.41785e-86	2.46963e-85	3.39676e-84	3.59975e-83	2.87743e-82	1.74053e-81	8.35226e-81	3.09119e-80	6.13117e-80	1.10683e-79	3.11613e-79	9.23057e-79	1.12005e-78	8.25954e-79	4.58814e-79	2.27974e-79	1.09381e-79	4.93821e-80	2.00201e-80	7.13361e-81	2.23255e-81	6.18599e-82	1.53295e-82	3.43095e-83	6.99668e-84	1.31014e-84	2.26799e-85	3.65135e-86	5.49608e-87	7.77119e-88	1.03655e-88	1.30922e-89	1.57124e-90	1.79733e-91	1.96514e-92	2.059e-93	2.07222e-94	2.00756e-95	1.8759e-96	1.69374e-97	1.48017e-98	1.25394e-99	1.03124e-100	8.24417e-102	6.41464e-103	4.86337e-104	3.59675e-105	2.59734e-106	1.83317e-107	1.26566e-108	8.55517e-110	5.66606e-111	3.67954e-112	2.3446e-113	1.46686e-114	9.01623e-116	5.44795e-117	3.23783e-118	1.89373e-119	1.09054e-120	6.18636e-122	3.45855e-123	
9.83059e-127	5.34306e-128	2.86555e-129	1.51703e-130	7.9306e-132	4.09537e-133	2.08977e-134	1.05405e-135	5.25664e-137	2.5928e-138	1.26521e-139	6.10952e-141	2.92021e-142	1.38194e-143	6.47648e-145	3.00649e-146	1.38277e-147	6.30234e-149	2.8471e-150	1.27509e-151	8.26381e-130	2.03354e-123	5.28708e-120	4.59003e-117	2.21247e-114	7.07899e-112	1.64341e-109	2.9164e-107	4.09064e-105	4.63843e-103	4.31862e-101	3.3369e-99	2.1547e-97	1.16725e-95	5.31097e-94	2.02646e-92	6.45563e-91	1.70398e-89	3.68435e-88	6.42306e-87	8.84309e-86	9.38276e-85	7.51162e-84	4.55268e-83	2.18914e-82	8.11671e-82	1.61795e-81	2.92676e-81	8.22129e-81	2.43635e-80	2.98529e-80	2.22493e-80	1.24683e-80	6.2191e-81	2.98609e-81	1.35071e-81	5.50093e-82	1.973e-82	6.22265e-83	1.73869e-83	4.34654e-84	9.81614e-85	2.02025e-85	3.81836e-86	6.67253e-87	1.08449e-87	1.64808e-88	2.35277e-89	3.16854e-90	4.04072e-91	4.89624e-92	5.65476e-93	6.24214e-94	6.60289e-95	6.70861e-96	6.56086e-97	6.18835e-98	5.63977e-99	4.97448e-100	4.2531e-101	3.52987e-102	2.84763e-103	2.23572e-104	1.71026e-105	1.27611e-106	9.29665e-108	6.61899e-109	4.60964e-110	3.14278e-111	2.09928e-112	1.37486e-113	8.83444e-115	5.57337e-116	3.45418e-117	2.10433e-118	1.26087e-119	7.43433e-121	4.31566e-122	2.46771e-123	1.39053e-124	
3.91981e-128	2.14711e-129	1.16045e-130	6.19071e-132	3.26105e-133	1.69678e-134	8.7234e-136	4.43281e-137	2.22708e-138	1.10658e-139	5.43924e-141	2.64559e-142	1.27364e-143	6.07044e-145	2.86513e-146	1.33943e-147	6.20356e-149	2.8471e-150	1.29508e-151	5.83989e-153	2.08392e-131	5.19286e-125	1.35555e-121	1.17834e-118	5.6838e-116	1.81951e-113	4.22588e-111	7.50233e-109	1.05273e-106	1.19422e-104	1.11239e-102	8.59939e-101	5.55573e-99	3.01139e-97	1.37101e-95	5.23463e-94	1.66874e-92	4.4079e-91	9.53822e-90	1.66425e-88	2.29351e-87	2.43633e-86	1.95342e-85	1.18623e-84	5.71533e-84	2.12288e-83	4.25261e-83	7.70835e-83	2.16036e-82	6.40465e-82	7.92342e-82	5.96762e-82	3.37363e-82	1.68956e-82	8.11968e-83	3.67973e-83	1.50526e-83	5.43363e-84	1.7268e-84	4.86497e-85	1.22677e-85	2.79528e-86	5.80541e-87	1.1074e-87	1.95328e-88	3.20465e-89	4.91627e-90	7.08529e-91	9.63314e-92	1.24023e-92	1.51717e-93	1.76892e-94	1.97123e-95	2.1049e-96	2.15877e-97	2.13104e-98	2.02879e-99	1.86609e-100	1.66112e-101	1.43323e-102	1.20032e-103	9.77068e-105	7.73985e-106	5.97341e-107	4.49637e-108	3.30438e-109	2.37308e-110	1.66693e-111	1.14621e-112	7.72138e-114	5.09949e-115	3.30418e-116	2.1018e-117	1.31334e-118	8.06643e-120	4.87241e-121	2.89597e-122	1.69454e-123	9.76622e-125	5.54644e-126	
1.55088e-129	8.56095e-131	4.66252e-132	2.50634e-133	1.33026e-134	6.97362e-136	3.61203e-137	1.84907e-138	9.35825e-140	4.68385e-141	2.319e-142	1.13607e-143	5.50838e-145	2.64406e-146	1.25675e-147	5.91636e-149	2.75923e-150	1.27509e-151	5.83989e-153	2.65133e-154	5.23956e-133	1.3217e-126	3.46373e-123	3.01465e-120	1.45514e-117	4.66053e-115	1.08288e-112	1.92324e-110	2.69979e-108	3.06393e-106	2.85524e-104	2.20832e-102	1.42744e-100	7.74152e-99	3.52662e-97	1.34735e-95	4.29807e-94	1.13613e-92	2.46033e-91	4.29641e-90	5.92652e-89	6.3028e-88	5.06103e-87	3.07919e-86	1.48648e-85	5.53113e-85	1.11344e-84	2.02233e-84	5.65489e-84	3.67002e-34	1.46801e-34	3.08281e-35	4.52146e-36	5.19968e-37	4.99169e-38	4.15974e-39	3.09009e-40	2.08581e-41	1.29784e-42	7.52747e-44	4.10589e-45	2.12138e-46	1.04437e-47	4.92346e-49	2.23197e-50	9.76487e-52	4.13571e-53	1.70024e-54	6.80094e-56	2.65237e-57	1.01043e-58	3.76613e-60	1.37546e-61	4.92872e-63	1.73491e-64	6.00546e-66	2.0463e-67	6.86973e-69	2.27412e-70	7.42879e-72	2.39638e-73	7.63847e-75	2.40728e-76	7.50504e-78	2.31584e-79	7.07618e-81	2.14198e-82	6.42593e-84	1.9113e-85	5.63835e-87	1.65025e-88	4.79358e-90	1.38233e-91	3.9585e-93	1.12597e-94	3.1821e-96	8.93696e-98	2.4949e-99	6.92462e-101	1.9112e-102	
7.12014e-103	1.91696e-104	5.13601e-106	1.3696e-107	3.63567e-109	9.60856e-111	2.52857e-112	6.62659e-114	1.72965e-115	4.4971e-117	1.16482e-118	3.00599e-120	7.7297e-122	1.98073e-123	5.05849e-125	1.28762e-126	3.26709e-128	8.26381e-130	2.08392e-131	5.23956e-133	2.62716e-134	3.35328e-128	8.82149e-125	7.68701e-122	3.71291e-119	1.18975e-116	2.76555e-114	4.91363e-112	6.9003e-110	7.83417e-108	7.30375e-106	5.65155e-104	3.65497e-102	1.98329e-100	9.04004e-99	3.45589e-97	1.10316e-95	2.91807e-94	6.32391e-93	1.10523e-91	1.52598e-90	1.62469e-89	1.3065e-88	7.9637e-88	3.85187e-87	3.67002e-34	5.13802e-34	5.4463e-34	7.88918e-33	4.21395e-31	1.68332e-31	3.57456e-32	5.709e-33	1.14285e-33	2.39653e-34	4.06673e-35	5.44816e-36	5.98156e-37	5.58875e-38	4.5768e-39	3.35926e-40	2.24774e-41	1.38935e-42	8.01649e-44	4.35443e-45	2.2421e-46	1.10065e-47	5.17624e-49	2.34168e-50	1.02264e-51	4.32433e-53	1.7753e-54	7.09235e-56	2.76294e-57	1.05149e-58	3.91563e-60	1.42887e-61	5.11626e-63	1.79967e-64	6.22566e-66	2.12008e-67	7.11353e-69	2.35363e-70	7.68487e-72	2.47789e-73	7.89501e-75	2.48716e-76	7.75124e-78	2.39099e-79	7.30343e-81	2.21009e-82	6.62834e-84	1.97096e-85	5.81282e-87	1.70089e-88	4.93951e-90	1.4241e-91	4.07722e-93	1.1595e-94	3.27621e-96	
1.32352e-96	3.63907e-98	9.95012e-100	2.70601e-101	7.32105e-103	1.97077e-104	5.27944e-106	1.40766e-107	3.73623e-109	9.87309e-111	2.59787e-112	6.80743e-114	1.77666e-115	4.61881e-117	1.19622e-118	3.08672e-120	7.9365e-122	2.03354e-123	5.19286e-125	1.3217e-126	3.35328e-128	1.69623e-129	2.2395e-126	1.95376e-123	9.44298e-121	3.02729e-118	7.0397e-116	1.25124e-113	1.75781e-111	1.9965e-109	1.86211e-107	1.44154e-105	9.32728e-104	5.06392e-102	2.3095e-100	8.83425e-99	2.82181e-97	7.46928e-96	1.61989e-94	2.83333e-93	3.91551e-92	4.17341e-91	3.36086e-90	3.67002e-34	7.85383e-33	4.2873e-31	5.96518e-31	7.01445e-31	8.60522e-30	2.29686e-28	9.16581e-29	1.97107e-29	3.43201e-30	9.51359e-31	2.40163e-31	4.41278e-32	6.18789e-33	7.03974e-34	6.79463e-35	5.74187e-36	4.3462e-37	2.99725e-38	1.90802e-39	1.13286e-40	6.32601e-42	3.34517e-43	1.6847e-44	8.11962e-46	3.76049e-47	1.67953e-48	7.2561e-50	3.0406e-51	1.23876e-52	4.91695e-54	1.90502e-55	7.21646e-57	2.67683e-58	9.73593e-60	3.47638e-61	1.21999e-62	4.21211e-64	1.43207e-65	4.79863e-67	1.58598e-68	5.17393e-70	1.66714e-71	5.30904e-73	1.67187e-74	5.2091e-76	1.6066e-77	4.90721e-79	1.48502e-80	4.45424e-82	1.32471e-83	3.90775e-85	1.14376e-86	3.32261e-88	9.58269e-90	2.74459e-91	7.80845e-93	
3.1517e-93	8.72183e-95	2.39974e-96	6.56601e-98	1.78691e-99	4.8378e-101	1.3032e-102	3.49353e-104	9.32126e-106	2.47576e-107	6.54673e-109	1.72379e-110	4.52004e-112	1.18047e-113	3.07092e-115	7.95859e-117	2.05496e-118	5.28708e-120	1.35555e-121	3.46373e-123	8.82149e-125	2.2395e-126	1.13351e-127	4.95023e-125	2.39401e-122	7.67837e-120	1.78624e-117	3.17603e-115	4.46353e-113	5.07159e-111	4.73218e-109	3.665e-107	2.37253e-105	1.28875e-103	5.88083e-102	2.25085e-100	7.1941e-99	1.90554e-97	4.13554e-96	7.23907e-95	1.00129e-93	1.0684e-92	7.70703e-33	4.98429e-31	8.63459e-30	2.37706e-28	3.29135e-28	4.19419e-28	4.44501e-27	7.90135e-26	3.15107e-26	6.8738e-27	1.3061e-27	4.52666e-28	1.24406e-28	2.37289e-29	3.4236e-30	4.00338e-31	3.97152e-32	3.44816e-33	2.67911e-34	1.89407e-35	1.23425e-36	7.48976e-38	4.26793e-39	2.2996e-40	1.17839e-41	5.77116e-43	2.71274e-44	1.22831e-45	5.37453e-47	2.27884e-48	9.38633e-50	3.76382e-51	1.47216e-52	5.62635e-54	2.10437e-55	7.71346e-57	2.77435e-58	9.80298e-60	3.40642e-61	1.16519e-62	3.92678e-64	1.30487e-65	4.27871e-67	1.38538e-68	4.43214e-70	1.40184e-71	4.38596e-73	1.35809e-74	4.16384e-76	1.2646e-77	3.80617e-79	1.1357e-80	3.36073e-82	9.86619e-84	2.8744e-85	8.31299e-87	2.38727e-88	6.80922e-90	
2.65711e-90	7.36974e-92	2.03213e-93	5.5718e-95	1.5194e-96	4.12154e-98	1.11234e-99	2.98728e-101	7.98445e-103	2.12428e-104	5.62651e-106	1.48383e-107	3.89681e-109	1.01921e-110	2.65524e-112	6.89093e-114	1.78169e-115	4.59003e-117	1.17834e-118	3.01465e-120	7.68701e-122	1.95376e-123	4.95023e-125	2.50064e-126	6.05093e-124	1.9415e-121	4.51827e-119	8.03665e-117	1.12986e-114	1.28427e-112	1.19881e-110	9.28862e-109	6.01579e-107	3.2694e-105	1.4927e-103	5.71652e-102	1.82821e-100	4.84562e-99	1.05237e-97	1.84352e-96	2.55215e-95	7.74373e-32	8.88516e-30	3.09723e-28	4.49498e-27	8.31651e-26	1.14714e-25	1.5555e-25	1.44527e-24	1.92378e-23	7.67051e-24	1.70059e-24	3.52923e-25	1.44296e-25	4.16502e-26	8.15321e-27	1.20594e-27	1.44714e-28	1.47333e-29	1.31145e-30	1.04295e-31	7.53253e-33	5.00454e-34	3.09048e-35	1.78902e-36	9.77705e-38	5.0745e-39	2.51408e-40	1.19415e-41	5.45852e-43	2.40909e-44	1.02955e-45	4.2713e-47	1.72412e-48	6.78485e-50	2.60769e-51	9.80423e-53	3.6111e-54	1.30468e-55	4.62936e-57	1.61495e-58	5.54434e-60	1.87492e-61	6.25051e-63	2.0558e-64	6.67549e-66	2.14142e-67	6.79048e-69	2.1297e-70	6.60967e-72	2.03093e-73	6.18099e-75	1.86402e-76	5.57242e-78	1.65195e-79	4.85801e-81	1.41765e-82	4.10642e-84	1.18103e-85	3.37354e-87	
1.26002e-87	3.4992e-89	9.66039e-91	2.65184e-92	7.23955e-94	1.96594e-95	5.31131e-97	1.42784e-98	3.82007e-100	1.01729e-101	2.69692e-103	7.11862e-105	1.87107e-106	4.89782e-108	1.27699e-109	3.31664e-111	8.58182e-113	2.21247e-114	5.6838e-116	1.45514e-117	3.71291e-119	9.44298e-121	2.39401e-122	6.05093e-124	3.04927e-125	4.8947e-123	1.13943e-120	2.02742e-118	2.85134e-116	3.24221e-114	3.02765e-112	2.34689e-110	1.52066e-108	8.2684e-107	3.77708e-105	1.4473e-103	4.63142e-102	1.22832e-100	2.66947e-99	4.67985e-98	4.95452e-31	8.22964e-29	4.81142e-27	1.18274e-25	1.47271e-24	2.05896e-23	2.83134e-23	4.02561e-23	3.31608e-22	3.52344e-21	1.40532e-21	3.17346e-22	7.19821e-23	3.34431e-23	9.96936e-24	1.99482e-24	3.02296e-25	3.72201e-26	3.88598e-27	3.54096e-28	2.87612e-29	2.11657e-30	1.42967e-31	8.95807e-33	5.25249e-34	2.90312e-35	1.52195e-36	7.60771e-38	3.64243e-39	1.67691e-40	7.44882e-42	3.20195e-43	1.33545e-44	5.41673e-46	2.14109e-47	8.26264e-49	3.11821e-50	1.15249e-51	4.17734e-53	1.48668e-54	5.20077e-56	1.79015e-57	6.06849e-59	2.02772e-60	6.68357e-62	2.17466e-63	6.98942e-65	2.22036e-66	6.97566e-68	2.16846e-69	6.67324e-71	2.03393e-72	6.14235e-74	1.83868e-75	5.45769e-77	1.60693e-78	4.69475e-80	1.36141e-81	3.91967e-83	1.12077e-84	
3.98458e-85	1.10755e-86	3.06032e-88	8.40779e-90	2.29718e-91	6.24297e-93	1.6879e-94	4.54086e-96	1.21572e-97	3.23968e-99	8.59423e-101	2.26992e-102	5.96992e-104	1.56365e-105	4.07921e-107	1.06005e-108	2.74438e-110	7.07899e-112	1.81951e-113	4.66053e-115	1.18975e-116	3.02729e-118	7.67837e-120	1.9415e-121	4.8947e-123	2.46035e-124	2.86529e-122	5.09949e-120	7.17435e-118	8.16078e-116	7.62366e-114	5.91195e-112	3.83235e-110	2.0848e-108	9.52847e-107	3.65313e-105	1.1697e-103	3.10414e-102	6.75064e-101	2.26623e-30	4.93262e-28	4.11609e-26	1.62815e-24	3.13183e-23	3.4043e-22	3.83377e-21	5.25829e-21	7.74436e-21	5.70443e-20	5.0361e-19	2.01056e-19	4.63603e-20	1.15004e-20	5.91524e-21	1.80467e-21	3.68656e-22	5.72701e-23	7.23747e-24	7.74556e-25	7.21653e-26	5.97661e-27	4.47272e-28	3.06518e-29	1.9447e-30	1.15265e-31	6.43117e-33	3.39946e-34	1.71171e-35	8.24852e-37	3.81947e-38	1.70542e-39	7.36528e-41	3.08494e-42	1.25613e-43	4.98271e-45	1.92912e-46	7.30205e-48	2.70632e-49	9.83455e-51	3.50838e-52	1.23005e-53	4.24276e-55	1.44108e-56	4.82402e-58	1.59279e-59	5.19094e-61	1.67095e-62	5.31591e-64	1.67239e-65	5.20561e-67	1.60397e-68	4.89451e-70	1.47978e-71	4.43441e-73	1.31761e-74	3.88332e-76	1.13561e-77	3.29607e-79	9.49805e-81	2.71808e-82	
9.15972e-83	2.54795e-84	7.04541e-86	1.93697e-87	5.29578e-89	1.44015e-90	3.89615e-92	1.04879e-93	2.80956e-95	7.49124e-97	1.98837e-98	5.25451e-100	1.38266e-101	3.6233e-103	9.45696e-105	2.45872e-106	6.36832e-108	1.64341e-109	4.22588e-111	1.08288e-112	2.76555e-114	7.0397e-116	1.78624e-117	4.51827e-119	1.13943e-120	2.86529e-122	1.4366e-123	1.27913e-121	1.79994e-119	2.04815e-117	1.91407e-115	1.48491e-113	9.62999e-112	5.24118e-110	2.39667e-108	9.19355e-107	2.94537e-105	7.82118e-104	7.8865e-30	2.12178e-27	2.3079e-25	1.28763e-23	3.86242e-22	6.1364e-21	5.89877e-20	5.56958e-19	7.6211e-19	1.15076e-18	7.62937e-18	5.75114e-17	2.29999e-17	5.43104e-18	1.47417e-18	8.23516e-19	2.55788e-19	5.33538e-20	8.50691e-21	1.10412e-21	1.21092e-22	1.15249e-23	9.71918e-25	7.38567e-26	5.12739e-27	3.28911e-28	1.96802e-29	1.10706e-30	5.8937e-32	2.98627e-33	1.44706e-34	6.73384e-36	3.02009e-37	1.30955e-38	5.50502e-40	2.24899e-41	8.94828e-43	3.47414e-44	1.31842e-45	4.8981e-47	1.78389e-48	6.37706e-50	2.24015e-51	7.74089e-53	2.63372e-54	8.83057e-56	2.92008e-57	9.53023e-59	3.07191e-60	9.78543e-62	3.08226e-63	9.60521e-65	2.96286e-66	9.0507e-68	2.7391e-69	8.21608e-71	2.44352e-72	7.208e-74	2.10964e-75	6.12815e-77	1.76729e-78	5.0613e-80	
1.61065e-80	4.48343e-82	1.24056e-83	3.41282e-85	9.33663e-87	2.54056e-88	6.87717e-90	1.85229e-91	4.96473e-93	1.32446e-94	3.51728e-96	9.29946e-98	2.44822e-99	6.41865e-101	1.67606e-102	4.35953e-104	1.12965e-105	2.9164e-107	7.50233e-109	1.92324e-110	4.91363e-112	1.25124e-113	3.17603e-115	8.03665e-117	2.02742e-118	5.09949e-120	1.27913e-121	6.39721e-123	4.50385e-121	5.1258e-119	4.79201e-117	3.71907e-115	2.41293e-113	1.31386e-111	6.01093e-110	2.30699e-108	7.39512e-107	2.16931e-29	6.94441e-27	9.31303e-25	6.74133e-23	2.82383e-21	6.82825e-20	9.25476e-19	7.94461e-18	6.46303e-17	8.82281e-17	1.35376e-16	8.11789e-16	5.32807e-15	2.1365e-15	5.18381e-16	1.54027e-16	9.21004e-17	2.9033e-17	6.1903e-18	1.0147e-18	1.35371e-19	1.52129e-20	1.478e-21	1.26791e-22	9.77265e-24	6.86548e-25	4.44839e-26	2.68451e-27	1.52127e-28	8.15104e-30	4.15342e-31	2.02273e-32	9.45488e-34	4.25756e-35	1.85286e-36	7.81482e-38	3.20231e-39	1.27769e-40	4.97335e-42	1.89186e-43	7.04403e-45	2.57073e-46	9.20757e-48	3.24031e-49	1.12159e-50	3.82215e-52	1.28346e-53	4.25016e-55	1.38899e-56	4.48293e-58	1.42976e-59	4.50872e-61	1.4066e-62	4.34343e-64	1.32813e-65	4.02333e-67	1.20793e-68	3.59566e-70	1.06157e-71	3.10952e-73	9.03975e-75	2.60893e-76	7.47711e-78	
2.23865e-78	6.23577e-80	1.72657e-81	4.75288e-83	1.30107e-84	3.54241e-86	9.59469e-88	2.58567e-89	6.9342e-91	1.85084e-92	4.91766e-94	1.30084e-95	3.42633e-97	8.98722e-99	2.34785e-100	6.1096e-102	1.58381e-103	4.09064e-105	1.05273e-106	2.69979e-108	6.9003e-110	1.75781e-111	4.46353e-113	1.12986e-114	2.85134e-116	7.17435e-118	1.79994e-119	4.50385e-121	2.24694e-122	1.27955e-120	1.1964e-118	9.28884e-117	6.02913e-115	3.28439e-113	1.50334e-111	5.77278e-110	4.83649e-29	1.7937e-26	2.85798e-24	2.54466e-22	1.37717e-20	4.611e-19	9.33213e-18	1.10197e-16	8.50992e-16	6.08224e-15	8.28167e-15	1.28123e-14	6.9731e-14	4.0426e-13	1.62732e-13	4.07301e-14	1.32527e-14	8.38612e-15	2.67819e-15	5.84773e-16	9.87468e-17	1.3555e-17	1.56097e-18	1.54731e-19	1.34928e-20	1.05403e-21	7.48771e-23	4.89722e-24	2.97906e-25	1.69987e-26	9.16298e-28	4.6939e-29	2.29676e-30	1.07814e-31	4.87347e-33	2.12828e-34	9.00498e-36	3.70077e-37	1.48054e-38	5.77729e-40	2.20276e-41	8.2193e-43	3.00569e-44	1.07858e-45	3.80246e-47	1.31838e-48	4.49982e-50	1.51327e-51	5.01828e-53	1.64223e-54	5.30698e-56	1.69463e-57	5.3502e-59	1.67097e-60	5.16521e-62	1.58101e-63	4.79404e-65	1.44066e-66	4.29225e-68	1.26831e-69	3.71819e-71	1.08178e-72	3.12448e-74	8.96129e-76	
2.51454e-76	7.00923e-78	1.94204e-79	5.34957e-81	1.46534e-82	3.99214e-84	1.08193e-85	2.91737e-87	7.82816e-89	2.0906e-90	5.55764e-92	1.47089e-93	3.87617e-95	1.01721e-96	2.65866e-98	6.9216e-100	1.79512e-101	4.63843e-103	1.19422e-104	3.06393e-106	7.83417e-108	1.9965e-109	5.07159e-111	1.28427e-112	3.24221e-114	8.16078e-116	2.04815e-117	5.1258e-119	1.27955e-120	6.3683e-122	2.97973e-120	2.31373e-118	1.50239e-116	8.18795e-115	3.74958e-113	8.89061e-29	3.74566e-26	6.9075e-24	7.29668e-22	4.84661e-20	2.08869e-18	5.81089e-17	1.00919e-15	1.05319e-14	7.35589e-14	4.68586e-13	6.36127e-13	9.8534e-13	4.87768e-12	2.52465e-11	1.02178e-11	2.65039e-12	9.44636e-13	6.2686e-13	2.02652e-13	4.54279e-14	7.92213e-15	1.1203e-15	1.32233e-16	1.33698e-17	1.18458e-18	9.37448e-20	6.73136e-21	4.44246e-22	2.72336e-23	1.56439e-24	8.48221e-26	4.36778e-27	2.14712e-28	1.01211e-29	4.5924e-31	2.01248e-32	8.54207e-34	3.5208e-35	1.41235e-36	5.52507e-38	2.11153e-39	7.89613e-41	2.89343e-42	1.0403e-43	3.67415e-45	1.27607e-46	4.3625e-48	1.46934e-49	4.8797e-51	1.59909e-52	5.17439e-54	1.65437e-55	5.22935e-57	1.6351e-58	5.05988e-60	1.5504e-61	4.70595e-63	1.41556e-64	4.22139e-66	1.24849e-67	3.66324e-69	1.06668e-70	3.08332e-72	8.85007e-74	
2.31778e-74	6.46558e-76	1.79271e-77	4.94166e-79	1.35453e-80	3.69265e-82	1.0014e-83	2.70189e-85	7.2543e-87	1.93847e-88	5.15613e-90	1.36538e-91	3.60003e-93	9.45236e-95	2.47178e-96	6.43826e-98	1.67057e-99	4.31862e-101	1.11239e-102	2.85524e-104	7.30375e-106	1.86211e-107	4.73218e-109	1.19881e-110	3.02765e-112	7.62366e-114	1.91407e-115	4.79201e-117	1.1964e-118	2.97973e-120	1.47956e-121	5.7498e-120	3.73388e-118	2.03582e-116	1.36323e-28	6.42763e-26	1.34564e-23	1.64362e-21	1.29343e-19	6.82686e-18	2.43626e-16	5.77984e-15	8.76405e-14	8.16307e-13	5.17529e-12	2.96988e-11	4.01719e-11	6.1905e-11	2.78962e-10	1.29922e-09	5.29719e-10	1.4319e-10	5.5916e-11	3.86279e-11	1.26409e-11	2.9189e-12	5.2723e-13	7.692e-14	9.31004e-15	9.60162e-16	8.64248e-17	6.92766e-18	5.02752e-19	3.34788e-20	2.06821e-21	1.19604e-22	6.52346e-24	3.37687e-25	1.66788e-26	7.89575e-28	3.59662e-29	1.58174e-30	6.73584e-32	2.78476e-33	1.12024e-34	4.39383e-36	1.68331e-37	6.30925e-39	2.31692e-40	8.34708e-42	2.95368e-43	1.0277e-44	3.51939e-46	1.18729e-47	3.94909e-49	1.29602e-50	4.19958e-52	1.34449e-53	4.25524e-55	1.33214e-56	4.12716e-58	1.26602e-59	3.84688e-61	1.15834e-62	3.45775e-64	1.02361e-65	3.00617e-67	8.76124e-69	2.53467e-70	7.28127e-72	
1.77167e-72	4.94615e-74	1.37248e-75	3.78613e-77	1.03855e-78	2.83324e-80	7.6886e-82	2.07585e-83	5.57704e-85	1.49121e-86	3.96887e-88	1.0516e-89	2.7743e-91	7.28838e-93	1.90694e-94	4.96964e-96	1.29016e-97	3.3369e-99	8.59939e-101	2.20832e-102	5.65155e-104	1.44154e-105	3.665e-107	9.28862e-109	2.34689e-110	5.91195e-112	1.48491e-113	3.71907e-115	9.28884e-117	2.31373e-118	5.7498e-120	2.84856e-121	9.2593e-120	1.75679e-28	9.16253e-26	2.14577e-23	2.97341e-21	2.70304e-19	1.68797e-17	7.36246e-16	2.23337e-14	4.60077e-13	6.16549e-12	5.15951e-11	2.97511e-10	1.55002e-09	2.0873e-09	3.18101e-09	1.3042e-08	5.49485e-08	2.26299e-08	6.41739e-09	2.7462e-09	1.96316e-09	6.50847e-10	1.55467e-10	2.91882e-11	4.40117e-12	5.46654e-13	5.75246e-14	5.26125e-15	4.2725e-16	3.13435e-17	2.10646e-18	1.31167e-19	7.63826e-21	4.19179e-22	2.18187e-23	1.08302e-24	5.15022e-26	2.35569e-27	1.03993e-28	4.44402e-30	1.84321e-31	7.43713e-33	2.92519e-34	1.1236e-35	4.22174e-37	1.55391e-38	5.61041e-40	1.98936e-41	6.93518e-43	2.37934e-44	8.04091e-46	2.67894e-47	8.80567e-49	2.85764e-50	9.16181e-52	2.90364e-53	9.10198e-55	2.82347e-56	8.6715e-58	2.63793e-59	7.95193e-61	2.37625e-62	7.04173e-64	2.07007e-65	6.03879e-67	1.74866e-68	5.02775e-70	
