0	0	0	0	0	0	0	0	0	0	0	0	0	0	0	0	0	0	0	0	0	0	0	0	0	0	0	0	0	0	0	0	0	0	0	0	0	0	0	0	0	0	0	0	0	0	0	0	0	0	0	0	0	0	0	0	0	0	0	0	0	0	0	0	0	0	0	0	0	0	0	0	0	0	0	0	0	0	0	0	0	0	0	0	0	0	0	0	0	0	0	0	0	0	0	0	0	0	0	0	
0	5.61764e-97	5.67795e-95	5.31958e-93	4.63054e-91	3.75126e-89	2.83227e-87	1.99541e-85	1.31317e-83	8.07927e-82	4.65036e-80	2.50554e-78	1.26412e-76	5.97395e-75	2.64469e-73	1.0968e-71	4.26046e-70	1.54969e-68	5.27614e-67	1.68048e-65	5.0038e-64	1.39171e-62	3.61198e-61	8.73747e-60	1.96735e-58	4.11682e-57	7.99213e-56	1.43654e-54	2.38535e-53	3.64977e-52	5.13134e-51	6.608e-50	7.76695e-49	8.29979e-48	8.02848e-47	6.99632e-46	5.46383e-45	3.8021e-44	2.34277e-43	1.26945e-42	6.00254e-42	2.45515e-41	8.60358e-41	2.56219e-40	6.49648e-40	1.44591e-39	3.02213e-39	6.1402e-39	1.11232e-38	1.57933e-38	1.61944e-38	1.25371e-38	7.92341e-39	4.41631e-39	2.27699e-39	1.09444e-39	4.83386e-40	1.93366e-40	6.96204e-41	2.25777e-41	6.62468e-42	1.7693e-42	4.32845e-43	9.75879e-44	2.0391e-44	3.96914e-45	7.23095e-46	1.23815e-46	2.00031e-47	3.05971e-48	4.44532e-49	6.15209e-50	8.1319e-51	1.02912e-51	1.24974e-52	1.45929e-53	1.64157e-54	1.78213e-55	1.87019e-56	1.90001e-57	1.8714e-58	1.78929e-59	1.66278e-60	1.50358e-61	1.3244e-62	1.1375e-63	9.53532e-65	7.8083e-66	6.25142e-67	4.89719e-68	3.7565e-69	2.82356e-70	2.08103e-71	1.50488e-72	1.06839e-73	7.45091e-75	5.10714e-76	3.44238e-77	2.27861e-78	0	
0	5.67795e-95	5.45041e-93	4.86168e-91	4.03826e-89	3.12815e-87	2.26261e-85	1.52977e-83	9.67656e-82	5.73082e-80	3.17957e-78	1.65337e-76	8.06041e-75	3.68475e-73	1.5796e-71	6.34959e-70	2.39285e-68	8.45115e-67	2.79608e-65	8.66087e-64	2.50977e-62	6.79809e-61	1.71938e-59	4.0557e-58	8.9099e-57	1.82015e-55	3.4514e-54	6.06263e-53	9.84281e-52	1.4732e-50	2.027e-49	2.55571e-48	2.94235e-47	3.08101e-46	2.92159e-45	2.49683e-44	1.91305e-43	1.30661e-42	7.90578e-42	4.20872e-41	1.95641e-40	7.87318e-40	2.71754e-39	7.98328e-39	2.00046e-38	4.40705e-38	9.11359e-38	1.82791e-37	3.26836e-37	4.59325e-37	4.68505e-37	3.62202e-37	2.29378e-37	1.28483e-37	6.66677e-38	3.22398e-38	1.43112e-38	5.74794e-39	2.07655e-39	6.7546e-40	1.9875e-40	5.32237e-41	1.3054e-41	2.95026e-42	6.17883e-43	1.20535e-43	2.20041e-44	3.77506e-45	6.10996e-46	9.36192e-47	1.36234e-47	1.88827e-48	2.49949e-49	3.16745e-50	3.85136e-51	4.50255e-52	5.07075e-53	5.51089e-54	5.78917e-55	5.88728e-56	5.80405e-57	5.5544e-58	5.16613e-59	4.67536e-60	4.12148e-61	3.54257e-62	2.97181e-63	2.43529e-64	1.95107e-65	1.52942e-66	1.17393e-67	8.82933e-69	6.51135e-70	4.71138e-71	3.34675e-72	2.3353e-73	1.60157e-74	1.08007e-75	7.15272e-77	0	
0	5.31958e-93	4.86168e-91	4.13796e-89	3.28649e-87	2.43882e-85	1.6928e-83	1.10006e-81	6.69801e-80	3.82355e-78	2.04735e-76	1.02868e-74	4.851e-73	2.14731e-71	8.92206e-70	3.47927e-68	1.27307e-66	4.36918e-65	1.40576e-63	4.23752e-62	1.19583e-60	3.15638e-59	7.78408e-58	1.79139e-56	3.84175e-55	7.66525e-54	1.42036e-52	2.43927e-51	3.87362e-50	5.67356e-49	7.6424e-48	9.43737e-47	1.06457e-45	1.09266e-44	1.01598e-43	8.51728e-43	6.40399e-42	4.29396e-41	2.55171e-40	1.33485e-39	6.10105e-39	2.41604e-38	8.21508e-38	2.38086e-37	5.8963e-37	1.28566e-36	2.63018e-36	5.20771e-36	9.19172e-36	1.27878e-35	1.29758e-35	1.00192e-35	6.35914e-36	3.58031e-36	1.86987e-36	9.09814e-37	4.059e-37	1.63688e-37	5.93385e-38	1.93612e-38	5.71336e-39	1.53418e-39	3.77267e-40	8.54766e-41	1.79439e-41	3.50824e-42	6.41791e-43	1.10324e-43	1.7889e-44	2.74579e-45	4.00217e-46	5.55568e-47	7.36464e-48	9.34545e-49	1.13779e-49	1.33178e-50	1.50157e-51	1.63369e-52	1.71797e-53	1.74882e-54	1.72573e-55	1.65299e-56	1.53877e-57	1.39375e-58	1.22962e-59	1.05771e-60	8.8796e-62	7.2817e-63	5.83785e-64	4.57928e-65	3.51717e-66	2.64696e-67	1.95323e-68	1.41411e-69	1.00509e-70	7.01723e-72	4.81504e-73	3.24888e-74	2.15258e-75	0	
0	4.63054e-91	4.03826e-89	3.28649e-87	2.50053e-85	1.78067e-83	1.18797e-81	7.43099e-80	4.36113e-78	2.40266e-76	1.24309e-74	6.04162e-73	2.75875e-71	1.1836e-69	4.77085e-68	1.80639e-66	6.42269e-65	2.14356e-63	6.71163e-62	1.97019e-60	5.41782e-59	1.39434e-57	3.3548e-56	7.53652e-55	1.57855e-53	3.07771e-52	5.57547e-51	9.36539e-50	1.45532e-48	2.0867e-47	2.75281e-46	3.33051e-45	3.68226e-44	3.70567e-43	3.37965e-42	2.78001e-41	2.05171e-40	1.35085e-39	7.88585e-39	4.0544e-38	1.82237e-37	7.1026e-37	2.37941e-36	6.80391e-36	1.66542e-35	3.59396e-35	7.27295e-35	1.4216e-34	2.47719e-34	3.4122e-34	3.44484e-34	2.65701e-34	1.69048e-34	9.56847e-35	5.03041e-35	2.46275e-35	1.10427e-35	4.47138e-36	1.62657e-36	5.32399e-37	1.57572e-37	4.24312e-38	1.04622e-38	2.37646e-39	5.00093e-40	9.79975e-41	1.7966e-41	3.09457e-42	5.02735e-43	7.73016e-44	1.1286e-44	1.56913e-45	2.0831e-46	2.64704e-47	3.22693e-48	3.7818e-49	4.26895e-50	4.64974e-51	4.8948e-52	4.98773e-53	4.92662e-54	4.72333e-55	4.40085e-56	3.98948e-57	3.52253e-58	3.03246e-59	2.5477e-60	2.09076e-61	1.67737e-62	1.31665e-63	1.01193e-64	7.62048e-66	5.62673e-67	4.07613e-68	2.89882e-69	2.02501e-70	1.39027e-71	9.38568e-73	6.22161e-74	0	
0	3.75126e-89	3.12815e-87	2.43882e-85	1.78067e-83	1.21879e-81	7.82676e-80	4.71897e-78	2.67283e-76	1.42281e-74	7.12064e-73	3.35101e-71	1.48307e-69	6.17262e-68	2.41574e-66	8.88795e-65	3.07309e-63	9.98091e-62	3.04324e-60	8.70499e-59	2.33401e-57	5.86028e-56	1.37634e-54	3.01975e-53	6.18043e-52	1.17803e-50	2.08727e-49	3.4307e-48	5.21868e-47	7.32795e-46	9.47086e-45	1.123e-43	1.2173e-42	1.20149e-41	1.07508e-40	8.67932e-40	6.28889e-39	4.06673e-38	2.33258e-37	1.17888e-36	5.21179e-36	1.99945e-35	6.60028e-35	1.86236e-34	4.50573e-34	9.62266e-34	1.92606e-33	3.71662e-33	6.39458e-33	8.72224e-33	8.76218e-33	6.75194e-33	4.30708e-33	2.4514e-33	1.29746e-33	6.39146e-34	2.88036e-34	1.17111e-34	4.27527e-35	1.40387e-35	4.16761e-36	1.12552e-36	2.78285e-37	6.33778e-38	1.33702e-38	2.62613e-39	4.82511e-40	8.32822e-41	1.35559e-41	2.08816e-42	3.05387e-43	4.25269e-44	5.65414e-45	7.19499e-46	8.7829e-47	1.03061e-47	1.16476e-48	1.2701e-49	1.33849e-50	1.36531e-51	1.34992e-52	1.29544e-53	1.20808e-54	1.09611e-55	9.68623e-57	8.34532e-58	7.01669e-59	5.76252e-60	4.62648e-61	3.63407e-62	2.79491e-63	2.10612e-64	1.55608e-65	1.12795e-66	8.02642e-68	5.61019e-69	3.85385e-70	2.60315e-71	1.72645e-72	0	
0	2.83227e-87	2.26261e-85	1.6928e-83	1.18797e-81	7.82676e-80	4.8446e-78	2.819e-76	1.54277e-74	7.94395e-73	3.84957e-71	1.75587e-69	7.53864e-68	3.04641e-66	1.15852e-64	4.14492e-63	1.39464e-61	4.41089e-60	1.31051e-58	3.65496e-57	9.5605e-56	2.34314e-54	5.3745e-53	1.15221e-51	2.30535e-50	4.29763e-49	7.45071e-48	1.19876e-46	1.78572e-45	2.45645e-44	3.11134e-43	3.61683e-42	3.84491e-41	3.723e-40	3.26924e-39	2.59096e-38	1.84358e-37	1.17111e-36	6.60111e-36	3.27999e-35	1.42647e-34	5.3875e-34	1.75263e-33	4.88023e-33	1.16705e-32	2.46645e-32	4.88247e-32	9.30109e-32	1.58025e-31	2.13475e-31	2.13419e-31	1.64329e-31	1.05123e-31	6.01747e-32	3.20672e-32	1.58955e-32	7.19981e-33	2.93949e-33	1.07697e-33	3.54814e-34	1.05662e-34	2.86205e-35	7.09662e-36	1.62059e-36	3.42753e-37	6.74847e-38	1.24272e-38	2.14949e-39	3.50566e-40	5.41015e-41	7.92592e-42	1.10553e-42	1.4721e-43	1.87598e-44	2.29313e-45	2.6943e-46	3.04873e-47	3.32833e-48	3.51142e-49	3.58557e-50	3.54871e-51	3.40879e-52	3.18187e-53	2.88952e-54	2.55563e-55	2.20365e-56	1.85429e-57	1.52401e-58	1.22447e-59	9.625e-61	7.40756e-62	5.58574e-63	4.12962e-64	2.99531e-65	2.13275e-66	1.4916e-67	1.02523e-68	6.92896e-70	4.59775e-71	0	
0	1.99541e-85	1.52977e-83	1.10006e-81	7.43099e-80	4.71897e-78	2.819e-76	1.58494e-74	8.3903e-73	4.18329e-71	1.96479e-69	8.6938e-68	3.62405e-66	1.42305e-64	5.26253e-63	1.83222e-61	6.00328e-60	1.85009e-58	5.35935e-57	1.45818e-55	3.72311e-54	8.91144e-53	1.99723e-51	4.1857e-50	8.19063e-49	1.49398e-47	2.53529e-46	3.99439e-45	5.8289e-44	7.85771e-43	9.75675e-42	1.11225e-40	1.1599e-39	1.10211e-38	9.49971e-38	7.39248e-37	5.16646e-36	3.22456e-35	1.78645e-34	8.7284e-34	3.73467e-33	1.38876e-32	4.45271e-32	1.22365e-31	2.89242e-31	6.04875e-31	1.18408e-30	2.22685e-30	3.73642e-30	4.99966e-30	4.9749e-30	3.82825e-30	2.45648e-30	1.4145e-30	7.59046e-31	3.7862e-31	1.7237e-31	7.06699e-32	2.59873e-32	8.59081e-33	2.56655e-33	6.97345e-34	1.73419e-34	3.97126e-35	8.42127e-36	1.66216e-36	3.06794e-37	5.31798e-38	8.69081e-39	1.34376e-39	1.97212e-40	2.75535e-41	3.67473e-42	4.68983e-43	5.74067e-44	6.75389e-45	7.65194e-46	8.36364e-47	8.83374e-48	9.03003e-49	8.94646e-50	8.60221e-51	8.03721e-52	7.30539e-53	6.4669e-54	5.58095e-55	4.69996e-56	3.86587e-57	3.10839e-58	2.44516e-59	1.88317e-60	1.42099e-61	1.05126e-62	7.62998e-64	5.43617e-65	3.80427e-66	2.61635e-67	1.76926e-68	1.17463e-69	0	
0	1.31317e-83	9.67656e-82	6.69801e-80	4.36113e-78	2.67283e-76	1.54277e-74	8.3903e-73	4.30077e-71	2.0783e-69	9.46933e-68	4.06814e-66	1.64782e-64	6.29206e-63	2.2643e-61	7.67677e-60	2.45091e-58	7.36432e-57	2.08115e-55	5.52705e-54	1.37817e-52	3.22313e-51	7.06148e-50	1.44734e-48	2.77105e-47	4.94736e-46	8.22114e-45	1.2688e-43	1.81439e-42	2.39767e-41	2.91941e-40	3.26458e-39	3.34054e-38	3.11547e-37	2.63657e-36	2.015e-35	1.38344e-34	8.485e-34	4.62102e-33	2.22037e-32	9.34805e-32	3.42288e-31	1.08173e-30	2.93398e-30	6.8552e-30	1.41845e-29	2.74558e-29	5.09742e-29	8.44745e-29	1.11978e-28	1.10915e-28	8.53137e-29	5.49238e-29	3.18214e-29	1.7197e-29	8.63238e-30	3.95017e-30	1.62643e-30	6.00334e-31	1.99152e-31	5.96961e-32	1.62714e-32	4.05875e-33	9.32119e-34	1.98196e-34	3.92187e-35	7.256e-36	1.26056e-36	2.06432e-37	3.19802e-38	4.702e-39	6.58062e-40	8.79049e-41	1.12358e-41	1.3773e-42	1.62258e-43	1.8407e-44	2.01435e-45	2.13005e-46	2.1798e-47	2.16192e-48	2.08084e-49	1.94607e-50	1.77052e-51	1.56872e-52	1.35498e-53	1.14204e-54	9.40124e-56	7.56504e-57	5.95537e-58	4.58994e-59	3.46591e-60	2.56586e-61	1.86352e-62	1.32856e-63	9.30319e-65	6.40207e-66	4.33185e-67	2.8775e-68	0	
0	8.07927e-82	5.73082e-80	3.82355e-78	2.40266e-76	1.42281e-74	7.94395e-73	4.18329e-71	2.0783e-69	9.74277e-68	4.30998e-66	1.7992e-64	7.0868e-63	2.63329e-61	9.22779e-60	3.04843e-58	9.48905e-57	2.78148e-55	7.67241e-54	1.98991e-52	4.84807e-51	1.10834e-49	2.37475e-48	4.76219e-47	8.92426e-46	1.56015e-44	2.53952e-43	3.84058e-42	5.38352e-41	6.97596e-40	8.33155e-39	9.14131e-38	9.18066e-37	8.40584e-36	6.98581e-35	5.24432e-34	3.53778e-33	2.13258e-32	1.14186e-31	5.39632e-31	2.2357e-30	8.0615e-30	2.51134e-29	6.72309e-29	1.5527e-28	3.17856e-28	6.08284e-28	1.11487e-27	1.82491e-27	2.39676e-27	2.36348e-27	1.81751e-27	1.17423e-27	6.84665e-28	3.72678e-28	1.88266e-28	8.65969e-29	3.58094e-29	1.32688e-29	4.41762e-30	1.32875e-30	3.63375e-31	9.09249e-32	2.09435e-32	4.46566e-33	8.85968e-34	1.64317e-34	2.86114e-35	4.69546e-36	7.28866e-37	1.07364e-37	1.50523e-38	2.01403e-39	2.57827e-40	3.16513e-41	3.73399e-42	4.24151e-43	4.64749e-44	4.92029e-45	5.04095e-46	5.00504e-47	4.82237e-48	4.51454e-49	4.11126e-50	3.64603e-51	3.15206e-52	2.65899e-53	2.19068e-54	1.76422e-55	1.38991e-56	1.07204e-57	8.10093e-59	6.00145e-60	4.36166e-61	3.11164e-62	2.18031e-63	1.50133e-64	1.01647e-65	6.75583e-67	0	
0	4.65036e-80	3.17957e-78	2.04735e-76	1.24309e-74	7.12064e-73	3.84957e-71	1.96479e-69	9.46933e-68	4.30998e-66	1.85266e-64	7.52066e-63	2.88264e-61	1.04303e-59	3.56145e-58	1.1471e-56	3.4833e-55	9.96611e-54	2.68465e-52	6.80312e-51	1.6202e-49	3.62237e-48	7.59352e-47	1.49044e-45	2.73485e-44	4.68319e-43	7.46962e-42	1.1073e-40	1.52194e-39	1.93434e-38	2.26665e-37	2.44074e-36	2.40637e-35	2.16353e-34	1.76604e-33	1.30253e-32	8.63482e-32	5.11646e-31	2.69372e-30	1.2522e-29	5.10562e-29	1.81306e-28	5.56783e-28	1.47126e-27	3.35855e-27	6.80153e-27	1.28673e-26	2.32805e-26	3.76427e-26	4.89884e-26	4.81005e-26	3.69876e-26	2.39872e-26	1.40789e-26	7.7197e-27	3.92486e-27	1.81476e-27	7.53748e-28	2.80402e-28	9.3704e-29	2.82855e-29	7.76169e-30	1.94847e-30	4.50186e-31	9.62671e-32	1.91505e-32	3.56071e-33	6.21457e-34	1.02212e-34	1.58986e-35	2.34641e-36	3.29556e-37	4.41698e-38	5.66345e-39	6.96303e-40	8.2262e-41	9.35697e-42	1.02658e-42	1.08817e-43	1.11616e-44	1.10946e-45	1.07011e-46	1.00284e-47	9.14157e-49	8.11483e-50	7.02185e-51	5.92867e-52	4.88866e-53	3.94023e-54	3.10671e-55	2.39805e-56	1.81346e-57	1.34444e-58	9.77785e-60	6.98032e-61	4.89431e-62	3.37233e-63	2.28464e-64	1.51933e-65	0	
0	2.50554e-78	1.65337e-76	1.02868e-74	6.04162e-73	3.35101e-71	1.75587e-69	8.6938e-68	4.06814e-66	1.7992e-64	7.52066e-63	2.97084e-61	1.10884e-59	3.90935e-58	1.30146e-56	4.08928e-55	1.21203e-53	3.3865e-52	8.9131e-51	2.20785e-49	5.14214e-48	1.12478e-46	2.30777e-45	4.43515e-44	7.97135e-43	1.33752e-41	2.09105e-40	3.03933e-39	4.09726e-38	5.10908e-37	5.87531e-36	6.21045e-35	6.01218e-34	5.30893e-33	4.25722e-32	3.08529e-31	2.01024e-30	1.17101e-29	6.06265e-29	2.77242e-28	1.11255e-27	3.89104e-27	1.17799e-26	3.07247e-26	6.93239e-26	1.38869e-25	2.59679e-25	4.63778e-25	7.40788e-25	9.55401e-25	9.34182e-25	7.18475e-25	4.67842e-25	2.76473e-25	1.52727e-25	7.8154e-26	3.6328e-26	1.51565e-26	5.66143e-27	1.89925e-27	5.75434e-28	1.58462e-28	3.99139e-29	9.25126e-30	1.98417e-30	3.9581e-31	7.37852e-32	1.2909e-32	2.12795e-33	3.31692e-34	4.90495e-35	6.90182e-36	9.26649e-37	1.1901e-37	1.46546e-38	1.73385e-39	1.97494e-40	2.16963e-41	2.30272e-42	2.3648e-43	2.35331e-44	2.27236e-45	2.13176e-46	1.94524e-47	1.72845e-48	1.49706e-49	1.26514e-50	1.04413e-51	8.42275e-53	6.64645e-54	5.13443e-55	3.88575e-56	2.88293e-57	2.0982e-58	1.49894e-59	1.05171e-60	7.2514e-62	4.91574e-63	3.271e-64	0	
0	1.26412e-76	8.06041e-75	4.851e-73	2.75875e-71	1.48307e-69	7.53864e-68	3.62405e-66	1.64782e-64	7.0868e-63	2.88264e-61	1.10884e-59	4.03264e-58	1.38618e-56	4.50177e-55	1.38063e-53	3.99617e-52	1.09092e-50	2.80664e-49	6.79886e-48	1.54919e-46	3.31662e-45	6.6628e-44	1.25421e-42	2.20873e-41	3.63252e-40	5.56811e-39	7.93766e-38	1.0498e-36	1.28462e-35	1.4501e-34	1.505e-33	1.43087e-32	1.24116e-31	9.77913e-31	6.96491e-30	4.46076e-29	2.55483e-28	1.30083e-27	5.85224e-27	2.31147e-26	7.96221e-26	2.37639e-25	6.118e-25	1.36432e-24	2.70307e-24	4.99555e-24	8.80649e-24	1.38963e-23	1.77631e-23	1.72988e-23	1.33096e-23	8.70443e-24	5.18045e-24	2.8835e-24	1.48523e-24	6.94079e-25	2.90914e-25	1.09125e-25	3.67554e-26	1.11791e-26	3.08984e-27	7.81e-28	1.81616e-28	3.90722e-29	7.8167e-30	1.46106e-30	2.56255e-31	4.234e-32	6.61403e-33	9.80049e-34	1.38167e-34	1.85838e-35	2.39076e-36	2.94863e-37	3.49394e-38	3.98548e-39	4.38437e-40	4.65938e-41	4.79096e-42	4.77335e-43	4.61443e-44	4.33365e-45	3.95862e-46	3.52101e-47	3.05262e-48	2.58215e-49	2.13299e-50	1.72214e-51	1.3601e-52	1.05155e-53	7.96446e-55	5.91355e-56	4.30711e-57	3.07919e-58	2.16198e-59	1.49167e-60	1.01188e-61	6.73729e-63	0	
0	5.97395e-75	3.68475e-73	2.14731e-71	1.1836e-69	6.17262e-68	3.04641e-66	1.42305e-64	6.29206e-63	2.63329e-61	1.04303e-59	3.90935e-58	1.38618e-56	4.64822e-55	1.47342e-53	4.41284e-52	1.24795e-50	3.33011e-49	8.37833e-48	1.98562e-46	4.42819e-45	9.28215e-44	1.82642e-42	3.36864e-41	5.81454e-40	9.37573e-39	1.40949e-37	1.9712e-36	2.55829e-35	3.07283e-34	3.40559e-33	3.47108e-32	3.24159e-31	2.76258e-30	2.13895e-29	1.49733e-28	9.4276e-28	5.30926e-27	2.65877e-26	1.17681e-25	4.57503e-25	1.55219e-24	4.56708e-24	1.16055e-23	2.55775e-23	5.01148e-23	9.15219e-23	1.59244e-22	2.48248e-22	3.14541e-22	3.05135e-22	2.34917e-22	1.54349e-22	9.25365e-23	5.19056e-23	2.69129e-23	1.26455e-23	5.32531e-24	2.00632e-24	6.78594e-25	2.07222e-25	5.7495e-26	1.45855e-26	3.40334e-27	7.34519e-28	1.47383e-28	2.76243e-29	4.85752e-30	8.04514e-31	1.25957e-31	1.8703e-32	2.64194e-33	3.56004e-34	4.5879e-35	5.6678e-36	6.72649e-37	7.68418e-38	8.4652e-39	9.00828e-40	9.2746e-41	9.25187e-42	8.95438e-43	8.41904e-44	7.69882e-45	6.8549e-46	5.94899e-47	5.037e-48	4.16472e-49	3.36556e-50	2.66036e-51	2.05857e-52	1.56044e-53	1.15953e-54	8.45188e-56	6.04682e-57	4.24871e-58	2.93349e-59	1.99129e-60	1.32668e-61	0	
0	2.64469e-73	1.5796e-71	8.92206e-70	4.77085e-68	2.41574e-66	1.15852e-64	5.26253e-63	2.2643e-61	9.22779e-60	3.56145e-58	1.30146e-56	4.50177e-55	1.47342e-53	4.56106e-52	1.33465e-50	3.6894e-49	9.62767e-48	2.36976e-46	5.49671e-45	1.20022e-43	2.46414e-42	4.75064e-41	8.58787e-40	1.45332e-38	2.29826e-37	3.38946e-36	4.65148e-35	5.92536e-34	6.98742e-33	7.60477e-32	7.61328e-31	6.98507e-30	5.84948e-29	4.4512e-28	3.06299e-27	1.89609e-26	1.05004e-25	5.17203e-25	2.2523e-24	8.61863e-24	2.87999e-23	8.35384e-23	2.09523e-22	4.5633e-22	8.84091e-22	1.59524e-21	2.73934e-21	4.21894e-21	5.29918e-21	5.12165e-21	3.9465e-21	2.60588e-21	1.5742e-21	8.89961e-22	4.64542e-22	2.19487e-22	9.28812e-23	3.51523e-23	1.19413e-23	3.6618e-24	1.02005e-24	2.59748e-25	6.08241e-26	1.31707e-26	2.65088e-27	4.98282e-28	8.78522e-29	1.45864e-29	2.28897e-30	3.40621e-31	4.8213e-32	6.50918e-33	8.40366e-34	1.03994e-34	1.23619e-35	1.41436e-36	1.56039e-37	1.6628e-38	1.71424e-39	1.71221e-40	1.65918e-41	1.56181e-42	1.4298e-43	1.27445e-44	1.10717e-45	9.38382e-47	7.76629e-48	6.28189e-49	4.97009e-50	3.84918e-51	2.92022e-52	2.17174e-53	1.58425e-54	1.13431e-55	7.97598e-57	5.51093e-58	3.74353e-59	2.49571e-60	0	
0	1.0968e-71	6.34959e-70	3.47927e-68	1.80639e-66	8.88795e-65	4.14492e-63	1.83222e-61	7.67677e-60	3.04843e-58	1.1471e-56	4.08928e-55	1.38063e-53	4.41284e-52	1.33465e-50	3.81748e-49	1.03197e-47	2.63461e-46	6.34685e-45	1.44138e-43	3.08258e-42	6.20083e-41	1.17168e-39	2.0766e-38	3.44642e-37	5.34649e-36	7.73713e-35	1.04216e-33	1.30334e-32	1.50924e-31	1.61333e-30	1.5867e-29	1.43042e-28	1.17723e-27	8.80529e-27	5.95671e-26	3.62562e-25	1.97453e-24	9.56635e-24	4.09879e-23	1.54379e-22	5.0808e-22	1.45282e-21	3.59627e-21	7.7395e-21	1.48245e-20	2.64245e-20	4.47788e-20	6.81341e-20	8.48447e-20	8.17114e-20	6.30349e-20	4.18427e-20	2.54764e-20	1.45186e-20	7.63007e-21	3.62551e-21	1.54194e-21	5.86333e-22	2.00085e-22	6.16252e-23	1.72384e-23	4.40692e-24	1.03576e-24	2.25051e-25	4.5441e-26	8.56683e-27	1.51459e-27	2.52118e-28	3.96584e-29	5.9148e-30	8.38968e-31	1.13492e-31	1.46797e-32	1.8198e-33	2.16684e-34	2.48308e-35	2.74359e-36	2.92789e-37	3.02261e-38	3.02302e-39	2.93308e-40	2.76429e-41	2.5336e-42	2.26083e-43	1.9662e-44	1.66818e-45	1.38201e-46	1.11894e-47	8.86106e-49	6.8688e-50	5.21565e-51	3.8821e-52	2.83424e-53	2.0309e-54	1.42915e-55	9.88198e-57	6.71763e-58	4.48147e-59	0	
0	4.26046e-70	2.39285e-68	1.27307e-66	6.42269e-65	3.07309e-63	1.39464e-61	6.00328e-60	2.45091e-58	9.48905e-57	3.4833e-55	1.21203e-53	3.99617e-52	1.24795e-50	3.6894e-49	1.03197e-47	2.72924e-46	6.81942e-45	1.60845e-43	3.57771e-42	7.49665e-41	1.47799e-39	2.738e-38	4.75892e-37	7.74781e-36	1.17937e-34	1.67512e-33	2.21506e-32	2.72016e-31	3.0937e-30	3.24872e-29	3.13932e-28	2.78121e-27	2.24973e-26	1.65417e-25	1.1002e-24	6.58471e-24	3.52673e-23	1.68068e-22	7.08491e-22	2.62648e-21	8.5131e-21	2.39951e-20	5.86173e-20	1.24639e-19	2.35994e-19	4.15484e-19	6.94731e-19	1.04433e-18	1.28941e-18	1.2376e-18	9.56094e-19	6.38245e-19	3.91778e-19	2.25096e-19	1.19116e-19	5.6928e-20	2.43379e-20	9.30035e-21	3.18887e-21	9.8666e-22	2.77203e-22	7.11574e-23	1.67884e-23	3.66086e-24	7.41632e-25	1.40248e-25	2.48663e-26	4.15027e-27	6.54465e-28	9.78362e-29	1.39076e-29	1.88523e-30	2.44318e-31	3.03428e-32	3.61918e-33	4.15422e-34	4.59726e-35	4.91341e-36	5.07961e-37	5.08723e-38	4.94233e-39	4.66376e-40	4.2797e-41	3.82338e-42	3.32883e-43	2.8273e-44	2.34471e-45	1.90029e-46	1.50632e-47	1.16874e-48	8.88254e-50	6.6172e-51	4.83518e-52	3.46754e-53	2.44206e-54	1.68989e-55	1.14962e-56	7.67471e-58	0	
0	1.54969e-68	8.45115e-67	4.36918e-65	2.14356e-63	9.98091e-62	4.41089e-60	1.85009e-58	7.36432e-57	2.78148e-55	9.96611e-54	3.3865e-52	1.09092e-50	3.33011e-49	9.62767e-48	2.63461e-46	6.81942e-45	1.66829e-43	3.85397e-42	8.39902e-41	1.72487e-39	3.33394e-38	6.05687e-37	1.03269e-35	1.6497e-34	2.46463e-33	3.43654e-32	4.46208e-31	5.38164e-30	6.01246e-29	6.20329e-28	5.89056e-27	5.12902e-26	4.07827e-25	2.94801e-24	1.92786e-23	1.13461e-22	5.97647e-22	2.80147e-21	1.16188e-20	4.23921e-20	1.35312e-19	3.75915e-19	9.0617e-19	1.90349e-18	3.56211e-18	6.19307e-18	1.02167e-17	1.51723e-17	1.85752e-17	1.77719e-17	1.37532e-17	9.23632e-18	5.7176e-18	3.31249e-18	1.76525e-18	8.48684e-19	3.64795e-19	1.40121e-19	4.82847e-20	1.50116e-20	4.23681e-21	1.09226e-21	2.58733e-22	5.66293e-23	1.15118e-23	2.18394e-24	3.88369e-25	6.49994e-26	1.02763e-26	1.53993e-27	2.19399e-28	2.98037e-29	3.87022e-30	4.81571e-31	5.75435e-32	6.61636e-33	7.33391e-34	7.85043e-35	8.12801e-36	8.15174e-37	7.93031e-38	7.49307e-39	6.88461e-40	6.15793e-41	5.36761e-42	4.56399e-43	3.78903e-44	3.07403e-45	2.43916e-46	1.89435e-47	1.44107e-48	1.07452e-49	7.8584e-51	5.64042e-52	3.9756e-53	2.75329e-54	1.8745e-55	1.25229e-56	0	
0	5.27614e-67	2.79608e-65	1.40576e-63	6.71163e-62	3.04324e-60	1.31051e-58	5.35935e-57	2.08115e-55	7.67241e-54	2.68465e-52	8.9131e-51	2.80664e-49	8.37833e-48	2.36976e-46	6.34685e-45	1.60845e-43	3.85397e-42	8.72303e-41	1.86316e-39	3.75124e-38	7.11051e-37	1.26717e-35	2.1199e-34	3.32366e-33	4.8745e-32	6.67369e-31	8.51017e-30	1.00822e-28	1.10666e-27	1.12197e-26	1.04708e-25	8.96154e-25	7.00494e-24	4.97838e-23	3.20119e-22	1.85268e-21	9.59746e-21	4.425e-20	1.80547e-19	6.48281e-19	2.03755e-18	5.57867e-18	1.32683e-17	2.75299e-17	5.09086e-17	8.73875e-17	1.42211e-16	2.08629e-16	2.5329e-16	2.41608e-16	1.8736e-16	1.26633e-16	7.90781e-17	4.62048e-17	2.47998e-17	1.19963e-17	5.18557e-18	2.00264e-18	6.93725e-19	2.16768e-19	6.14735e-20	1.59193e-20	3.78676e-21	8.32035e-22	1.69748e-22	3.23108e-23	5.76359e-24	9.67401e-25	1.53356e-25	2.30384e-26	3.2901e-27	4.47927e-28	5.8288e-29	7.26712e-30	8.69986e-31	1.00209e-31	1.11265e-32	1.19294e-33	1.23702e-34	1.24246e-35	1.21042e-36	1.14523e-37	1.0536e-38	9.43566e-40	8.23454e-41	7.00979e-42	5.82602e-43	4.73171e-44	3.75838e-45	2.92183e-46	2.22485e-47	1.6605e-48	1.21549e-49	8.73193e-51	6.15987e-52	4.26952e-53	2.90912e-54	1.94493e-55	0	
0	1.68048e-65	8.66087e-64	4.23752e-62	1.97019e-60	8.70499e-59	3.65496e-57	1.45818e-55	5.52705e-54	1.98991e-52	6.80312e-51	2.20785e-49	6.79886e-48	1.98562e-46	5.49671e-45	1.44138e-43	3.57771e-42	8.39902e-41	1.86316e-39	3.90149e-38	7.70328e-37	1.43233e-35	2.50456e-34	4.11219e-33	6.32901e-32	9.11397e-31	1.22543e-29	1.53495e-28	1.78657e-27	1.92691e-26	1.91988e-25	1.76109e-24	1.48166e-23	1.13862e-22	7.95635e-22	5.03063e-21	2.86304e-20	1.45859e-19	6.6143e-19	2.65478e-18	9.38001e-18	2.90258e-17	7.83095e-17	1.83736e-16	3.76499e-16	6.87847e-16	1.16551e-15	1.87073e-15	2.71098e-15	3.2641e-15	3.10483e-15	2.41352e-15	1.64239e-15	1.03494e-15	6.09977e-16	3.29802e-16	1.60548e-16	6.98085e-17	2.71136e-17	9.44443e-18	2.96682e-18	8.45606e-19	2.20014e-19	5.25647e-20	1.15965e-20	2.37476e-21	4.53599e-22	8.1174e-23	1.36657e-23	2.1724e-24	3.2721e-25	4.68435e-26	6.39221e-27	8.33621e-28	1.04147e-28	1.24923e-29	1.4416e-30	1.60347e-31	1.72206e-32	1.78857e-33	1.79919e-34	1.75536e-35	1.66316e-36	1.53216e-37	1.37393e-38	1.20053e-39	1.0232e-40	8.51389e-42	6.92243e-43	5.50438e-44	4.28366e-45	3.2651e-46	2.43924e-47	1.78721e-48	1.28508e-49	9.07353e-51	6.29441e-52	4.29238e-53	2.87195e-54	0	
0	5.0038e-64	2.50977e-62	1.19583e-60	5.41782e-59	2.33401e-57	9.5605e-56	3.72311e-54	1.37817e-52	4.84807e-51	1.6202e-49	5.14214e-48	1.54919e-46	4.42819e-45	1.20022e-43	3.08258e-42	7.49665e-41	1.72487e-39	3.75124e-38	7.70328e-37	1.49197e-35	2.72195e-34	4.67118e-33	7.52882e-32	1.13774e-30	1.60899e-29	2.125e-28	2.61493e-27	2.9906e-26	3.16981e-25	3.10413e-24	2.79893e-23	2.315e-22	1.74909e-21	1.20174e-20	7.47147e-20	4.18137e-19	2.09485e-18	9.34248e-18	3.68831e-17	1.28216e-16	3.90563e-16	1.03813e-15	2.40244e-15	4.86087e-15	8.77184e-15	1.46684e-14	2.32171e-14	3.32324e-14	3.96844e-14	3.76504e-14	2.9349e-14	2.0117e-14	1.2796e-14	7.609e-15	4.145e-15	2.03108e-15	8.88614e-16	3.47218e-16	1.21655e-16	3.84308e-17	1.10117e-17	2.87929e-18	6.91071e-19	1.53109e-19	3.14772e-20	6.03425e-21	1.0835e-21	1.8298e-22	2.9173e-23	4.40609e-24	6.32396e-25	8.65043e-26	1.13069e-26	1.41564e-27	1.70152e-28	1.96732e-29	2.19226e-30	2.35853e-31	2.45371e-32	2.47223e-33	2.4157e-34	2.29217e-35	2.11459e-36	1.89877e-37	1.66128e-38	1.41766e-39	1.18104e-40	9.61386e-42	7.65302e-43	5.96222e-44	4.54928e-45	3.40204e-46	2.49508e-47	1.79576e-48	1.26909e-49	8.81163e-51	6.01413e-52	4.02717e-53	0	
0	1.39171e-62	6.79809e-61	3.15638e-59	1.39434e-57	5.86028e-56	2.34314e-54	8.91144e-53	3.22313e-51	1.10834e-49	3.62237e-48	1.12478e-46	3.31662e-45	9.28215e-44	2.46414e-42	6.20083e-41	1.47799e-39	3.33394e-38	7.11051e-37	1.43233e-35	2.72195e-34	4.87368e-33	8.21029e-32	1.29929e-30	1.92822e-29	2.67846e-28	3.47521e-27	4.20189e-26	4.72243e-25	4.91951e-24	4.73544e-23	4.19748e-22	3.41319e-21	2.53551e-20	1.71288e-19	1.04713e-18	5.76239e-18	2.83879e-17	1.24496e-16	4.83371e-16	1.65297e-15	4.95557e-15	1.29746e-14	2.96086e-14	5.91397e-14	1.05391e-13	1.73882e-13	2.71344e-13	3.83592e-13	4.54333e-13	4.30033e-13	3.36287e-13	2.32287e-13	1.49195e-13	8.95277e-14	4.91474e-14	2.42478e-14	1.06778e-14	4.19888e-15	1.48029e-15	4.70404e-16	1.35541e-16	3.56255e-17	8.59195e-18	1.91206e-18	3.94714e-19	7.59557e-20	1.36867e-20	2.31897e-21	3.70849e-22	5.61709e-23	8.08372e-24	1.10855e-24	1.45242e-25	1.82255e-26	2.19526e-27	2.54334e-28	2.83958e-29	3.06054e-30	3.18962e-31	3.21906e-32	3.15047e-33	2.99394e-34	2.76604e-35	2.48723e-36	2.17908e-37	1.86195e-38	1.55311e-39	1.26578e-40	1.00879e-41	7.86795e-43	6.00989e-44	4.49903e-45	3.30296e-46	2.37955e-47	1.68325e-48	1.16981e-49	7.99132e-51	5.35558e-52	0	
0	3.61198e-61	1.71938e-59	7.78408e-58	3.3548e-56	1.37634e-54	5.3745e-53	1.99723e-51	7.06148e-50	2.37475e-48	7.59352e-47	2.30777e-45	6.6628e-44	1.82642e-42	4.75064e-41	1.17168e-39	2.738e-38	6.05687e-37	1.26717e-35	2.50456e-34	4.67118e-33	8.21029e-32	1.35802e-30	2.11052e-29	3.07646e-28	4.19822e-27	5.35199e-26	6.35906e-25	7.02401e-24	7.19219e-23	6.80553e-22	5.93045e-21	4.74116e-20	3.46286e-19	2.30014e-18	1.38258e-17	7.48081e-17	3.62353e-16	1.56246e-15	5.9651e-15	2.00623e-14	5.91817e-14	1.52587e-13	3.43288e-13	6.76723e-13	1.1906e-12	1.93759e-12	2.98037e-12	4.16067e-12	4.88808e-12	4.61691e-12	3.62355e-12	2.52351e-12	1.63723e-12	9.91654e-13	5.4872e-13	2.72662e-13	1.20898e-13	4.78632e-14	1.69851e-14	5.43145e-15	1.57427e-15	4.16053e-16	1.00851e-16	2.25488e-17	4.67496e-18	9.03208e-19	1.63354e-19	2.77728e-20	4.45567e-21	6.76905e-22	9.76895e-23	1.34319e-23	1.76424e-24	2.21906e-25	2.67882e-26	3.11013e-27	3.47939e-28	3.75732e-29	3.92294e-30	3.96605e-31	3.88802e-32	3.70074e-33	3.42428e-34	3.08363e-35	2.70541e-36	2.31481e-37	1.93337e-38	1.57768e-39	1.25888e-40	9.82999e-42	7.51707e-43	5.63344e-44	4.14015e-45	2.98573e-46	2.11414e-47	1.47067e-48	1.00559e-49	6.74505e-51	0	
0	8.73747e-60	4.0557e-58	1.79139e-56	7.53652e-55	3.01975e-53	1.15221e-51	4.1857e-50	1.44734e-48	4.76219e-47	1.49044e-45	4.43515e-44	1.25421e-42	3.36864e-41	8.58787e-40	2.0766e-38	4.75892e-37	1.03269e-35	2.1199e-34	4.11219e-33	7.52882e-32	1.29929e-30	2.11052e-29	3.22168e-28	4.61347e-27	6.18573e-26	7.74908e-25	9.04881e-24	9.82412e-23	9.88827e-22	9.19827e-21	7.8803e-20	6.19396e-19	4.44793e-18	2.9048e-17	1.71666e-16	9.1318e-16	4.34845e-15	1.84329e-14	6.91827e-14	2.28786e-13	6.6389e-13	1.68511e-12	3.73645e-12	7.26742e-12	1.26196e-11	2.02517e-11	3.06972e-11	4.2313e-11	4.93107e-11	4.64896e-11	3.66369e-11	2.57375e-11	1.68737e-11	1.03185e-11	5.75665e-12	2.88203e-12	1.28723e-12	5.13286e-13	1.83426e-13	5.90471e-14	1.72215e-14	4.57781e-15	1.11561e-15	2.50664e-16	5.22056e-17	1.01286e-17	1.83899e-18	3.13787e-19	5.05115e-20	7.69789e-21	1.11423e-21	1.53628e-22	2.02313e-23	2.55098e-24	3.08672e-25	3.59167e-26	4.02657e-27	4.35694e-28	4.55769e-29	4.61619e-30	4.53326e-31	4.32211e-32	4.00562e-33	3.61267e-34	3.17423e-35	2.71978e-36	2.27471e-37	1.85865e-38	1.48495e-39	1.16094e-40	8.88821e-42	6.66857e-43	4.90628e-44	3.54199e-45	2.5106e-46	1.74819e-47	1.19651e-48	8.03288e-50	0	
0	1.96735e-58	8.9099e-57	3.84175e-55	1.57855e-53	6.18043e-52	2.30535e-50	8.19063e-49	2.77105e-47	8.92426e-46	2.73485e-44	7.97135e-43	2.20873e-41	5.81454e-40	1.45332e-38	3.44642e-37	7.74781e-36	1.6497e-34	3.32366e-33	6.32901e-32	1.13774e-30	1.92822e-29	3.07646e-28	4.61347e-27	6.49115e-26	8.55245e-25	1.05295e-23	1.20852e-22	1.28973e-21	1.27614e-20	1.16704e-19	9.82959e-19	7.59599e-18	5.36285e-17	3.44321e-16	2.00042e-15	1.04605e-14	4.89615e-14	2.03989e-13	7.52487e-13	2.44611e-12	6.98007e-12	1.74359e-11	3.80908e-11	7.30755e-11	1.25203e-10	1.98067e-10	2.95774e-10	4.0248e-10	4.65289e-10	4.37992e-10	3.46759e-10	2.45861e-10	1.62945e-10	1.00628e-10	5.662e-11	2.85711e-11	1.28603e-11	5.16754e-12	1.86045e-12	6.03158e-13	1.77084e-13	4.73615e-14	1.16073e-14	2.6216e-15	5.48619e-16	1.06911e-16	1.94907e-17	3.33838e-18	5.39299e-19	8.24611e-20	1.19729e-20	1.65563e-21	2.18631e-22	2.7639e-23	3.35258e-24	3.91011e-25	4.39328e-26	4.76374e-27	4.99323e-28	5.067e-29	4.98507e-30	4.76118e-31	4.41992e-32	3.99273e-33	3.51357e-34	3.01499e-35	2.52519e-36	2.06614e-37	1.6529e-38	1.29389e-39	9.91824e-41	7.45018e-42	5.48761e-43	3.96605e-44	2.81419e-45	1.96163e-46	1.34394e-47	9.03118e-49	0	
0	4.11682e-57	1.82015e-55	7.66525e-54	3.07771e-52	1.17803e-50	4.29763e-49	1.49398e-47	4.94736e-46	1.56015e-44	4.68319e-43	1.33752e-41	3.63252e-40	9.37573e-39	2.29826e-37	5.34649e-36	1.17937e-34	2.46463e-33	4.8745e-32	9.11397e-31	1.60899e-29	2.67846e-28	4.19822e-27	6.18573e-26	8.55245e-25	1.10743e-23	1.34009e-22	1.51188e-21	1.5861e-20	1.54284e-19	1.3871e-18	1.1486e-17	8.7262e-17	6.05661e-16	3.82267e-15	2.18302e-14	1.12197e-13	5.16083e-13	2.1128e-12	7.658e-12	2.4462e-11	6.86165e-11	1.68614e-10	3.62782e-10	6.86236e-10	1.1597e-09	1.80794e-09	2.65894e-09	3.57124e-09	4.09569e-09	3.85066e-09	3.0643e-09	2.1941e-09	1.47058e-09	9.17418e-10	5.20798e-10	2.65005e-10	1.20274e-10	4.87268e-11	1.7683e-11	5.77621e-12	1.70783e-12	4.59739e-13	1.13347e-13	2.57414e-14	5.41416e-15	1.06e-15	1.94084e-16	3.33764e-17	5.412e-18	8.30413e-19	1.20967e-19	1.67789e-20	2.22214e-21	2.81689e-22	3.4257e-23	4.0052e-24	4.51059e-25	4.90177e-26	5.14873e-27	5.2353e-28	5.16052e-29	4.93779e-30	4.59192e-31	4.15508e-32	3.66233e-33	3.14751e-34	2.64011e-35	2.16326e-36	1.73298e-37	1.35838e-38	1.04259e-39	7.84124e-41	5.78256e-42	4.18406e-43	2.97221e-44	2.07402e-45	1.42244e-46	9.56805e-48	0	
0	7.99213e-56	3.4514e-54	1.42036e-52	5.57547e-51	2.08727e-49	7.45071e-48	2.53529e-46	8.22114e-45	2.53952e-43	7.46962e-42	2.09105e-40	5.56811e-39	1.40949e-37	3.38946e-36	7.73713e-35	1.67512e-33	3.43654e-32	6.67369e-31	1.22543e-29	2.125e-28	3.47521e-27	5.35199e-26	7.74908e-25	1.05295e-23	1.34009e-22	1.59401e-21	1.76781e-20	1.82319e-19	1.74348e-18	1.54101e-17	1.25447e-16	9.36904e-16	6.39223e-15	3.96558e-14	2.22568e-13	1.12406e-12	5.08e-12	2.04301e-11	7.2735e-11	2.28219e-10	6.29007e-10	1.51986e-09	3.21915e-09	6.00162e-09	1.00003e-08	1.53581e-08	2.22379e-08	2.94741e-08	3.35346e-08	3.15003e-08	2.52116e-08	1.82409e-08	1.23692e-08	7.79765e-09	4.46775e-09	2.29365e-09	1.05026e-09	4.29253e-10	1.57108e-10	5.17343e-11	1.54109e-11	4.17724e-12	1.03643e-12	2.36748e-13	5.00622e-14	9.84988e-15	1.81175e-15	3.12889e-16	5.0936e-17	7.84449e-18	1.14667e-18	1.59569e-19	2.11974e-20	2.69484e-21	3.28622e-22	3.85206e-23	4.34876e-24	4.73691e-25	4.9866e-26	5.08115e-27	5.01868e-28	4.81131e-29	4.48254e-30	4.06327e-31	3.58746e-32	3.08818e-33	2.59438e-34	2.12899e-35	1.70799e-36	1.34065e-37	1.03037e-38	7.75937e-40	5.72936e-41	4.15059e-42	2.95189e-43	2.06218e-44	1.41587e-45	9.53369e-47	0	
0	1.43654e-54	6.06263e-53	2.43927e-51	9.36539e-50	3.4307e-48	1.19876e-46	3.99439e-45	1.2688e-43	3.84058e-42	1.1073e-40	3.03933e-39	7.93766e-38	1.9712e-36	4.65148e-35	1.04216e-33	2.21506e-32	4.46208e-31	8.51017e-30	1.53495e-28	2.61493e-27	4.20189e-26	6.35906e-25	9.04881e-24	1.20852e-22	1.51188e-21	1.76781e-20	1.92736e-19	1.95412e-18	1.83709e-17	1.59626e-16	1.2774e-15	9.37781e-15	6.28868e-14	3.83408e-13	2.11447e-12	1.04914e-11	4.65715e-11	1.83929e-10	6.4295e-10	1.98074e-09	5.36148e-09	1.27319e-08	2.65336e-08	4.87338e-08	8.00338e-08	1.21038e-07	1.72489e-07	2.25549e-07	2.546e-07	2.3903e-07	1.9253e-07	1.40843e-07	9.66669e-08	6.16025e-08	3.56406e-08	1.84711e-08	8.53887e-09	3.52309e-09	1.30128e-09	4.32199e-10	1.29776e-10	3.54357e-11	8.85141e-12	2.03442e-12	4.32643e-13	8.55706e-14	1.5816e-14	2.74373e-15	4.48533e-16	6.93478e-17	1.01741e-17	1.42069e-18	1.89338e-19	2.41441e-20	2.95275e-21	3.47061e-22	3.92826e-23	4.2894e-24	4.52605e-25	4.62213e-26	4.57499e-27	4.39485e-28	4.10247e-29	3.72565e-30	3.29524e-31	2.84146e-32	2.39103e-33	1.96521e-34	1.57899e-35	1.24121e-36	9.55291e-38	7.20375e-39	5.3261e-40	3.86335e-41	2.75098e-42	1.92412e-43	1.3226e-44	8.91533e-46	0	
0	2.38535e-53	9.84281e-52	3.87362e-50	1.45532e-48	5.21868e-47	1.78572e-45	5.8289e-44	1.81439e-42	5.38352e-41	1.52194e-39	4.09726e-38	1.0498e-36	2.55829e-35	5.92536e-34	1.30334e-32	2.72016e-31	5.38164e-30	1.00822e-28	1.78657e-27	2.9906e-26	4.72243e-25	7.02401e-24	9.82412e-23	1.28973e-21	1.5861e-20	1.82319e-19	1.95412e-18	1.94773e-17	1.80007e-16	1.53753e-15	1.20942e-14	8.72653e-14	5.75087e-13	3.44509e-12	1.86648e-11	9.09581e-11	3.96467e-10	1.5371e-09	5.27346e-09	1.59431e-08	4.23592e-08	9.88019e-08	2.02484e-07	3.66196e-07	5.9248e-07	8.82023e-07	1.23664e-06	1.59497e-06	1.78628e-06	1.67685e-06	1.36014e-06	1.00667e-06	6.99627e-07	4.50871e-07	2.63538e-07	1.37971e-07	6.44395e-08	2.68594e-08	1.00183e-08	3.35815e-09	1.01696e-09	2.7986e-10	7.04079e-11	1.62892e-11	3.48506e-12	6.93141e-13	1.28774e-13	2.24465e-14	3.68581e-15	5.72234e-16	8.428e-17	1.18116e-17	1.57956e-18	2.02075e-19	2.47885e-20	2.92201e-21	3.31638e-22	3.63066e-23	3.84043e-24	3.93117e-25	3.89979e-26	3.75425e-27	3.51166e-28	3.19534e-29	2.83149e-30	2.44597e-31	2.06179e-32	1.69742e-33	1.36601e-34	1.07544e-35	8.28937e-37	6.25989e-38	4.63466e-39	3.36631e-40	2.40016e-41	1.68084e-42	1.15678e-43	7.80648e-45	0	
0	3.64977e-52	1.4732e-50	5.67356e-49	2.0867e-47	7.32795e-46	2.45645e-44	7.85771e-43	2.39767e-41	6.97596e-40	1.93434e-38	5.10908e-37	1.28462e-35	3.07283e-34	6.98742e-33	1.50924e-31	3.0937e-30	6.01246e-29	1.10666e-27	1.92691e-26	3.16981e-25	4.91951e-24	7.19219e-23	9.88827e-22	1.27614e-20	1.54284e-19	1.74348e-18	1.83709e-17	1.80007e-16	1.63535e-15	1.373e-14	1.06146e-13	7.52647e-13	4.87345e-12	2.86796e-11	1.52603e-10	7.30184e-10	3.12406e-09	1.1885e-08	3.99996e-08	1.18612e-07	3.09141e-07	7.07791e-07	1.42555e-06	2.53724e-06	4.04247e-06	5.92167e-06	8.16536e-06	1.03851e-05	1.15402e-05	1.08365e-05	8.85769e-06	6.63684e-06	4.67271e-06	3.04647e-06	1.80005e-06	9.52679e-07	4.49899e-07	1.89592e-07	7.14634e-08	2.41913e-08	7.3927e-09	2.05143e-09	5.20053e-10	1.21161e-10	2.60893e-11	5.21973e-12	9.7507e-13	1.7083e-13	2.8184e-14	4.39502e-15	6.49987e-16	9.14473e-17	1.22738e-17	1.57559e-18	1.93904e-19	2.29269e-20	2.60966e-21	2.86483e-22	3.03827e-23	3.11779e-24	3.10024e-25	2.99129e-26	2.80405e-27	2.55675e-28	2.2701e-29	1.96474e-30	1.65917e-31	1.36835e-32	1.10304e-33	8.69828e-35	6.71503e-36	5.07867e-37	3.76561e-38	2.73895e-39	1.95552e-40	1.37128e-41	9.44944e-43	6.38461e-44	0	
0	5.13134e-51	2.027e-49	7.6424e-48	2.75281e-46	9.47086e-45	3.11134e-43	9.75675e-42	2.91941e-40	8.33155e-39	2.26665e-37	5.87531e-36	1.4501e-34	3.40559e-33	7.60477e-32	1.61333e-30	3.24872e-29	6.20329e-28	1.12197e-26	1.91988e-25	3.10413e-24	4.73544e-23	6.80553e-22	9.19827e-21	1.16704e-19	1.3871e-18	1.54101e-17	1.59626e-16	1.53753e-15	1.373e-14	1.13294e-13	8.6072e-13	5.99644e-12	3.81414e-11	2.20439e-10	1.15163e-09	5.40858e-09	2.27049e-08	8.47206e-08	2.79568e-07	8.12652e-07	2.07639e-06	4.66326e-06	9.22421e-06	1.61479e-05	2.5324e-05	3.64892e-05	4.94677e-05	6.20275e-05	6.83956e-05	6.42745e-05	5.29794e-05	4.02113e-05	2.86918e-05	1.89328e-05	1.13154e-05	6.05895e-06	2.89566e-06	1.23474e-06	4.70687e-07	1.61017e-07	4.96846e-08	1.39101e-08	3.55509e-09	8.34454e-10	1.80917e-10	3.64259e-11	6.84441e-12	1.20565e-12	1.99917e-13	3.13222e-14	4.65272e-15	6.57301e-16	8.85635e-17	1.14104e-17	1.40909e-18	1.67151e-19	1.90847e-20	2.1012e-21	2.23458e-22	2.29913e-23	2.29193e-24	2.21669e-25	2.0827e-26	1.90318e-27	1.69336e-28	1.46853e-29	1.24253e-30	1.02664e-31	8.29073e-33	6.54909e-34	5.06427e-35	3.83632e-36	2.84886e-37	2.07525e-38	1.48381e-39	1.04196e-40	7.18987e-42	4.86414e-43	0	
0	6.608e-50	2.55571e-48	9.43737e-47	3.33051e-45	1.123e-43	3.61683e-42	1.11225e-40	3.26458e-39	9.14131e-38	2.44074e-36	6.21045e-35	1.505e-33	3.47108e-32	7.61328e-31	1.5867e-29	3.13932e-28	5.89056e-27	1.04708e-25	1.76109e-24	2.79893e-23	4.19748e-22	5.93045e-21	7.8803e-20	9.82959e-19	1.1486e-17	1.25447e-16	1.2774e-15	1.20942e-14	1.06146e-13	8.6072e-13	6.42477e-12	4.39685e-11	2.74658e-10	1.5585e-09	7.9914e-09	3.68235e-08	1.51609e-07	5.54601e-07	1.79346e-06	5.1074e-06	1.27848e-05	2.81451e-05	5.46396e-05	9.40264e-05	0.000145084	0.000205568	0.000273924	0.000338577	0.000370506	0.00034861	0.000289954	0.000223049	0.000161347	0.000107802	6.52131e-05	3.53589e-05	1.71168e-05	7.39168e-06	2.85186e-06	9.86583e-07	3.07583e-07	8.69311e-08	2.24109e-08	5.3023e-09	1.15803e-09	2.34738e-10	4.43837e-11	7.86368e-12	1.31098e-12	2.06435e-13	3.08091e-14	4.37169e-15	5.91473e-16	7.65019e-17	9.48203e-18	1.12869e-18	1.29293e-19	1.42793e-20	1.52306e-21	1.57146e-22	1.57073e-23	1.52304e-24	1.43447e-25	1.31389e-26	1.17164e-27	1.01826e-28	8.63331e-30	7.14738e-31	5.78291e-32	4.57646e-33	3.54513e-34	2.69011e-35	2.00098e-36	1.45994e-37	1.04547e-38	7.35242e-40	5.08077e-41	3.44199e-42	0	
0	7.76695e-49	2.94235e-47	1.06457e-45	3.68226e-44	1.2173e-42	3.84491e-41	1.1599e-39	3.34054e-38	9.18066e-37	2.40637e-35	6.01218e-34	1.43087e-32	3.24159e-31	6.98507e-30	1.43042e-28	2.78121e-27	5.12902e-26	8.96154e-25	1.48166e-23	2.315e-22	3.41319e-21	4.74116e-20	6.19396e-19	7.59599e-18	8.7262e-17	9.36904e-16	9.37781e-15	8.72653e-14	7.52647e-13	5.99644e-12	4.39685e-11	2.95508e-10	1.81234e-09	1.00934e-08	5.07782e-08	2.29475e-07	9.26209e-07	3.32006e-06	1.05161e-05	2.93234e-05	7.18682e-05	0.000154984	0.000295105	0.000498938	0.000757216	0.00105483	0.00138143	0.0016831	0.00182821	0.00172308	0.00144696	0.00112857	0.000827837	0.000560248	0.000343257	0.000188618	9.25673e-05	4.0516e-05	1.58328e-05	5.5427e-06	1.74703e-06	4.98741e-07	1.29767e-07	3.09639e-08	6.81566e-09	1.39158e-09	2.64883e-10	4.72229e-11	7.91831e-12	1.2536e-12	1.88036e-13	2.68076e-14	3.64305e-15	4.73162e-16	5.88766e-17	7.03438e-18	8.08623e-19	8.96024e-20	9.58739e-21	9.92172e-22	9.94549e-23	9.66986e-24	9.13123e-25	8.38448e-26	7.49461e-27	6.52839e-28	5.54724e-29	4.60217e-30	3.73116e-31	2.95854e-32	2.29614e-33	1.74553e-34	1.30066e-35	9.50594e-37	6.81848e-38	4.80286e-39	3.32408e-40	2.25521e-41	0	
0	8.29979e-48	3.08101e-46	1.09266e-44	3.70567e-43	1.20149e-41	3.723e-40	1.10211e-38	3.11547e-37	8.40584e-36	2.16353e-34	5.30893e-33	1.24116e-31	2.76258e-30	5.84948e-29	1.17723e-27	2.24973e-26	4.07827e-25	7.00494e-24	1.13862e-22	1.74909e-21	2.53551e-20	3.46286e-19	4.44793e-18	5.36285e-17	6.05661e-16	6.39223e-15	6.28868e-14	5.75087e-13	4.87345e-12	3.81414e-11	2.74658e-10	1.81234e-09	1.09091e-08	5.96084e-08	2.94104e-07	1.30297e-06	5.15343e-06	1.80939e-05	5.61126e-05	0.000153142	0.000367326	0.000775579	0.0014477	0.0024038	0.00358747	0.00491332	0.00632458	0.00759674	0.00819299	0.00773827	0.00656357	0.00519153	0.00386196	0.0026481	0.00164421	0.000916305	0.000456238	0.000202535	8.02128e-05	2.84325e-05	9.06551e-06	2.61564e-06	6.87259e-07	1.65477e-07	3.67299e-08	7.55753e-09	1.44891e-09	2.60036e-10	4.38741e-11	6.98628e-12	1.0536e-12	1.50971e-13	2.06141e-14	2.68936e-15	3.36054e-16	4.03106e-17	4.65127e-18	5.17241e-19	5.55318e-20	5.76534e-21	5.79687e-22	5.6527e-23	5.35274e-24	4.92813e-25	4.41637e-26	3.85644e-27	3.28458e-28	2.73117e-29	2.21909e-30	1.76327e-31	1.37126e-32	1.04448e-33	7.7975e-35	5.70924e-36	4.10241e-37	2.89464e-38	2.00672e-39	1.3636e-40	0	
0	8.02848e-47	2.92159e-45	1.01598e-43	3.37965e-42	1.07508e-40	3.26924e-39	9.49971e-38	2.63657e-36	6.98581e-35	1.76604e-33	4.25722e-32	9.77913e-31	2.13895e-29	4.4512e-28	8.80529e-27	1.65417e-25	2.94801e-24	4.97838e-23	7.95635e-22	1.20174e-20	1.71288e-19	2.30014e-18	2.9048e-17	3.44321e-16	3.82267e-15	3.96558e-14	3.83408e-13	3.44509e-12	2.86796e-11	2.20439e-10	1.5585e-09	1.00934e-08	5.96084e-08	3.19433e-07	1.54508e-06	6.7079e-06	2.59885e-05	8.935e-05	0.000271243	0.000724463	0.00170041	0.00351447	0.00642896	0.0104804	0.0153782	0.0207069	0.026202	0.0310326	0.0332396	0.0314755	0.0269766	0.0216424	0.0163292	0.0113481	0.00714446	0.00404048	0.0020421	0.000919788	0.000369306	0.000132594	4.2785e-05	1.24827e-05	3.31392e-06	8.05626e-07	1.80423e-07	3.74329e-08	7.23204e-09	1.30727e-09	2.22045e-10	3.55783e-11	5.39691e-12	7.77554e-13	1.06715e-13	1.39895e-14	1.75603e-15	2.11544e-16	2.45082e-17	2.73589e-18	2.94801e-19	3.07125e-20	3.09824e-21	3.0307e-22	2.87851e-23	2.65779e-24	2.38835e-25	2.09106e-26	1.7855e-27	1.48829e-28	1.21208e-29	9.65289e-31	7.52324e-32	5.74243e-33	4.29572e-34	3.15147e-35	2.26882e-36	1.60383e-37	1.11385e-38	7.58166e-40	0	
