0	0	0	0	0	0	0	0	0	0	0	0	0	0	0	0	0	0	0	0	0	0	0	0	0	0	0	0	0	0	0	0	0	0	0	0	0	0	0	0	0	0	0	0	0	0	0	0	0	0	0	0	0	0	0	0	0	0	0	0	0	0	0	0	0	0	0	0	0	0	0	0	0	0	0	0	0	0	0	0	0	0	0	0	0	0	0	0	0	0	0	0	0	0	0	0	0	0	0	0	
0	0	0	0	0	0	0	0	0	0	0	0	0	1.46168e-99	1.99841e-96	1.32061e-93	5.61775e-91	1.72847e-88	4.09757e-86	7.78517e-84	1.21746e-81	1.59707e-79	1.78211e-77	1.70937e-75	1.4206e-73	1.02905e-71	6.52609e-70	3.63479e-68	1.78153e-66	7.6919e-65	2.92579e-63	9.79647e-62	2.88255e-60	7.43415e-59	1.67454e-57	3.27944e-56	5.55315e-55	8.07731e-54	1.00166e-52	1.0502e-51	9.22521e-51	6.7204e-50	4.00647e-49	1.91346e-48	7.06342e-48	1.9413e-47	4.33253e-47	1.14619e-46	3.18217e-46	6.27259e-46	6.24536e-46	4.01434e-46	1.98764e-46	8.82189e-47	3.75956e-47	1.50317e-47	5.39767e-48	1.70434e-48	4.72665e-49	1.16028e-49	2.54699e-50	5.05052e-51	9.12975e-52	1.51667e-52	2.33174e-53	3.33806e-54	4.47382e-55	5.64035e-56	6.71766e-57	7.58684e-58	8.15293e-59	8.36201e-60	8.20841e-61	7.73136e-62	7.00331e-63	6.11386e-64	5.15385e-65	4.20267e-66	3.32052e-67	2.54585e-68	1.89677e-69	1.37504e-70	9.71097e-72	6.68875e-73	4.49799e-74	2.95606e-75	1.90032e-76	1.19601e-77	7.37549e-79	4.45992e-80	2.64639e-81	1.54195e-82	8.82774e-84	4.96887e-85	2.75134e-86	1.49949e-87	8.04792e-89	4.25572e-90	2.21669e-91	0	
0	0	0	0	0	0	0	0	0	0	0	0	1.97469e-99	2.78868e-96	1.90556e-93	8.39156e-91	2.67613e-88	6.58432e-86	1.30019e-83	2.11647e-81	2.89478e-79	3.37397e-77	3.3869e-75	2.95203e-73	2.24791e-71	1.50244e-69	8.84401e-68	4.59558e-66	2.11087e-64	8.57483e-63	3.07949e-61	9.76595e-60	2.72937e-58	6.70321e-57	1.44126e-55	2.70024e-54	4.38324e-53	6.1239e-52	7.30813e-51	7.38728e-50	6.26764e-49	4.41804e-48	2.55349e-47	1.18505e-46	4.26673e-46	1.1524e-45	2.55478e-45	6.64844e-45	1.7977e-44	3.46195e-44	3.42173e-44	2.19692e-44	1.09234e-44	4.89635e-45	2.1115e-45	8.52432e-46	3.08209e-46	9.78185e-47	2.72437e-47	6.71341e-48	1.47903e-48	2.94291e-49	5.33728e-50	8.89396e-51	1.37135e-51	1.96855e-52	2.64507e-53	3.34267e-54	3.98992e-55	4.51542e-56	4.86163e-57	4.99519e-58	4.91159e-59	4.63335e-60	4.20315e-61	3.67435e-62	3.10139e-63	2.53207e-64	2.00288e-65	1.53728e-66	1.14651e-67	8.31964e-69	5.88105e-70	4.05435e-71	2.72874e-72	1.79476e-73	1.15467e-74	7.27257e-76	4.48801e-77	2.71574e-78	1.61251e-79	9.40141e-81	5.38567e-82	3.03323e-83	1.68051e-84	9.16393e-86	4.921e-87	2.60357e-88	1.35678e-89	0	
0	0	0	0	0	0	0	0	0	0	0	2.52414e-99	3.67818e-96	2.59606e-93	1.1821e-90	3.90247e-88	9.95164e-86	2.03945e-83	3.4503e-81	4.91204e-79	5.96903e-77	6.25834e-75	5.70841e-73	4.55862e-71	3.20272e-69	1.98675e-67	1.09101e-65	5.31241e-64	2.29559e-62	8.80353e-61	2.9941e-59	9.01741e-58	2.39951e-56	5.62411e-55	1.15655e-53	2.0766e-52	3.23667e-51	4.3498e-50	5.002e-49	4.88044e-48	4.00362e-47	2.73337e-46	1.53294e-45	6.91891e-45	2.43169e-44	6.4576e-44	1.42136e-43	3.63774e-43	9.58597e-43	1.80488e-42	1.77115e-42	1.13608e-42	5.6741e-43	2.56934e-43	1.12119e-43	4.56941e-44	1.66327e-44	5.30562e-45	1.48399e-45	3.67108e-46	8.11746e-47	1.62083e-47	2.94933e-48	4.93014e-49	7.62414e-50	1.09745e-50	1.47838e-51	1.87274e-52	2.2403e-53	2.54058e-54	2.7406e-55	2.82091e-56	2.77831e-57	2.62498e-58	2.38471e-59	2.08753e-60	1.76427e-61	1.44215e-62	1.14204e-63	8.77503e-65	6.5512e-66	4.75848e-67	3.36682e-68	2.32311e-69	1.56486e-70	1.03008e-71	6.63217e-73	4.18031e-74	2.58156e-75	1.5632e-76	9.28782e-78	5.41851e-79	3.10594e-80	1.75031e-81	9.70283e-83	5.29395e-84	2.84436e-85	1.50565e-86	7.85005e-88	0	
0	0	0	0	0	0	0	0	0	0	3.05397e-99	4.58766e-96	3.34109e-93	1.57138e-90	5.36393e-88	1.41596e-85	3.00758e-83	5.28051e-81	7.81287e-79	9.88197e-77	1.0802e-74	1.02906e-72	8.59972e-71	6.33597e-69	4.13131e-67	2.3907e-65	1.23015e-63	5.63476e-62	2.2985e-60	8.3469e-59	2.69569e-57	7.72906e-56	1.96253e-54	4.3987e-53	8.66709e-52	1.49383e-50	2.23896e-49	2.89829e-48	3.21546e-47	3.03162e-46	2.40698e-45	1.59305e-44	8.67636e-44	3.81162e-43	1.30862e-42	3.41849e-42	7.4669e-42	1.87913e-41	4.82871e-41	8.89538e-41	8.66819e-41	5.55588e-41	2.78816e-41	1.27575e-41	5.63311e-42	2.31719e-42	8.49024e-43	2.72187e-43	7.64577e-44	1.89887e-44	4.21449e-45	8.44521e-46	1.54192e-46	2.58572e-47	4.0106e-48	5.78908e-49	7.81869e-50	9.9281e-51	1.19032e-51	1.35265e-52	1.46194e-53	1.50747e-54	1.48717e-55	1.40728e-56	1.28034e-57	1.12231e-58	9.49738e-60	7.77273e-61	6.16232e-62	4.74002e-63	3.54241e-64	2.57555e-65	1.82401e-66	1.25968e-67	8.49252e-69	5.59478e-70	3.605e-71	2.27396e-72	1.4053e-73	8.51527e-75	5.06276e-76	2.95551e-77	1.69517e-78	9.55863e-80	5.30188e-81	2.89437e-82	1.55594e-83	8.24068e-85	4.29855e-86	0	
0	0	0	0	0	0	0	0	0	3.49851e-99	5.41286e-96	4.06375e-93	1.97212e-90	6.95317e-88	1.89786e-85	4.1729e-83	7.59341e-81	1.16595e-78	1.53262e-76	1.74373e-74	1.73186e-72	1.51155e-70	1.16537e-68	7.96827e-67	4.84655e-65	2.62784e-63	1.27193e-61	5.49944e-60	2.1241e-58	7.32412e-57	2.25164e-55	6.15961e-54	1.49541e-52	3.21095e-51	6.07207e-50	1.00614e-48	1.4521e-47	1.81283e-46	1.94255e-45	1.77158e-44	1.36258e-43	8.74962e-43	4.63141e-42	1.98181e-41	6.65123e-41	1.70983e-40	3.70453e-40	9.16576e-40	2.29804e-39	4.14482e-39	4.01143e-39	2.56968e-39	1.29617e-39	5.99446e-40	2.67821e-40	1.11176e-40	4.0999e-41	1.32094e-41	3.72659e-42	9.29239e-43	2.0703e-43	4.16368e-44	7.62827e-45	1.28337e-45	1.99661e-46	2.89013e-47	3.91359e-48	4.98147e-49	5.98585e-50	6.81633e-51	7.3813e-52	7.62481e-53	7.53473e-54	7.14112e-55	6.50643e-56	5.71122e-57	4.83926e-58	3.96531e-59	3.14737e-60	2.42358e-61	1.81311e-62	1.31954e-63	9.35378e-65	6.46563e-66	4.36272e-67	2.87647e-68	1.85491e-69	1.17092e-70	7.24151e-72	4.39099e-73	2.61243e-74	1.52606e-75	8.75838e-77	4.94162e-78	2.74258e-79	1.49806e-80	8.05765e-82	4.26982e-83	2.22835e-84	0	
0	0	0	0	0	0	0	0	3.7954e-99	6.04302e-96	4.67273e-93	2.33764e-90	8.50428e-88	2.39753e-85	5.45062e-83	1.02671e-80	1.6339e-78	2.22886e-76	2.63536e-74	2.72425e-72	2.47881e-70	1.99591e-68	1.42804e-66	9.10793e-65	5.19038e-63	2.64713e-61	1.20936e-59	4.95077e-58	1.81551e-56	5.95856e-55	1.7476e-53	4.57052e-52	1.06287e-50	2.18997e-49	3.98063e-48	6.34989e-47	8.83579e-46	1.06504e-44	1.10344e-43	9.74313e-43	7.26549e-42	4.52999e-41	2.33209e-40	9.72678e-40	3.19311e-39	8.0807e-39	1.73583e-38	4.22183e-38	1.03331e-37	1.82586e-37	1.75535e-37	1.12407e-37	5.70086e-38	2.66554e-38	1.20498e-38	5.04694e-39	1.87303e-39	6.06476e-40	1.71845e-40	4.30259e-41	9.62343e-42	1.94263e-42	3.57162e-43	6.0287e-44	9.40806e-45	1.36572e-45	1.85424e-46	2.36597e-47	2.84944e-48	3.25156e-49	3.52791e-50	3.65088e-51	3.61382e-52	3.43041e-53	3.13013e-54	2.75137e-55	2.33433e-56	1.91511e-57	1.52184e-58	1.17316e-59	8.78571e-61	6.40041e-62	4.54132e-63	3.14194e-64	2.12188e-65	1.40018e-66	9.03636e-68	5.7086e-69	3.53305e-70	2.14384e-71	1.27635e-72	7.46075e-74	4.28462e-75	2.41894e-76	1.3433e-77	7.34169e-79	3.9511e-80	2.09486e-81	1.09382e-82	0	
0	0	0	0	0	0	0	3.8998e-99	6.38482e-96	5.08063e-93	2.61782e-90	9.81743e-88	2.85582e-85	6.70586e-83	1.30606e-80	2.15148e-78	3.04175e-76	3.7323e-74	4.0095e-72	3.79709e-70	3.18731e-68	2.3816e-66	1.5894e-64	9.49753e-63	5.09077e-61	2.45051e-59	1.05992e-57	4.11942e-56	1.43779e-54	4.50153e-53	1.26209e-51	3.16136e-50	7.05372e-49	1.39676e-47	2.44369e-46	3.75755e-45	5.04693e-44	5.87988e-43	5.89562e-42	5.0445e-41	3.64997e-40	2.21121e-39	1.10787e-38	4.50668e-38	1.44796e-37	3.60833e-37	7.68166e-37	1.83631e-36	4.38962e-36	7.6034e-36	7.26248e-36	4.65008e-36	2.37205e-36	1.12161e-36	5.13004e-37	2.16763e-37	8.09506e-38	2.63421e-38	7.49725e-39	1.88499e-39	4.23299e-40	8.57749e-41	1.58269e-41	2.68049e-42	4.19612e-43	6.10895e-44	8.31635e-45	1.06377e-45	1.28407e-46	1.46838e-47	1.5963e-48	1.65494e-49	1.64092e-50	1.56012e-51	1.42566e-52	1.2549e-53	1.06609e-54	8.75716e-56	6.96701e-57	5.37671e-58	4.03085e-59	2.93944e-60	2.08764e-61	1.44568e-62	9.77181e-64	6.45362e-65	4.16835e-66	2.63534e-67	1.63224e-68	9.91144e-70	5.90495e-71	3.45399e-72	1.98487e-73	1.12129e-74	6.23061e-76	3.40728e-77	1.83475e-78	9.73319e-80	5.08476e-81	0	
0	0	0	0	0	0	3.7954e-99	6.38482e-96	5.22428e-93	2.77013e-90	1.06997e-87	3.2085e-85	7.77375e-83	1.56378e-80	2.66351e-78	3.89792e-76	4.9569e-74	5.52603e-72	5.43843e-70	4.75119e-68	3.70096e-66	2.57937e-64	1.61273e-62	9.06397e-61	4.58534e-59	2.0896e-57	8.58032e-56	3.17375e-54	1.05664e-52	3.16217e-51	8.49057e-50	2.04035e-48	4.37461e-47	8.33665e-46	1.40568e-44	2.08591e-43	2.70723e-42	3.05146e-41	2.96369e-40	2.45926e-39	1.72779e-38	1.01771e-37	4.96536e-37	1.97113e-36	6.2015e-36	1.5222e-35	3.21017e-35	7.54155e-35	1.76151e-34	2.99261e-34	2.84043e-34	1.8189e-34	9.33576e-35	4.46542e-35	2.06637e-35	8.80695e-36	3.30941e-36	1.08232e-36	3.09435e-37	7.81339e-38	1.76181e-38	3.584e-39	6.63744e-40	1.128e-40	1.77143e-41	2.58654e-42	3.53071e-43	4.52754e-44	5.47779e-45	6.27743e-46	6.83781e-47	7.10207e-48	7.05398e-49	6.71735e-50	6.14766e-51	5.41894e-52	4.60973e-53	3.79132e-54	3.01988e-55	2.33319e-56	1.75104e-57	1.27822e-58	9.08702e-60	6.29856e-61	4.26121e-62	2.81665e-63	1.82075e-64	1.15204e-65	7.14075e-67	4.33927e-68	2.58705e-69	1.51428e-70	8.70773e-72	4.92231e-73	2.73685e-74	1.49758e-75	8.06886e-77	4.28288e-78	2.23861e-79	0	
0	0	0	0	0	3.49851e-99	6.04302e-96	5.08063e-93	2.77013e-90	1.10109e-87	3.40068e-85	8.49356e-83	1.76294e-80	3.10136e-78	4.69277e-76	6.17727e-74	7.13704e-72	7.28892e-70	6.61736e-68	5.36469e-66	3.89764e-64	2.54492e-62	1.49654e-60	7.938e-59	3.80161e-57	1.64461e-55	6.42671e-54	2.26739e-52	7.21517e-51	2.06774e-49	5.3259e-48	1.22972e-46	2.53712e-45	4.65907e-44	7.58006e-43	1.08668e-41	1.36417e-40	1.48896e-39	1.40192e-38	1.12901e-37	7.707e-37	4.41639e-36	2.09945e-35	8.13754e-35	2.50819e-34	6.06533e-34	1.26659e-33	2.92386e-33	6.67576e-33	1.11295e-32	1.04989e-32	6.72556e-33	3.47469e-33	1.68168e-33	7.87301e-34	3.3842e-34	1.27953e-34	4.20581e-35	1.20801e-35	3.06375e-36	6.93756e-37	1.41696e-37	2.63405e-38	4.49215e-39	7.07745e-40	1.0365e-40	1.41876e-41	1.82394e-42	2.21192e-43	2.5403e-44	2.77261e-45	2.88513e-46	2.87057e-47	2.73802e-48	2.50962e-49	2.2153e-50	1.88704e-51	1.55399e-52	1.23929e-53	9.58582e-55	7.20192e-56	5.26273e-57	3.74505e-58	2.5983e-59	1.75945e-60	1.16401e-61	7.53074e-63	4.76876e-64	2.95814e-65	1.79894e-66	1.0733e-67	6.28673e-69	3.61758e-70	2.04628e-71	1.13847e-72	6.23345e-74	3.36056e-75	1.78478e-76	9.33389e-78	0	
0	0	0	0	3.05397e-99	5.41286e-96	4.67273e-93	2.61782e-90	1.06997e-87	3.40068e-85	8.74786e-83	1.87174e-80	3.3975e-78	5.30972e-76	7.2266e-74	8.64256e-72	9.14748e-70	8.61791e-68	7.26019e-66	5.48967e-64	3.73652e-62	2.29455e-60	1.2734e-58	6.39406e-57	2.90683e-55	1.19669e-53	4.46024e-52	1.50397e-50	4.58268e-49	1.25975e-47	3.11739e-46	6.92565e-45	1.37673e-43	2.4391e-42	3.83312e-41	5.31415e-40	6.45847e-39	6.83183e-38	6.24055e-37	4.88079e-36	3.23924e-35	1.8068e-34	8.37291e-34	3.17027e-33	9.57712e-33	2.28204e-32	4.71692e-32	1.06981e-31	2.38855e-31	3.90958e-31	3.66616e-31	2.35003e-31	1.2226e-31	5.98887e-32	2.83649e-32	1.22954e-32	4.67734e-33	1.54532e-33	4.4596e-34	1.13619e-34	2.58401e-35	5.29948e-36	9.88958e-37	1.69264e-37	2.67562e-38	3.93042e-39	5.39502e-40	6.95365e-41	8.45282e-42	9.72904e-43	1.06404e-43	1.10931e-44	1.10566e-45	1.05634e-46	9.69723e-48	8.57242e-49	7.31216e-50	6.02943e-51	4.8143e-52	3.72819e-53	2.80414e-54	2.05127e-55	1.4612e-56	1.01476e-57	6.87785e-59	4.55428e-60	2.949e-61	1.86896e-62	1.16027e-63	7.06141e-65	4.21614e-66	2.47134e-67	1.42307e-68	8.05499e-70	4.4844e-71	2.45688e-72	1.32535e-73	7.04311e-75	3.68537e-76	0	
0	0	0	2.52414e-99	4.58766e-96	4.06375e-93	2.33764e-90	9.81743e-88	3.2085e-85	8.49356e-83	1.87174e-80	3.50231e-78	5.64763e-76	7.93891e-74	9.81662e-72	1.07549e-69	1.05006e-67	9.17986e-66	7.21297e-64	5.1094e-62	3.27069e-60	1.89545e-58	9.95771e-57	4.74618e-55	2.05324e-53	8.06184e-52	2.87165e-50	9.2715e-49	2.70968e-47	7.15583e-46	1.70367e-44	3.64646e-43	6.99251e-42	1.19648e-40	1.81809e-39	2.43976e-38	2.87303e-37	2.94762e-36	2.61398e-35	1.9867e-34	1.28259e-33	6.9672e-33	3.14885e-32	1.16518e-31	3.45118e-31	8.1042e-31	1.65739e-30	3.69273e-30	8.06493e-30	1.29663e-29	1.2089e-29	7.75635e-30	4.06513e-30	2.01601e-30	9.65943e-31	4.222e-31	1.61596e-31	5.36677e-32	1.55634e-32	3.98378e-33	9.10097e-34	1.87444e-34	3.51186e-35	6.03278e-36	9.56852e-37	1.40996e-37	1.94088e-38	2.50817e-39	3.05629e-40	3.52558e-41	3.8638e-42	4.03595e-43	4.02987e-44	3.85658e-45	3.54591e-46	3.13926e-47	2.68149e-48	2.21402e-49	1.77004e-50	1.37235e-51	1.03338e-52	7.56752e-54	5.39622e-55	3.75123e-56	2.54494e-57	1.68672e-58	1.09315e-59	6.9338e-61	4.30809e-62	2.62397e-63	1.56788e-64	9.19703e-66	5.29969e-67	3.00185e-68	1.67231e-69	9.16807e-71	4.94878e-72	2.63145e-73	1.37771e-74	0	
0	0	1.97469e-99	3.67818e-96	3.34109e-93	1.97212e-90	8.50428e-88	2.85582e-85	7.77375e-83	1.76294e-80	3.3975e-78	5.64763e-76	8.19145e-74	1.04615e-71	1.18502e-69	1.19762e-67	1.08504e-65	8.84696e-64	6.51214e-62	4.33831e-60	2.62075e-58	1.4377e-56	7.16933e-55	3.25165e-53	1.34158e-51	5.03401e-50	1.71684e-48	5.31633e-47	1.49256e-45	3.79196e-44	8.69701e-43	1.7955e-41	3.32502e-40	5.50046e-39	8.08901e-38	1.0516e-36	1.20081e-35	1.19574e-34	1.03012e-33	7.61252e-33	4.78309e-32	2.53147e-31	1.11628e-30	4.03834e-30	1.17317e-29	2.7152e-29	5.49195e-29	1.20188e-28	2.56847e-28	4.0578e-28	3.76226e-28	2.41686e-28	1.27665e-28	6.41165e-29	3.10768e-29	1.36953e-29	5.27413e-30	1.76092e-30	5.13233e-31	1.32011e-31	3.02983e-32	6.26762e-33	1.17907e-33	2.03308e-34	3.23581e-35	4.78324e-36	6.60354e-37	8.55645e-38	1.0452e-38	1.20843e-39	1.32715e-40	1.38899e-41	1.38944e-42	1.33196e-43	1.22664e-44	1.08761e-45	9.30338e-47	7.69188e-48	6.15732e-49	4.77974e-50	3.60333e-51	2.64168e-52	1.88572e-53	1.31221e-54	8.91111e-56	5.91157e-57	3.8347e-58	2.43446e-59	1.51384e-60	9.22791e-62	5.51818e-63	3.23936e-64	1.86801e-65	1.05883e-66	5.90271e-68	3.23818e-69	1.74905e-70	9.30616e-72	4.87514e-73	0	
0	1.46168e-99	2.78868e-96	2.59606e-93	1.57138e-90	6.95317e-88	2.39753e-85	6.70586e-83	1.56378e-80	3.10136e-78	5.30972e-76	7.93891e-74	1.04615e-71	1.22393e-69	1.27891e-67	1.19935e-65	1.01344e-63	7.74093e-62	5.3587e-60	3.36889e-58	1.92643e-56	1.00311e-54	4.7598e-53	2.05882e-51	8.11745e-50	2.91622e-48	9.53849e-47	2.83722e-45	7.66259e-44	1.87524e-42	4.14822e-41	8.26962e-40	1.4804e-38	2.36984e-37	3.37579e-36	4.25491e-35	4.71478e-34	4.55971e-33	3.81821e-32	2.74496e-31	1.67933e-30	8.66309e-30	3.72852e-29	1.31919e-28	3.75989e-28	8.5772e-28	1.71519e-27	3.68635e-27	7.7105e-27	1.1975e-26	1.10434e-26	7.10532e-27	3.78452e-27	1.92537e-27	9.44011e-28	4.19424e-28	1.62524e-28	5.45597e-29	1.59846e-29	4.13222e-30	9.52968e-31	1.98027e-31	3.74097e-32	6.47556e-33	1.03429e-33	1.53388e-34	2.12391e-35	2.75955e-36	3.37935e-37	3.91618e-38	4.31017e-39	4.52006e-40	4.52994e-41	4.35017e-42	4.01275e-43	3.56345e-44	3.05263e-45	2.52737e-46	2.02581e-47	1.57455e-48	1.18843e-49	8.72259e-51	6.23328e-52	4.34207e-53	2.95162e-54	1.95998e-55	1.27257e-56	8.08613e-58	5.0326e-59	3.07028e-60	1.83747e-61	1.07949e-62	6.22969e-64	3.53369e-65	1.97134e-66	1.0822e-67	5.8492e-69	3.11419e-70	1.63239e-71	0	
0	1.99841e-96	1.90556e-93	1.1821e-90	5.36393e-88	1.89786e-85	5.45062e-83	1.30606e-80	2.66351e-78	4.69277e-76	7.2266e-74	9.81662e-72	1.18502e-69	1.27891e-67	1.24004e-65	1.08459e-63	8.58541e-62	6.16724e-60	4.02887e-58	2.39754e-56	1.30131e-54	6.44759e-53	2.91763e-51	1.20597e-49	4.55226e-48	1.5684e-46	4.9275e-45	1.40988e-43	3.66766e-42	8.65645e-41	1.84892e-39	3.56279e-38	6.17128e-37	9.56805e-36	1.32124e-34	1.61575e-33	1.7385e-32	1.63389e-31	1.33061e-30	9.31032e-30	5.54834e-29	2.79078e-28	1.17272e-27	4.05914e-27	1.13533e-26	2.55293e-26	5.04522e-26	1.06474e-25	2.18025e-25	3.32992e-25	3.05507e-25	1.96942e-25	1.05825e-25	5.45537e-26	2.70564e-26	1.2119e-26	4.72545e-27	1.59527e-27	4.69902e-28	1.22112e-28	2.8302e-29	5.90872e-30	1.12107e-30	1.94827e-31	3.12317e-32	4.64716e-33	6.45436e-34	8.40942e-35	1.03247e-35	1.19933e-36	1.32289e-37	1.39015e-38	1.39586e-39	1.34287e-40	1.2408e-41	1.10362e-42	9.46839e-44	7.85034e-45	6.30095e-46	4.90368e-47	3.70573e-48	2.72305e-49	1.94811e-50	1.35851e-51	9.24432e-53	6.14464e-54	3.9934e-55	2.53981e-56	1.58212e-57	9.66043e-59	5.78626e-60	3.40209e-61	1.96485e-62	1.11536e-63	6.2268e-65	3.42072e-66	1.85013e-67	9.85692e-69	5.16997e-70	0	
0	1.32061e-93	8.39156e-91	3.90247e-88	1.41596e-85	4.1729e-83	1.02671e-80	2.15148e-78	3.89792e-76	6.17727e-74	8.64256e-72	1.07549e-69	1.19762e-67	1.19935e-65	1.08459e-63	8.88666e-62	6.61557e-60	4.48457e-58	2.7731e-56	1.56635e-54	8.08946e-53	3.82228e-51	1.65282e-49	6.54047e-48	2.36763e-46	7.83498e-45	2.36773e-43	6.52514e-42	1.63698e-40	3.73026e-39	7.70074e-38	1.43568e-36	2.4083e-35	3.61919e-34	4.84831e-33	5.75634e-32	6.01785e-31	5.49918e-30	4.35751e-29	2.96876e-28	1.72397e-27	8.45774e-27	3.47095e-26	1.17563e-25	3.22755e-25	7.15379e-25	1.39664e-24	2.89369e-24	5.80196e-24	8.71744e-24	7.9585e-24	5.14223e-24	2.78901e-24	1.45728e-24	7.31079e-25	3.30119e-25	1.2954e-25	4.39853e-26	1.30293e-26	3.40434e-27	7.93125e-28	1.66388e-28	3.17102e-29	5.53345e-30	8.90358e-31	1.32935e-31	1.85207e-32	2.41999e-33	2.97899e-34	3.46885e-35	3.83489e-36	4.03835e-37	4.0629e-38	3.91587e-39	3.6245e-40	3.22906e-41	2.77463e-42	2.30385e-43	1.85173e-44	1.44301e-45	1.09187e-46	8.03301e-48	5.75362e-49	4.01672e-50	2.7362e-51	1.8206e-52	1.18437e-53	7.53981e-55	4.70106e-56	2.87301e-57	1.7223e-58	1.01348e-59	5.85797e-61	3.3279e-62	1.85928e-63	1.02215e-64	5.53229e-66	2.94944e-67	1.54798e-68	0	
0	5.61775e-91	2.67613e-88	9.95164e-86	3.00758e-83	7.59341e-81	1.6339e-78	3.04175e-76	4.9569e-74	7.13704e-72	9.14748e-70	1.05006e-67	1.08504e-65	1.01344e-63	8.58541e-62	6.61557e-60	4.6475e-58	2.9821e-56	1.75028e-54	9.40682e-53	4.6329e-51	2.09179e-49	8.65942e-48	3.28607e-46	1.14252e-44	3.63661e-43	1.05847e-41	2.81293e-40	6.81293e-39	1.50044e-37	2.99663e-36	5.4099e-35	8.79535e-34	1.28211e-32	1.66731e-31	1.92311e-30	1.95449e-29	1.73745e-28	1.34016e-27	8.89362e-27	5.03416e-26	2.40951e-25	9.65934e-25	3.20216e-24	8.63045e-24	1.88553e-23	3.63513e-23	7.3928e-23	1.45165e-22	2.14636e-22	1.9503e-22	1.26358e-22	6.92134e-23	3.66666e-23	1.86063e-23	8.46981e-24	3.34516e-24	1.14269e-24	3.40476e-25	8.94677e-26	2.09564e-26	4.41852e-27	8.45983e-28	1.48249e-28	2.3946e-29	3.58782e-30	5.01468e-31	6.57169e-32	8.11161e-33	9.46914e-34	1.04927e-34	1.10733e-35	1.11632e-36	1.07796e-37	9.9954e-39	8.9199e-40	7.67682e-41	6.38393e-42	5.1385e-43	4.00981e-44	3.03805e-45	2.23792e-46	1.60482e-47	1.12165e-48	7.64912e-50	5.09494e-51	3.31784e-52	2.11424e-53	1.31947e-54	8.07123e-56	4.84279e-57	2.85216e-58	1.64992e-59	9.38064e-61	5.24497e-62	2.88561e-63	1.56295e-64	8.3385e-66	4.37925e-67	0	
0	1.72847e-88	6.58432e-86	2.03945e-83	5.28051e-81	1.16595e-78	2.22886e-76	3.7323e-74	5.52603e-72	7.28892e-70	8.61791e-68	9.17986e-66	8.84696e-64	7.74093e-62	6.16724e-60	4.48457e-58	2.9821e-56	1.8162e-54	1.01428e-52	5.19842e-51	2.44646e-49	1.05747e-47	4.19792e-46	1.53001e-44	5.11657e-43	1.5685e-41	4.40221e-40	1.12942e-38	2.64359e-37	5.63214e-36	1.08915e-34	1.90555e-33	3.0048e-32	4.25161e-31	5.37058e-30	6.02119e-29	5.95202e-28	5.14945e-27	3.86791e-26	2.50108e-25	1.38035e-24	6.44707e-24	2.52515e-23	8.19464e-23	2.16852e-22	4.66957e-22	8.88647e-22	1.77357e-21	3.41103e-21	4.96455e-21	4.49098e-21	2.91889e-21	1.61565e-21	8.6805e-22	4.45553e-22	2.04472e-22	8.12934e-23	2.79436e-23	8.37729e-24	2.21444e-24	5.2162e-25	1.10556e-25	2.12689e-26	3.74344e-27	6.07067e-28	9.12863e-29	1.28013e-29	1.68269e-30	2.08279e-31	2.43764e-32	2.7076e-33	2.86382e-34	2.8931e-35	2.79918e-36	2.60033e-37	2.32459e-38	2.00394e-39	1.66906e-40	1.34545e-41	1.0514e-42	7.97681e-44	5.88358e-45	4.22438e-46	2.95603e-47	2.01818e-48	1.34575e-49	8.77282e-51	5.59602e-52	3.49584e-53	2.14043e-54	1.28544e-55	7.5773e-57	4.38706e-58	2.49634e-59	1.39689e-60	7.69117e-62	4.16896e-63	2.2258e-64	1.16976e-65	0	
0	4.09757e-86	1.30019e-83	3.4503e-81	7.81287e-79	1.53262e-76	2.63536e-74	4.0095e-72	5.43843e-70	6.61736e-68	7.26019e-66	7.21297e-64	6.51214e-62	5.3587e-60	4.02887e-58	2.7731e-56	1.75028e-54	1.01428e-52	5.40166e-51	2.64543e-49	1.19185e-47	4.94017e-46	1.88354e-44	6.60274e-43	2.12652e-41	6.2859e-40	1.7031e-38	4.2225e-37	9.56053e-36	1.97212e-34	3.69568e-33	6.27081e-32	9.59719e-31	1.31891e-29	1.61922e-28	1.76548e-27	1.69823e-26	1.43048e-25	1.04669e-24	6.59663e-24	3.55052e-23	1.6185e-22	6.19443e-22	1.96808e-21	5.11395e-21	1.08529e-20	2.03794e-20	3.9906e-20	7.51789e-20	1.07736e-19	9.70508e-20	6.33086e-20	3.54322e-20	1.93129e-20	1.00269e-20	4.63922e-21	1.85708e-21	6.42533e-22	1.93871e-22	5.15676e-23	1.22185e-23	2.60378e-24	5.03416e-25	8.90052e-26	1.44932e-26	2.18755e-27	3.07814e-28	4.0588e-29	5.03839e-30	5.91253e-31	6.58362e-32	6.97955e-33	7.06618e-34	6.85067e-35	6.37621e-36	5.71037e-37	4.93112e-38	4.11375e-39	3.32127e-40	2.59925e-41	1.97477e-42	1.45852e-43	1.04856e-44	7.3464e-46	5.02157e-47	3.35226e-48	2.1877e-49	1.39697e-50	8.73572e-52	5.35395e-53	3.21838e-54	1.89887e-55	1.10037e-56	6.26671e-58	3.5096e-59	1.93391e-60	1.04908e-61	5.60527e-63	2.9479e-64	0	
0	7.78517e-84	2.11647e-81	4.91204e-79	9.88197e-77	1.74373e-74	2.72425e-72	3.79709e-70	4.75119e-68	5.36469e-66	5.48967e-64	5.1094e-62	4.33831e-60	3.36889e-58	2.39754e-56	1.56635e-54	9.40682e-53	5.19842e-51	2.64543e-49	1.24029e-47	5.35843e-46	2.13314e-44	7.8223e-43	2.64081e-41	8.20098e-40	2.34012e-38	6.12689e-37	1.46935e-35	3.22097e-34	6.43814e-33	1.17001e-31	1.92668e-30	2.86368e-29	3.82451e-28	4.56575e-27	4.84354e-26	4.53547e-25	3.72094e-24	2.65301e-23	1.63003e-22	8.55758e-22	3.80779e-21	1.42417e-20	4.43029e-20	1.13043e-19	2.36405e-19	4.37842e-19	8.40964e-19	1.55194e-18	2.19039e-18	1.96541e-18	1.28746e-18	7.29051e-19	4.03265e-19	2.11781e-19	9.87968e-20	3.98285e-20	1.38751e-20	4.21501e-21	1.1285e-21	2.69038e-22	5.76582e-23	1.12054e-23	1.99046e-24	3.25501e-25	4.93204e-26	6.96456e-27	9.2132e-28	1.1471e-28	1.34984e-29	1.50692e-30	1.60138e-31	1.62489e-32	1.57866e-33	1.47225e-34	1.32099e-35	1.14275e-36	9.54943e-38	7.7222e-39	6.0527e-40	4.60524e-41	3.40608e-42	2.45197e-43	1.7201e-44	1.1772e-45	7.86797e-47	5.14052e-48	3.28609e-49	2.05707e-50	1.26202e-51	7.59374e-53	4.48462e-54	2.60115e-55	1.48269e-56	8.31078e-58	4.58334e-59	2.48831e-60	1.33055e-61	7.00266e-63	0	
0	1.21746e-81	2.89478e-79	5.96903e-77	1.0802e-74	1.73186e-72	2.47881e-70	3.18731e-68	3.70096e-66	3.89764e-64	3.73652e-62	3.27069e-60	2.62075e-58	1.92643e-56	1.30131e-54	8.08946e-53	4.6329e-51	2.44646e-49	1.19185e-47	5.35843e-46	2.22338e-44	8.51283e-43	3.00634e-41	9.78627e-40	2.93367e-38	8.08912e-37	2.04854e-35	4.75622e-34	1.01024e-32	1.95813e-31	3.45328e-30	5.52222e-29	7.97575e-28	1.03568e-26	1.20284e-25	1.24203e-24	1.1326e-23	9.05277e-23	6.29106e-22	3.76893e-21	1.93025e-20	8.38426e-20	3.06454e-19	9.33409e-19	2.33871e-18	4.81893e-18	8.7992e-18	1.65725e-17	2.99587e-17	4.16533e-17	3.72398e-17	2.45105e-17	1.40528e-17	7.89072e-18	4.19182e-18	1.97193e-18	8.00812e-19	2.81003e-19	8.59765e-20	2.3178e-20	5.56143e-21	1.19896e-21	2.34267e-22	4.18174e-23	6.86874e-24	1.04496e-24	1.48101e-25	1.96579e-26	2.45514e-27	2.89738e-28	3.24319e-29	3.45509e-30	3.51402e-31	3.42154e-32	3.19751e-33	2.87461e-34	2.49136e-35	2.08557e-36	1.68933e-37	1.32622e-38	1.0106e-39	7.48536e-41	5.39606e-42	3.79047e-43	2.59745e-44	1.73817e-45	1.13697e-46	7.27636e-48	4.55995e-49	2.80049e-50	1.68681e-51	9.97153e-53	5.78915e-54	3.30293e-55	1.853e-56	1.02279e-57	5.55741e-59	2.97405e-60	1.56643e-61	0	
0	1.59707e-79	3.37397e-77	6.25834e-75	1.02906e-72	1.51155e-70	1.99591e-68	2.3816e-66	2.57937e-64	2.54492e-62	2.29455e-60	1.89545e-58	1.4377e-56	1.00311e-54	6.44759e-53	3.82228e-51	2.09179e-49	1.05747e-47	4.94017e-46	2.13314e-44	8.51283e-43	3.13894e-41	1.06886e-39	3.3586e-38	9.72888e-37	2.59468e-35	6.36133e-34	1.43103e-32	2.94738e-31	5.54358e-30	9.49326e-29	1.47505e-27	2.07124e-26	2.61632e-25	2.95733e-24	2.97341e-23	2.64128e-22	2.05735e-21	1.39378e-20	8.14295e-20	4.06864e-19	1.72519e-18	6.16223e-18	1.83764e-17	4.52101e-17	9.17673e-17	1.65128e-16	3.04868e-16	5.39836e-16	7.39525e-16	6.58987e-16	4.36073e-16	2.53322e-16	1.4444e-16	7.76221e-17	3.68279e-17	1.50712e-17	5.32902e-18	1.64288e-18	4.46129e-19	1.07774e-19	2.33791e-20	4.59385e-21	8.24201e-22	1.36005e-22	2.07775e-23	2.95608e-24	3.93748e-25	4.93356e-26	5.8397e-27	6.55491e-28	7.00137e-29	7.13817e-30	6.96625e-31	6.5242e-32	5.87733e-33	5.10361e-34	4.28019e-35	3.47304e-36	2.73106e-37	2.08441e-38	1.54624e-39	1.11627e-40	7.85215e-42	5.38791e-43	3.6101e-44	2.36434e-45	1.51492e-46	9.50448e-48	5.84358e-49	3.52345e-50	2.08501e-51	1.21168e-52	6.91969e-54	3.88564e-55	2.14666e-56	1.16741e-57	6.25262e-59	3.29583e-60	0	
0	1.78211e-77	3.3869e-75	5.70841e-73	8.59972e-71	1.16537e-68	1.42804e-66	1.5894e-64	1.61273e-62	1.49654e-60	1.2734e-58	9.95771e-57	7.16933e-55	4.7598e-53	2.91763e-51	1.65282e-49	8.65942e-48	4.19792e-46	1.88354e-44	7.8223e-43	3.00634e-41	1.06886e-39	3.51329e-38	1.06674e-36	2.98875e-35	7.71653e-34	1.83298e-32	3.99824e-31	7.99053e-30	1.45929e-28	2.428e-27	3.66755e-26	5.00921e-25	6.15764e-24	6.77656e-23	6.63637e-22	5.74408e-21	4.36104e-20	2.8806e-19	1.64136e-18	8.0011e-18	3.31171e-17	1.15588e-16	3.37448e-16	8.15084e-16	1.62943e-15	2.8881e-15	5.22502e-15	9.0617e-15	1.22333e-14	1.08689e-14	7.2361e-15	4.26238e-15	2.46871e-15	1.34219e-15	6.42395e-16	2.65018e-16	9.4471e-17	2.93598e-17	8.0343e-18	1.9548e-18	4.2682e-19	8.43632e-20	1.52167e-20	2.52309e-21	3.87143e-22	5.53004e-23	7.39303e-24	9.29464e-25	1.10363e-25	1.24241e-26	1.33064e-27	1.36011e-28	1.33053e-29	1.24892e-30	1.1275e-31	9.81048e-33	8.24345e-34	6.70113e-35	5.27866e-36	4.03548e-37	2.99829e-38	2.16782e-39	1.52711e-40	1.04932e-41	7.04017e-43	4.61667e-44	2.9617e-45	1.86035e-46	1.14509e-47	6.91207e-49	4.09456e-50	2.38195e-51	1.36163e-52	7.65333e-54	4.23207e-55	2.30357e-56	1.23486e-57	6.51439e-59	0	
0	1.70937e-75	2.95203e-73	4.55862e-71	6.33597e-69	7.96827e-67	9.10793e-65	9.49753e-63	9.06397e-61	7.938e-59	6.39406e-57	4.74618e-55	3.25165e-53	2.05882e-51	1.20597e-49	6.54047e-48	3.28607e-46	1.53001e-44	6.60274e-43	2.64081e-41	9.78627e-40	3.3586e-38	1.06674e-36	3.13277e-35	8.49699e-34	2.12551e-32	4.89552e-31	1.03613e-29	2.01056e-28	3.56734e-27	5.76981e-26	8.47671e-25	1.1266e-23	1.34822e-22	1.44503e-21	1.37873e-20	1.16303e-19	8.60806e-19	5.54427e-18	3.08112e-17	1.46526e-16	5.91948e-16	2.01852e-15	5.76793e-15	1.36761e-14	2.69193e-14	4.69757e-14	8.32445e-14	1.41378e-13	1.88113e-13	1.66704e-13	1.11746e-13	6.67988e-14	3.93131e-14	2.16258e-14	1.04441e-14	4.34556e-15	1.56253e-15	4.89785e-16	1.35128e-16	3.31265e-17	7.28273e-18	1.4484e-18	2.62712e-19	4.37808e-20	6.7486e-21	9.68028e-22	1.29912e-22	1.63908e-23	1.95261e-24	2.20488e-25	2.36822e-26	2.42714e-27	2.38034e-28	2.23964e-29	2.02642e-30	1.76695e-31	1.4877e-32	1.21167e-33	9.562e-35	7.32272e-36	5.44965e-37	3.94644e-38	2.78426e-39	1.9159e-40	1.28722e-41	8.45237e-43	5.42935e-44	3.41457e-45	2.10425e-46	1.27163e-47	7.54117e-49	4.39163e-50	2.51304e-51	1.41391e-52	7.82599e-54	4.26374e-55	2.28769e-56	1.20787e-57	0	
0	1.4206e-73	2.24791e-71	3.20272e-69	4.13131e-67	4.84655e-65	5.19038e-63	5.09077e-61	4.58534e-59	3.80161e-57	2.90683e-55	2.05324e-53	1.34158e-51	8.11745e-50	4.55226e-48	2.36763e-46	1.14252e-44	5.11657e-43	2.12652e-41	8.20098e-40	2.93367e-38	9.72888e-37	2.98875e-35	8.49699e-34	2.23288e-32	5.41572e-31	1.21029e-29	2.48709e-28	4.68855e-27	8.08642e-26	1.272e-24	1.81834e-23	2.35249e-22	2.74158e-21	2.86256e-20	2.66153e-19	2.18843e-18	1.57918e-17	9.91821e-17	5.37557e-16	2.49369e-15	9.83098e-15	3.27439e-14	9.15587e-14	2.1305e-13	4.12779e-13	7.08831e-13	1.22979e-12	2.04486e-12	2.68203e-12	2.3717e-12	1.60203e-12	9.72684e-13	5.81892e-13	3.23913e-13	1.57901e-13	6.62968e-14	2.40601e-14	7.61123e-15	2.11819e-15	5.23437e-16	1.15911e-16	2.32033e-17	4.2334e-18	7.09248e-19	1.09855e-19	1.58273e-20	2.13267e-21	2.7008e-22	3.22856e-23	3.65741e-24	3.94017e-25	4.04958e-26	3.98201e-27	3.75597e-28	3.40639e-29	2.97684e-30	2.51167e-31	2.04975e-32	1.62066e-33	1.24338e-34	9.26941e-36	6.72367e-37	4.75114e-38	3.2743e-39	2.20307e-40	1.44863e-41	9.31767e-43	5.86751e-44	3.62036e-45	2.19044e-46	1.30049e-47	7.58185e-49	4.34322e-50	2.44614e-51	1.3553e-52	7.39101e-54	3.96932e-55	2.0976e-56	0	
0	1.02905e-71	1.50244e-69	1.98675e-67	2.3907e-65	2.62784e-63	2.64713e-61	2.45051e-59	2.0896e-57	1.64461e-55	1.19669e-53	8.06184e-52	5.03401e-50	2.91622e-48	1.5684e-46	7.83498e-45	3.63661e-43	1.5685e-41	6.2859e-40	2.34012e-38	8.08912e-37	2.59468e-35	7.71653e-34	2.12551e-32	5.41572e-31	1.27451e-29	2.76539e-28	5.52069e-27	1.01162e-25	1.6968e-24	2.59694e-23	3.61352e-22	4.55233e-21	5.1678e-20	5.25763e-19	4.7644e-18	3.81894e-17	2.68686e-16	1.64549e-15	8.69702e-15	3.93478e-14	1.51336e-13	4.92173e-13	1.34623e-12	3.07332e-12	5.85896e-12	9.89526e-12	1.67997e-11	2.7341e-11	3.53521e-11	3.12093e-11	2.12628e-11	1.31244e-11	7.98383e-12	4.49807e-12	2.2142e-12	9.38708e-13	3.44083e-13	1.09923e-13	3.08758e-14	7.69488e-15	1.71708e-15	3.46103e-16	6.35382e-17	1.07047e-17	1.6665e-18	2.41217e-19	3.2642e-20	4.15006e-21	4.97914e-22	5.65968e-23	6.11658e-24	6.30509e-25	6.21718e-26	5.87966e-27	5.34564e-28	4.68249e-29	3.95956e-30	3.23816e-31	2.56542e-32	1.97195e-33	1.47276e-34	1.07013e-35	7.5744e-37	5.22825e-38	3.5231e-39	2.31999e-40	1.49431e-41	9.4226e-43	5.82141e-44	3.52653e-45	2.09625e-46	1.22352e-47	7.01665e-49	3.95609e-50	2.19416e-51	1.19777e-52	6.43882e-54	3.40572e-55	0	
0	6.52609e-70	8.84401e-68	1.09101e-65	1.23015e-63	1.27193e-61	1.20936e-59	1.05992e-57	8.58032e-56	6.42671e-54	4.46024e-52	2.87165e-50	1.71684e-48	9.53849e-47	4.9275e-45	2.36773e-43	1.05847e-41	4.40221e-40	1.7031e-38	6.12689e-37	2.04854e-35	6.36133e-34	1.83298e-32	4.89552e-31	1.21029e-29	2.76539e-28	5.8291e-27	1.13112e-25	2.01566e-24	3.28939e-23	4.90012e-22	6.63895e-21	8.14647e-20	9.01019e-19	8.93341e-18	7.89081e-17	6.16605e-16	4.22961e-15	2.52557e-14	1.30149e-13	5.74125e-13	2.15349e-12	6.83552e-12	1.82816e-11	4.0929e-11	7.67435e-11	1.27404e-10	2.1154e-10	3.36844e-10	4.29395e-10	3.78638e-10	2.60452e-10	1.63595e-10	1.01233e-10	5.77386e-11	2.87151e-11	1.23012e-11	4.55776e-12	1.47151e-12	4.17446e-13	1.0498e-13	2.36172e-14	4.79528e-15	8.86123e-16	1.50179e-16	2.3506e-17	3.41913e-18	4.64778e-19	5.93378e-20	7.14672e-21	8.15274e-22	8.84046e-23	9.14153e-24	9.04064e-25	8.57354e-26	7.81521e-27	6.86262e-28	5.81665e-29	4.76745e-30	3.78494e-31	2.91518e-32	2.18136e-33	1.5879e-34	1.12587e-35	7.78422e-37	5.25379e-38	3.46493e-39	2.23503e-40	1.4113e-41	8.73097e-43	5.29595e-44	3.15196e-45	1.84192e-46	1.05753e-47	5.96918e-49	3.31426e-50	1.81111e-51	9.74579e-53	5.1598e-54	0	
0	3.63479e-68	4.59558e-66	5.31241e-64	5.63476e-62	5.49944e-60	4.95077e-58	4.11942e-56	3.17375e-54	2.26739e-52	1.50397e-50	9.2715e-49	5.31633e-47	2.83722e-45	1.40988e-43	6.52514e-42	2.81293e-40	1.12942e-38	4.2225e-37	1.46935e-35	4.75622e-34	1.43103e-32	3.99824e-31	1.03613e-29	2.48709e-28	5.52069e-27	1.13112e-25	2.1345e-24	3.70068e-23	5.87799e-22	8.52562e-21	1.12502e-19	1.34491e-18	1.44951e-17	1.40071e-16	1.20602e-15	9.18714e-15	6.1436e-14	3.57614e-13	1.79634e-12	7.72352e-12	2.82401e-11	8.74407e-11	2.28536e-10	5.01512e-10	9.24445e-10	1.50762e-09	2.44659e-09	3.80999e-09	4.78844e-09	4.22002e-09	2.93408e-09	1.87732e-09	1.18219e-09	6.82787e-10	3.43278e-10	1.48722e-10	5.57506e-11	1.82061e-11	5.22001e-12	1.32548e-12	3.00787e-13	6.15485e-14	1.14532e-14	1.95335e-15	3.07492e-16	4.49616e-17	6.14122e-18	7.87521e-19	9.52396e-20	1.09061e-20	1.18681e-21	1.23131e-22	1.22152e-23	1.16181e-24	1.06197e-25	9.3496e-27	7.94412e-28	6.52637e-29	5.19285e-30	4.00799e-31	3.0051e-32	2.19171e-33	1.55681e-34	1.07825e-35	7.28955e-37	4.81519e-38	3.11076e-39	1.96716e-40	1.21869e-41	7.40224e-43	4.41129e-44	2.58107e-45	1.48371e-46	8.38449e-48	4.66055e-49	2.54958e-50	1.3734e-51	7.27855e-53	0	
0	1.78153e-66	2.11087e-64	2.29559e-62	2.2985e-60	2.1241e-58	1.81551e-56	1.43779e-54	1.05664e-52	7.21517e-51	4.58268e-49	2.70968e-47	1.49256e-45	7.66259e-44	3.66766e-42	1.63698e-40	6.81293e-39	2.64359e-37	9.56053e-36	3.22097e-34	1.01024e-32	2.94738e-31	7.99053e-30	2.01056e-28	4.68855e-27	1.01162e-25	2.01566e-24	3.70068e-23	6.24471e-22	9.65728e-21	1.36421e-19	1.75371e-18	2.04279e-17	2.14565e-16	2.02091e-15	1.69609e-14	1.25942e-13	8.20894e-13	4.65691e-12	2.27935e-11	9.54771e-11	3.40107e-10	1.02657e-09	2.62015e-09	5.63243e-09	1.0201e-08	1.6332e-08	2.58858e-08	3.9402e-08	4.88234e-08	4.30316e-08	3.02788e-08	1.9756e-08	1.26654e-08	7.41028e-09	3.76904e-09	1.65306e-09	6.27601e-10	2.075e-10	6.01793e-11	1.544e-11	3.53639e-12	7.2966e-13	1.36794e-13	2.34876e-14	3.72002e-15	5.46984e-16	7.50947e-17	9.6753e-18	1.17521e-18	1.35122e-19	1.47598e-20	1.53673e-21	1.52956e-22	1.45931e-23	1.33781e-24	1.18106e-25	1.00613e-26	8.28609e-28	6.60843e-29	5.11188e-30	3.84086e-31	2.80688e-32	1.9976e-33	1.38608e-34	9.38699e-36	6.21106e-37	4.01896e-38	2.54539e-39	1.57924e-40	9.60581e-42	5.7323e-43	3.35841e-44	1.933e-45	1.09368e-46	6.08643e-48	3.33341e-49	1.79761e-50	9.53661e-52	0	
0	7.6919e-65	8.57483e-63	8.80353e-61	8.3469e-59	7.32412e-57	5.95856e-55	4.50153e-53	3.16217e-51	2.06774e-49	1.25975e-47	7.15583e-46	3.79196e-44	1.87524e-42	8.65645e-41	3.73026e-39	1.50044e-37	5.63214e-36	1.97212e-34	6.43814e-33	1.95813e-31	5.54358e-30	1.45929e-28	3.56734e-27	8.08642e-26	1.6968e-24	3.28939e-23	5.87799e-22	9.65728e-21	1.45452e-19	2.00159e-18	2.50709e-17	2.8459e-16	2.9133e-15	2.67439e-14	2.18764e-13	1.58314e-12	1.00553e-11	5.55742e-11	2.64928e-10	1.0805e-09	3.74713e-09	1.10165e-08	2.74352e-08	5.77288e-08	1.02662e-07	1.61247e-07	2.49418e-07	3.70852e-07	4.53038e-07	3.9963e-07	2.84969e-07	1.8982e-07	1.23944e-07	7.34943e-08	3.78506e-08	1.68254e-08	6.47738e-09	2.17053e-09	6.37342e-10	1.65353e-10	3.82516e-11	7.96297e-12	1.50484e-12	2.60251e-13	4.14897e-14	6.13707e-15	8.47176e-16	1.09703e-16	1.33873e-17	1.5459e-18	1.69545e-19	1.77188e-20	1.76982e-21	1.69411e-22	1.55789e-23	1.37937e-24	1.17831e-25	9.7294e-27	7.77867e-28	6.03122e-29	4.5417e-30	3.32608e-31	2.37189e-32	1.64895e-33	1.11878e-34	7.41562e-36	4.80648e-37	3.04908e-38	1.89468e-39	1.15416e-40	6.89738e-42	4.04657e-43	2.33218e-44	1.32122e-45	7.36182e-47	4.03673e-48	2.17941e-49	1.15747e-50	0	
0	2.92579e-63	3.07949e-61	2.9941e-59	2.69569e-57	2.25164e-55	1.7476e-53	1.26209e-51	8.49057e-50	5.3259e-48	3.11739e-46	1.70367e-44	8.69701e-43	4.14822e-41	1.84892e-39	7.70074e-38	2.99663e-36	1.08915e-34	3.69568e-33	1.17001e-31	3.45328e-30	9.49326e-29	2.428e-27	5.76981e-26	1.272e-24	2.59694e-23	4.90012e-22	8.52562e-21	1.36421e-19	2.00159e-18	2.68375e-17	3.27572e-16	3.62381e-15	3.61537e-14	3.23448e-13	2.57828e-12	1.81794e-11	1.12477e-10	6.05347e-10	2.80898e-09	1.11468e-08	3.7602e-08	1.07572e-07	2.61122e-07	5.37337e-07	9.37601e-07	1.44364e-06	2.17743e-06	3.1602e-06	3.80576e-06	3.36276e-06	2.43377e-06	1.65697e-06	1.10244e-06	6.62894e-07	3.4606e-07	1.56125e-07	6.10293e-08	2.07524e-08	6.17594e-09	1.62171e-09	3.79203e-10	7.97003e-11	1.51918e-11	2.64776e-12	4.25092e-13	6.32835e-14	8.7873e-15	1.14406e-15	1.40311e-16	1.62777e-17	1.79292e-18	1.88128e-19	1.88615e-20	1.81181e-21	1.67162e-22	1.48466e-23	1.27197e-24	1.05318e-25	8.44221e-27	6.56193e-28	4.95297e-29	3.6354e-30	2.59799e-31	1.80981e-32	1.2303e-33	8.16995e-35	5.30481e-36	3.37094e-37	2.0981e-38	1.28008e-39	7.66143e-41	4.50135e-42	2.59791e-43	1.47375e-44	8.22239e-46	4.51428e-47	2.44019e-48	1.29746e-49	0	
0	9.79647e-62	9.76595e-60	9.01741e-58	7.72906e-56	6.15961e-54	4.57052e-52	3.16136e-50	2.04035e-48	1.22972e-46	6.92565e-45	3.64646e-43	1.7955e-41	8.26962e-40	3.56279e-38	1.43568e-36	5.4099e-35	1.90555e-33	6.27081e-32	1.92668e-30	5.52222e-29	1.47505e-27	3.66755e-26	8.47671e-25	1.81834e-23	3.61352e-22	6.63895e-21	1.12502e-19	1.75371e-18	2.50709e-17	3.27572e-16	3.89647e-15	4.20085e-14	4.08423e-13	3.56043e-12	2.76496e-11	1.89884e-10	1.14387e-09	5.99143e-09	2.70431e-08	1.04325e-07	3.41977e-07	9.50871e-07	2.24703e-06	4.51709e-06	7.72711e-06	1.16542e-05	1.71249e-05	2.42403e-05	2.8775e-05	2.54927e-05	1.87566e-05	1.30675e-05	8.86335e-06	5.40813e-06	2.86549e-06	1.31414e-06	5.22416e-07	1.80512e-07	5.45106e-08	1.45017e-08	3.43057e-09	7.28546e-10	1.40166e-10	2.4635e-11	3.98526e-12	5.97406e-13	8.34806e-14	1.09322e-14	1.34797e-15	1.57158e-16	1.73903e-17	1.83257e-18	1.84468e-19	1.77863e-20	1.64678e-21	1.46743e-22	1.26112e-23	1.04727e-24	8.41817e-26	6.56046e-27	4.96423e-28	3.6523e-29	2.61596e-30	1.82625e-31	1.24403e-32	8.27733e-34	5.38463e-35	3.42782e-36	2.13719e-37	1.3061e-38	7.82957e-40	4.6072e-41	2.66293e-42	1.51279e-43	8.45182e-45	4.64641e-46	2.51484e-47	1.33878e-48	0	
0	2.88255e-60	2.72937e-58	2.39951e-56	1.96253e-54	1.49541e-52	1.06287e-50	7.05372e-49	4.37461e-47	2.53712e-45	1.37673e-43	6.99251e-42	3.32502e-40	1.4804e-38	6.17128e-37	2.4083e-35	8.79535e-34	3.0048e-32	9.59719e-31	2.86368e-29	7.97575e-28	2.07124e-26	5.00921e-25	1.1266e-23	2.35249e-22	4.55233e-21	8.14647e-20	1.34491e-18	2.04279e-17	2.8459e-16	3.62381e-15	4.20085e-14	4.41347e-13	4.18094e-12	3.55056e-11	2.68529e-10	1.79532e-09	1.05239e-08	5.36086e-08	2.35165e-07	8.81049e-07	2.80308e-06	7.56486e-06	1.73782e-05	3.40831e-05	5.71045e-05	8.42968e-05	0.000120567	0.000166301	0.000194571	0.000173017	0.000129639	9.25288e-05	6.40105e-05	3.96666e-05	2.13642e-05	9.97805e-06	4.04111e-06	1.42109e-06	4.36026e-07	1.17657e-07	2.8187e-08	6.05383e-09	1.17652e-09	2.08669e-10	3.40358e-11	5.14048e-12	7.23257e-13	9.53105e-14	1.18202e-14	1.38548e-15	1.54072e-16	1.63108e-17	1.64892e-18	1.59626e-19	1.48349e-20	1.3266e-21	1.14388e-22	9.52879e-24	7.68212e-25	6.00361e-26	4.55493e-27	3.35963e-28	2.41211e-29	1.68779e-30	1.15222e-31	7.68249e-33	5.00764e-34	3.19393e-35	1.99502e-36	1.22136e-37	7.33402e-39	4.32264e-40	2.50238e-41	1.42374e-42	7.96593e-44	4.38548e-45	2.37686e-46	1.26696e-47	0	
0	7.43415e-59	6.70321e-57	5.62411e-55	4.3987e-53	3.21095e-51	2.18997e-49	1.39676e-47	8.33665e-46	4.65907e-44	2.4391e-42	1.19648e-40	5.50046e-39	2.36984e-37	9.56805e-36	3.61919e-34	1.28211e-32	4.25161e-31	1.31891e-29	3.82451e-28	1.03568e-26	2.61632e-25	6.15764e-24	1.34822e-22	2.74158e-21	5.1678e-20	9.01019e-19	1.44951e-17	2.14565e-16	2.9133e-15	3.61537e-14	4.08423e-13	4.18094e-12	3.85823e-11	3.19077e-10	2.3491e-09	1.52809e-08	8.71011e-08	4.31137e-07	1.83624e-06	6.67334e-06	2.05787e-05	5.38202e-05	0.000119988	0.000229251	0.000375802	0.000542547	0.000754674	0.00101347	0.0011686	0.00104423	0.000798206	0.000584267	0.000412428	0.000259823	0.000142503	6.79221e-05	2.80802e-05	1.00669e-05	3.14299e-06	8.6134e-07	2.0921e-07	4.54878e-08	8.93797e-09	1.60102e-09	2.63491e-10	4.01206e-11	5.68697e-12	7.5454e-13	9.41635e-14	1.1101e-14	1.24108e-15	1.3204e-16	1.34101e-17	1.30378e-18	1.21656e-19	1.09201e-20	9.44956e-22	7.89814e-23	6.38765e-24	5.00693e-25	3.80955e-26	2.81743e-27	2.02802e-28	1.42251e-29	9.73384e-31	6.50453e-32	4.24887e-33	2.71551e-34	1.69951e-35	1.04241e-36	6.2708e-38	3.70243e-39	2.14695e-40	1.22349e-41	6.85625e-43	3.78028e-44	2.05185e-45	1.09524e-46	0	
0	1.67454e-57	1.44126e-55	1.15655e-53	8.66709e-52	6.07207e-50	3.98063e-48	2.44369e-46	1.40568e-44	7.58006e-43	3.83312e-41	1.81809e-39	8.08901e-38	3.37579e-36	1.32124e-34	4.84831e-33	1.66731e-31	5.37058e-30	1.61922e-28	4.56575e-27	1.20284e-25	2.95733e-24	6.77656e-23	1.44503e-21	2.86256e-20	5.25763e-19	8.93341e-18	1.40071e-16	2.02091e-15	2.67439e-14	3.23448e-13	3.56043e-12	3.55056e-11	3.19077e-10	2.56863e-09	1.83982e-08	1.16364e-07	6.44411e-07	3.09638e-06	1.27893e-05	4.50279e-05	0.000134385	0.000340016	0.000734312	0.00136447	0.00218595	0.00308428	0.0041696	0.00544763	0.00619062	0.00556575	0.00434755	0.00326624	0.00235349	0.00150902	0.000844524	0.000411748	0.000174133	6.37599e-05	2.02883e-05	5.65483e-06	1.39431e-06	3.07253e-07	6.11028e-08	1.10641e-08	1.83878e-09	2.82477e-10	4.03649e-11	5.39528e-12	6.7789e-13	8.04175e-14	9.04264e-15	9.67215e-16	9.8721e-17	9.64266e-18	9.03672e-19	8.14467e-20	7.07485e-21	5.93464e-22	4.81601e-23	3.78718e-24	2.89029e-25	2.14377e-26	1.54737e-27	1.08822e-28	7.46508e-30	5.00042e-31	3.27385e-32	2.09697e-33	1.31517e-34	8.08304e-36	4.87198e-37	2.88194e-38	1.67419e-39	9.55748e-41	5.3649e-42	2.96283e-43	1.6107e-44	8.61055e-46	0	
