1.02144e-79	6.62492e-81	4.23426e-82	2.66793e-83	1.65782e-84	1.0163e-85	6.18993e-87	3.73599e-87	2.56955e-85	1.83531e-83	1.22847e-81	7.70828e-80	4.53526e-78	2.50242e-76	1.2949e-74	6.28326e-73	2.85827e-71	1.21853e-69	4.86596e-68	1.81899e-66	6.3604e-65	2.07842e-63	6.34022e-62	1.80322e-60	4.77457e-59	1.17499e-57	2.68238e-56	5.66824e-55	1.10597e-53	1.98693e-52	3.27625e-51	4.94025e-50	6.78425e-49	8.44495e-48	9.47818e-47	9.53415e-46	8.53807e-45	6.75717e-44	4.68899e-43	2.83009e-42	1.47409e-41	6.57797e-41	2.49667e-40	7.98452e-40	2.12352e-39	4.67637e-39	9.01004e-39	1.73411e-38	3.28527e-38	5.14031e-38	5.68582e-38	4.66439e-38	3.11688e-38	1.85713e-38	1.03475e-38	5.38035e-39	2.55532e-39	1.09161e-39	4.17593e-40	1.43421e-40	4.44724e-41	1.25323e-41	3.23047e-42	7.664e-43	1.68289e-43	3.43799e-44	6.56517e-45	1.1769e-45	1.9883e-46	3.17704e-47	4.81694e-48	6.95062e-49	9.57111e-50	1.26088e-50	1.5928e-51	1.93348e-52	2.25973e-53	2.54742e-54	2.77455e-55	2.92422e-56	2.98659e-57	2.95987e-58	2.85e-59	2.66931e-60	2.4345e-61	2.16432e-62	1.87739e-63	1.59036e-64	1.3168e-65	1.06653e-66	8.45641e-68	6.56852e-69	5.00163e-70	3.73592e-71	2.73899e-72	1.97215e-73	1.39535e-74	9.70627e-76	6.6414e-77	4.4721e-78	
6.62492e-81	4.32421e-82	2.78129e-83	1.76348e-84	1.10266e-85	6.80179e-87	4.15925e-88	1.77288e-88	1.16309e-86	8.31106e-85	5.56576e-83	3.4941e-81	2.05685e-79	1.1355e-77	5.87896e-76	2.85425e-74	1.29916e-72	5.54184e-71	2.21441e-69	8.28323e-68	2.89833e-66	9.47768e-65	2.89328e-63	8.23508e-62	2.18223e-60	5.37482e-59	1.22809e-57	2.5975e-56	5.07304e-55	9.12319e-54	1.50592e-52	2.27333e-51	3.12558e-50	3.8956e-49	4.37814e-48	4.41044e-47	3.95598e-46	3.13637e-45	2.18074e-44	1.31915e-43	6.88835e-43	3.08249e-42	1.17348e-41	3.76437e-41	1.00427e-40	2.21922e-40	4.29299e-40	8.29135e-40	1.57535e-39	2.47364e-39	2.75134e-39	2.27034e-39	1.52381e-39	9.09516e-40	5.06774e-40	2.63605e-40	1.25421e-40	5.37499e-41	2.06481e-41	7.12593e-42	2.22135e-42	6.29507e-43	1.63228e-43	3.8962e-44	8.60955e-45	1.77028e-45	3.40294e-46	6.14142e-47	1.04466e-47	1.68076e-48	2.5661e-49	3.72874e-50	5.17072e-51	6.85997e-52	8.72712e-53	1.06687e-53	1.25572e-54	1.42559e-55	1.56366e-56	1.6596e-57	1.70689e-58	1.70345e-59	1.65164e-60	1.55766e-61	1.43046e-62	1.28045e-63	1.1183e-64	9.53784e-66	7.95076e-67	6.48309e-68	5.17486e-69	4.04641e-70	3.10162e-71	2.33203e-72	1.72096e-73	1.24724e-74	8.88194e-76	6.21833e-77	4.28216e-78	2.9019e-79	
4.23426e-82	2.78129e-83	1.80016e-84	1.14854e-85	7.2263e-87	4.48515e-88	2.75548e-89	8.47485e-90	5.20276e-88	3.71923e-86	2.49188e-84	1.56512e-82	9.21792e-81	5.09145e-79	2.63744e-77	1.28118e-75	5.83478e-74	2.49041e-72	9.95718e-71	3.72694e-69	1.30492e-67	4.27007e-66	1.30447e-64	3.71564e-63	9.85378e-62	2.42895e-60	5.55462e-59	1.17589e-57	2.2987e-56	4.13796e-55	6.83738e-54	1.03328e-52	1.42229e-51	1.77485e-50	1.99731e-49	2.0149e-48	1.81009e-47	1.43753e-46	1.00144e-45	6.07101e-45	3.17794e-44	1.42598e-43	5.44439e-43	1.75171e-42	4.68744e-42	1.03933e-41	2.01843e-41	3.91154e-41	7.45279e-41	1.17435e-40	1.31337e-40	1.09011e-40	7.34961e-41	4.3952e-41	2.44942e-41	1.27465e-41	6.07557e-42	2.61198e-42	1.00758e-42	3.49412e-43	1.09498e-43	3.12052e-44	8.13903e-45	1.95464e-45	4.34647e-46	8.99487e-47	1.74046e-47	3.16216e-48	5.41542e-49	8.77284e-50	1.34868e-50	1.9734e-51	2.75572e-52	3.68168e-53	4.7167e-54	5.80665e-55	6.88258e-56	7.86851e-57	8.69107e-58	9.28885e-59	9.62015e-60	9.66747e-61	9.43836e-62	8.96269e-63	8.28727e-64	7.46896e-65	6.5675e-66	5.63928e-67	4.7326e-68	3.88487e-69	3.12163e-70	2.45711e-71	1.89584e-72	1.4348e-73	1.06575e-74	7.77404e-76	5.57189e-77	3.926e-78	2.72087e-79	1.85557e-80	
2.66793e-83	1.76348e-84	1.14854e-85	7.37358e-87	4.66798e-88	2.91512e-89	1.80012e-90	4.1044e-91	2.30078e-89	1.64532e-87	1.10288e-85	6.93033e-84	4.08365e-82	2.2567e-80	1.1696e-78	5.68453e-77	2.59028e-75	1.10621e-73	4.42549e-72	1.65746e-70	5.807e-69	1.90148e-67	5.81286e-66	1.65693e-64	4.39744e-63	1.08482e-61	2.48286e-60	5.26064e-59	1.02931e-57	1.85465e-56	3.0676e-55	4.64072e-54	6.39493e-53	7.9896e-52	9.00245e-51	9.0942e-50	8.18206e-49	6.50884e-48	4.54283e-47	2.75985e-46	1.4482e-45	6.51634e-45	2.49577e-44	8.05851e-44	2.16528e-43	4.82358e-43	9.40603e-43	1.83187e-42	3.5206e-42	5.61561e-42	6.29818e-42	5.2301e-42	3.52661e-42	2.10755e-42	1.17301e-42	6.10053e-43	2.91066e-43	1.25454e-43	4.8576e-44	1.69222e-44	5.33019e-45	1.5274e-45	4.00697e-46	9.68129e-47	2.16625e-47	4.51177e-48	8.78726e-49	1.60716e-49	2.77098e-50	4.51958e-51	6.99595e-52	1.03075e-52	1.44939e-53	1.94992e-54	2.51556e-55	3.11852e-56	3.72219e-57	4.2851e-58	4.76603e-59	5.12925e-60	5.34901e-61	5.41245e-62	5.32055e-63	5.08704e-64	4.73579e-65	4.29717e-66	3.80409e-67	3.28843e-68	2.77821e-69	2.29577e-70	1.85697e-71	1.47131e-72	1.14268e-73	8.70441e-75	6.50751e-76	4.77752e-77	3.4462e-78	2.44374e-79	1.70437e-80	1.16969e-81	
1.65782e-84	1.10266e-85	7.2263e-87	4.66798e-88	2.97335e-89	1.86821e-90	1.1599e-91	2.0252e-92	1.00622e-90	7.19777e-89	4.82691e-87	3.03456e-85	1.78894e-83	9.89079e-82	5.12875e-80	2.49398e-78	1.13704e-76	4.85858e-75	1.94482e-73	7.28821e-72	2.55505e-70	8.3718e-69	2.561e-67	7.30514e-66	1.94019e-64	4.78999e-63	1.09717e-61	2.32662e-60	4.55634e-59	8.21732e-58	1.36046e-56	2.06024e-55	2.84213e-54	3.55518e-53	4.0118e-52	4.06141e-51	3.66881e-50	2.94564e-49	2.10357e-48	1.35116e-47	8.02265e-47	4.56775e-46	2.52874e-45	1.3084e-44	5.76632e-44	1.86445e-43	3.85697e-43	1.02258e-42	3.70541e-42	9.80679e-42	9.58278e-42	5.64128e-42	2.51701e-42	1.02829e-42	4.1506e-43	1.59647e-43	5.60135e-44	1.78029e-44	5.20891e-45	1.43249e-45	3.75775e-46	9.45145e-47	2.27423e-47	5.20791e-48	1.12959e-48	2.3141e-49	4.47394e-50	8.16847e-51	1.41074e-51	2.30963e-52	3.59308e-53	5.3245e-54	7.53385e-55	1.02018e-55	1.32493e-56	1.65367e-57	1.98731e-58	2.30359e-59	2.57978e-60	2.7955e-61	2.93531e-62	2.99049e-63	2.95981e-64	2.84918e-65	2.67044e-66	2.43948e-67	2.17408e-68	1.89195e-69	1.60905e-70	1.33845e-71	1.08976e-72	8.69105e-74	6.79385e-75	5.20885e-76	3.91935e-77	2.89589e-78	2.10225e-79	1.50021e-80	1.05292e-81	7.27149e-83	
1.0163e-85	6.80179e-87	4.48515e-88	2.91512e-89	1.86821e-90	1.18098e-91	7.37337e-93	1.02269e-93	4.35342e-92	3.11483e-90	2.08976e-88	1.31437e-86	7.75203e-85	4.28801e-83	2.22458e-81	1.0823e-79	4.93692e-78	2.11068e-76	8.4535e-75	3.16978e-73	1.11191e-71	3.64554e-70	1.11593e-68	3.18532e-67	8.466e-66	2.09167e-64	4.79485e-63	1.01765e-61	1.9951e-60	3.60531e-59	6.00233e-58	9.26459e-57	1.36412e-55	2.07789e-54	3.72293e-53	8.12091e-52	1.89477e-50	4.1149e-49	7.72357e-48	1.21024e-46	1.55222e-45	1.60652e-44	1.32608e-43	8.5976e-43	4.2094e-42	1.40813e-41	2.92588e-41	7.92129e-41	2.89054e-40	7.53471e-40	7.28354e-40	4.22901e-40	1.85212e-40	7.41387e-41	2.91652e-41	1.07402e-41	3.49725e-42	9.87217e-43	2.42453e-43	5.24083e-44	1.00992e-44	1.75554e-45	2.78149e-46	4.05346e-47	5.47737e-48	6.91449e-49	8.21391e-50	9.25177e-51	9.96415e-52	1.03629e-52	1.05303e-53	1.05951e-54	1.06992e-55	1.09625e-56	1.14573e-57	1.21942e-58	1.31233e-59	1.41461e-60	1.51369e-61	1.59648e-62	1.6516e-63	1.67093e-64	1.65053e-65	1.59076e-66	1.49574e-67	1.37247e-68	1.22957e-69	1.07615e-70	9.20748e-72	7.70653e-73	6.31424e-74	5.06776e-75	3.98679e-76	3.0762e-77	2.32941e-78	1.73207e-79	1.26535e-80	9.08671e-82	6.41752e-83	4.45964e-84	
6.18993e-87	4.15925e-88	2.75548e-89	1.80012e-90	1.1599e-91	7.37337e-93	4.62847e-94	5.29947e-95	1.86398e-93	1.3338e-91	8.95239e-90	5.63313e-88	3.32386e-86	1.83943e-84	9.5473e-83	4.64721e-81	2.12091e-79	9.07227e-78	3.63551e-76	1.36397e-74	4.78741e-73	1.57058e-71	4.81089e-70	1.37446e-68	3.66154e-67	9.1411e-66	2.20545e-64	5.80537e-63	2.12203e-61	1.11944e-59	6.57992e-58	3.60215e-56	1.7319e-54	7.19333e-53	2.56447e-51	7.80836e-50	2.01873e-48	4.39915e-47	8.008e-46	1.20497e-44	1.48164e-43	1.47186e-42	1.16851e-41	7.3032e-41	3.45715e-40	1.12641e-39	2.3328e-39	6.23756e-39	2.20183e-38	5.55972e-38	5.33968e-38	3.0993e-38	1.36485e-38	5.53674e-39	2.21217e-39	8.24315e-40	2.70557e-40	7.68167e-41	1.89551e-41	4.1144e-42	7.95797e-43	1.38772e-43	2.204e-44	3.21592e-45	4.34334e-46	5.46471e-47	6.44132e-48	7.14809e-49	7.50077e-50	7.47152e-51	7.08937e-52	6.42779e-53	5.5847e-54	4.66169e-55	3.74732e-56	2.90729e-57	2.18144e-58	1.58617e-59	1.11987e-60	7.69261e-62	5.1527e-63	3.37406e-64	2.16652e-65	1.36945e-66	8.56352e-68	5.33072e-69	3.32817e-70	2.10136e-71	1.35231e-72	8.92092e-74	6.04507e-75	4.19894e-76	2.97358e-77	2.1319e-78	1.53655e-79	1.10663e-80	7.92709e-82	5.62912e-83	3.95381e-84	2.74302e-85	
3.73599e-87	1.77288e-88	8.47485e-90	4.1044e-91	2.0252e-92	1.02269e-93	5.29947e-95	3.84646e-96	7.90505e-95	5.65328e-93	3.79601e-91	2.38959e-89	1.41061e-87	7.80981e-86	4.05545e-84	1.97496e-82	9.01782e-81	3.85938e-79	1.54741e-77	5.8105e-76	2.0482e-74	6.961e-73	2.70281e-71	1.85839e-69	2.18673e-67	2.73481e-65	3.02523e-63	2.87243e-61	2.34003e-59	1.64099e-57	9.93231e-56	5.19541e-54	2.34846e-52	9.16032e-51	3.07444e-49	8.84053e-48	2.16522e-46	4.48312e-45	7.77565e-44	1.11777e-42	1.31647e-41	1.25585e-40	9.59801e-40	5.78885e-39	2.65258e-38	8.42742e-38	1.73864e-37	4.58787e-37	1.56795e-36	3.8398e-36	3.66452e-36	2.12669e-36	9.42076e-37	3.87444e-37	1.57209e-37	5.92585e-38	1.96017e-38	5.59768e-39	1.38807e-39	3.02658e-40	5.87892e-41	1.02933e-41	1.64107e-42	2.40317e-43	3.25658e-44	4.1102e-45	4.85879e-46	5.40637e-47	5.68714e-48	5.67784e-49	5.39867e-50	4.90415e-51	4.26817e-52	3.56805e-53	2.87173e-54	2.22999e-55	1.67397e-56	1.2169e-57	8.581e-59	5.87827e-60	3.9174e-61	2.54298e-62	1.60994e-63	9.95136e-65	6.01193e-66	3.55327e-67	2.05647e-68	1.16647e-69	6.48985e-71	3.54441e-72	1.90164e-73	1.00301e-74	5.20465e-76	2.65897e-77	1.33848e-78	6.64457e-80	3.25624e-81	1.5772e-82	7.56202e-84	3.59592e-85	
2.56955e-85	1.16309e-86	5.20276e-88	2.30078e-89	1.00622e-90	4.35342e-92	1.86398e-93	7.90505e-95	6.62594e-96	2.37374e-94	1.59362e-92	1.0036e-90	5.9269e-89	3.28286e-87	1.70548e-85	8.30936e-84	3.79837e-82	1.66183e-80	9.16515e-79	1.47501e-76	4.20515e-74	1.06033e-71	2.16519e-69	3.62514e-67	5.06078e-65	5.96867e-63	6.00546e-61	5.19188e-59	3.87631e-57	2.50779e-55	1.40854e-53	6.87222e-52	2.9105e-50	1.06789e-48	3.38338e-47	9.2134e-46	2.14323e-44	4.22616e-43	6.99847e-42	9.6289e-41	1.08799e-39	9.98072e-39	7.35215e-38	4.28396e-37	1.90235e-36	5.89958e-36	1.21181e-35	3.15356e-35	1.04429e-34	2.48307e-34	2.35506e-34	1.36683e-34	6.09297e-35	2.54134e-35	1.0471e-35	3.99136e-36	1.33032e-36	3.8209e-37	9.52187e-38	2.08571e-38	4.06903e-39	7.15391e-40	1.14502e-40	1.6829e-41	2.28832e-42	2.89729e-43	3.435e-44	3.83246e-45	4.04157e-46	4.04429e-47	3.85365e-48	3.50759e-49	3.05834e-50	2.56105e-51	2.06454e-52	1.60557e-53	1.20693e-54	8.78541e-56	6.2027e-57	4.25401e-58	2.83807e-59	1.84426e-60	1.16873e-61	7.23084e-63	4.37219e-64	2.58623e-65	1.49792e-66	8.50227e-68	4.73318e-69	2.58624e-70	1.388e-71	7.32153e-73	3.79824e-74	1.93904e-75	9.7467e-77	4.82644e-78	2.35566e-79	1.13376e-80	5.38332e-82	2.52283e-83	
1.83531e-83	8.31106e-85	3.71923e-86	1.64532e-87	7.19777e-89	3.11483e-90	1.3338e-91	5.65328e-93	2.37374e-94	1.97189e-95	6.6297e-94	4.17425e-92	2.46619e-90	1.36658e-88	7.10266e-87	6.47827e-85	4.86981e-82	3.55485e-79	1.71537e-76	5.97848e-74	1.6004e-71	3.42153e-69	5.99794e-67	8.78346e-65	1.0892e-62	1.15528e-60	1.05592e-58	8.36163e-57	5.75825e-55	3.4566e-53	1.81067e-51	8.27604e-50	3.29657e-48	1.14161e-46	3.42458e-45	8.855e-44	1.96106e-42	3.69048e-41	5.84599e-40	7.71102e-39	8.37112e-38	7.39392e-37	5.25552e-36	2.96152e-35	1.2758e-34	3.86564e-34	7.90134e-34	2.02652e-33	6.50703e-33	1.5038e-32	1.41765e-32	8.22998e-33	3.69344e-33	1.5629e-33	6.53828e-34	2.5196e-34	8.46034e-35	2.4439e-35	6.12097e-36	1.34707e-36	2.63975e-37	4.66073e-38	7.48951e-39	1.10489e-39	1.50758e-40	1.91489e-41	2.27699e-42	2.54738e-43	2.69312e-44	2.70118e-45	2.57937e-46	2.3524e-47	2.05488e-48	1.72371e-49	1.39176e-50	1.08398e-51	8.15984e-53	5.94746e-54	4.20425e-55	2.88679e-56	1.92806e-57	1.25422e-58	7.95609e-60	4.92704e-61	2.98187e-62	1.76535e-63	1.02332e-64	5.81301e-66	3.23853e-67	1.77084e-68	9.51047e-70	5.02004e-71	2.60597e-72	1.3312e-73	6.69539e-75	3.31739e-76	1.62004e-77	7.80132e-79	3.70615e-80	1.73771e-81	
1.22847e-81	5.56576e-83	2.49188e-84	1.10288e-85	4.82691e-87	2.08976e-88	8.95239e-90	3.79601e-91	1.59362e-92	6.6297e-94	5.45757e-95	1.72097e-93	1.01652e-91	5.63515e-90	3.53288e-85	5.70859e-82	4.45572e-79	2.23544e-76	8.09883e-74	2.25684e-71	5.03094e-69	9.2124e-67	1.41199e-64	1.83657e-62	2.04808e-60	1.97326e-58	1.65191e-56	1.20649e-54	7.70868e-53	4.31535e-51	2.11749e-49	9.10175e-48	3.42138e-46	1.12163e-44	3.19423e-43	7.86128e-42	1.66102e-40	2.98888e-39	4.53669e-38	5.74547e-37	6.00054e-36	5.10897e-35	3.50749e-34	1.91324e-33	8.00329e-33	2.37128e-32	4.82047e-32	1.21777e-31	3.79395e-31	8.53004e-31	7.99385e-31	4.64307e-31	2.09868e-31	9.01315e-32	3.82793e-32	1.49092e-32	5.04281e-33	1.46507e-33	3.68819e-34	8.15586e-35	1.60558e-35	2.84714e-36	4.59388e-37	6.8029e-38	9.315e-39	1.18701e-39	1.41569e-40	1.58816e-41	1.68327e-42	1.69224e-43	1.61941e-44	1.47986e-45	1.29509e-46	1.08823e-47	8.80074e-49	6.86477e-50	5.17487e-51	3.7768e-52	2.67315e-53	1.83764e-54	1.22871e-55	8.00134e-57	5.08071e-58	3.14939e-59	1.90777e-60	1.13044e-61	6.55826e-63	3.72842e-64	2.07876e-65	1.13751e-66	6.11344e-68	3.22914e-69	1.67739e-70	8.574e-72	4.31501e-73	2.13924e-74	1.04529e-75	5.0364e-77	2.39391e-78	1.12302e-79	
7.70828e-80	3.4941e-81	1.56512e-82	6.93033e-84	3.03456e-85	1.31437e-86	5.63313e-88	2.38959e-89	1.0036e-90	4.17425e-92	1.72097e-93	1.40422e-94	4.15431e-93	3.87882e-85	6.48615e-82	5.2411e-79	2.72544e-76	1.0248e-73	2.9681e-71	6.88736e-69	1.315e-66	2.10531e-64	2.86599e-62	3.35222e-60	3.39558e-58	2.99634e-56	2.31341e-54	1.56755e-52	9.3395e-51	4.89711e-49	2.25956e-47	9.16469e-46	3.26087e-44	1.0147e-42	2.74989e-41	6.45532e-40	1.30381e-38	2.24718e-37	3.27334e-36	3.98566e-35	4.00937e-34	3.29397e-33	2.18624e-32	1.15534e-31	4.69695e-31	1.36183e-30	2.75183e-30	6.84357e-30	2.06993e-29	4.53153e-29	4.2222e-29	2.45425e-29	1.11782e-29	4.87409e-30	2.10129e-30	8.2698e-31	2.81731e-31	8.23242e-32	2.08329e-32	4.62971e-33	9.15723e-34	1.63109e-34	2.64279e-35	3.92881e-36	5.39888e-37	6.90248e-38	8.25719e-39	9.28886e-40	9.87029e-41	9.94624e-42	9.53883e-43	8.73431e-44	7.65799e-45	6.44601e-46	5.22143e-47	4.07899e-48	3.07923e-49	2.25033e-50	1.59474e-51	1.0976e-52	7.34723e-54	4.78961e-55	3.04441e-56	1.88897e-57	1.14532e-58	6.79252e-60	3.94403e-61	2.24403e-62	1.25212e-63	6.85679e-65	3.68778e-66	1.94925e-67	1.01322e-68	5.18244e-70	2.60978e-71	1.29462e-72	6.32957e-74	3.05143e-75	1.45121e-76	6.81148e-78	
4.53526e-78	2.05685e-79	9.21792e-81	4.08365e-82	1.78894e-83	7.75203e-85	3.32386e-86	1.41061e-87	5.9269e-89	2.46619e-90	1.01652e-91	4.15431e-93	4.00253e-85	6.91341e-82	5.77648e-79	3.10965e-76	1.21194e-73	3.64298e-71	8.78591e-69	1.74613e-66	2.9148e-64	4.14466e-62	5.07366e-60	5.39024e-58	5.00049e-56	4.06939e-54	2.91474e-52	1.84158e-50	1.02765e-48	5.0665e-47	2.20568e-45	8.46696e-44	2.85919e-42	8.46534e-41	2.18785e-39	4.90834e-38	9.49289e-37	1.56961e-35	2.19722e-34	2.57539e-33	2.49803e-32	1.98218e-31	1.27289e-30	6.52187e-30	2.57882e-29	7.3216e-29	1.4698e-28	3.59642e-28	1.05662e-27	2.25415e-27	2.0885e-27	1.21524e-27	5.58018e-28	2.47128e-28	1.08137e-28	4.29939e-29	1.47517e-29	4.33581e-30	1.10311e-30	2.46399e-31	4.89737e-32	8.76337e-33	1.42599e-33	2.12832e-34	2.93538e-35	3.76547e-36	4.51832e-37	5.09716e-38	5.4302e-39	5.48498e-40	5.27184e-41	4.83699e-42	4.24891e-43	3.58272e-44	2.90684e-45	2.2743e-46	1.71933e-47	1.2582e-48	8.92787e-50	6.15211e-51	4.12287e-52	2.69059e-53	1.71198e-54	1.06328e-55	6.45292e-57	3.83046e-58	2.22605e-59	1.2676e-60	7.07853e-62	3.87927e-63	2.08791e-64	1.10439e-65	5.74455e-67	2.94018e-68	1.48156e-69	7.35407e-71	3.59764e-72	1.7354e-73	8.25788e-75	3.87808e-76	
2.50242e-76	1.1355e-77	5.09145e-79	2.2567e-80	9.89079e-82	4.28801e-83	1.83943e-84	7.80981e-86	3.28286e-87	1.36658e-88	5.63515e-90	3.87882e-85	6.91341e-82	5.96669e-79	3.32136e-76	1.34004e-73	4.175e-71	1.04501e-68	2.15854e-66	3.75064e-64	5.56055e-62	7.10989e-60	7.9052e-58	7.69148e-56	6.5802e-54	4.96761e-52	3.31757e-50	1.96308e-48	1.02994e-46	4.7906e-45	1.97369e-43	7.18982e-42	2.30981e-40	6.52091e-39	1.61035e-37	3.45869e-36	6.41548e-35	1.01908e-33	1.37266e-32	1.55052e-31	1.45156e-30	1.11339e-29	6.92276e-29	3.44131e-28	1.32439e-27	3.68405e-27	7.34341e-27	1.76699e-26	5.04501e-26	1.04959e-25	9.6715e-26	5.63504e-26	2.61004e-26	1.17447e-26	5.21559e-27	2.09451e-27	7.23766e-28	2.13997e-28	5.47461e-29	1.22933e-29	2.45571e-30	4.41511e-31	7.21606e-32	1.08139e-32	1.49703e-33	1.92692e-34	2.3194e-35	2.62401e-36	2.80278e-37	2.83787e-38	2.73365e-39	2.51331e-40	2.21195e-41	1.86844e-42	1.51847e-43	1.18989e-44	9.00845e-46	6.6014e-47	4.69025e-48	3.23597e-49	2.17112e-50	1.41844e-51	9.03482e-53	5.617e-54	3.41216e-55	2.02732e-56	1.1792e-57	6.7205e-59	3.75591e-60	2.05997e-61	1.10956e-62	5.87322e-64	3.05713e-65	1.56576e-66	7.89505e-68	3.92137e-69	1.91953e-70	9.26474e-72	4.41117e-73	2.07274e-74	
1.2949e-74	5.87896e-76	2.63744e-77	1.1696e-78	5.12875e-80	2.22458e-81	9.5473e-83	4.05545e-84	1.70548e-85	7.10266e-87	3.53288e-85	6.48615e-82	5.77648e-79	3.32136e-76	1.38564e-73	4.4691e-71	1.15943e-68	2.48552e-66	4.48856e-64	6.92671e-62	9.23416e-60	1.07239e-57	1.09195e-55	9.7974e-54	7.7753e-52	5.47281e-50	3.42287e-48	1.90416e-46	9.42463e-45	4.14824e-43	1.62169e-41	5.61961e-40	1.72125e-38	4.64249e-37	1.09739e-35	2.26006e-34	4.02634e-33	6.1522e-32	7.98292e-31	8.6988e-30	7.86676e-29	5.83715e-28	3.51638e-27	1.69693e-26	6.36011e-26	1.73426e-25	3.4306e-25	8.11365e-25	2.25213e-24	4.57228e-24	4.19087e-24	2.44582e-24	1.14336e-24	5.22959e-25	2.35664e-25	9.55766e-26	3.32623e-26	9.89468e-27	2.54582e-27	5.74808e-28	1.15424e-28	2.08539e-29	3.42385e-30	5.15239e-31	7.15994e-32	9.24815e-33	1.11672e-33	1.26705e-34	1.35698e-35	1.37733e-36	1.32974e-37	1.22511e-38	1.0803e-39	9.14177e-41	7.44195e-42	5.84079e-43	4.42853e-44	3.24977e-45	2.31199e-46	1.59712e-47	1.07283e-48	7.01696e-50	4.47429e-51	2.78455e-52	1.69319e-53	1.00695e-54	5.86227e-56	3.34391e-57	1.87038e-58	1.02666e-59	5.53413e-61	2.93156e-62	1.52703e-63	7.8264e-65	3.94897e-66	1.96268e-67	9.61348e-69	4.64286e-70	2.21189e-71	1.03993e-72	
6.28326e-73	2.85425e-74	1.28118e-75	5.68453e-77	2.49398e-78	1.0823e-79	4.64721e-81	1.97496e-82	8.30936e-84	6.47827e-85	5.70859e-82	5.2411e-79	3.10965e-76	1.34004e-73	4.4691e-71	1.20026e-68	2.66689e-66	4.99832e-64	8.01652e-62	1.1124e-59	1.34689e-57	1.43244e-55	1.34503e-53	1.11945e-51	8.2829e-50	5.45966e-48	3.21011e-46	1.68461e-44	7.88958e-43	3.29487e-41	1.22519e-39	4.0474e-38	1.18423e-36	3.05693e-35	6.92771e-34	1.37004e-32	2.34728e-31	3.45407e-30	4.32203e-29	4.5474e-28	3.97576e-27	2.85564e-26	1.66765e-25	7.81673e-25	2.85475e-24	7.63379e-24	1.49775e-23	3.48001e-23	9.39409e-23	1.86227e-22	1.69819e-22	9.93062e-23	4.68819e-23	2.18047e-23	9.97005e-24	4.08301e-24	1.43115e-24	4.284e-25	1.1088e-25	2.51784e-26	5.08342e-27	9.23096e-28	1.52267e-28	2.30123e-29	3.21039e-30	4.16148e-31	5.04134e-32	5.73695e-33	6.16078e-34	6.26877e-35	6.06606e-36	5.60064e-37	4.94838e-38	4.19515e-39	3.42098e-40	2.68927e-41	2.04212e-42	1.5007e-43	1.06909e-44	7.39472e-46	4.97331e-47	3.25661e-48	2.07883e-49	1.29512e-50	7.88312e-52	4.69267e-53	2.73451e-54	1.56119e-55	8.73986e-57	4.80128e-58	2.59017e-59	1.37313e-60	7.15786e-62	3.67119e-63	1.85367e-64	9.21911e-66	4.51858e-67	2.18364e-68	1.04094e-69	4.89695e-71	
2.85827e-71	1.29916e-72	5.83478e-74	2.59028e-75	1.13704e-76	4.93692e-78	2.12091e-79	9.01782e-81	3.79837e-82	4.86981e-82	4.45572e-79	2.72544e-76	1.21194e-73	4.175e-71	1.15943e-68	2.66689e-66	5.18063e-64	8.62326e-62	1.24361e-59	1.56731e-57	1.73786e-55	1.70434e-53	1.48445e-51	1.15186e-49	7.98093e-48	4.94533e-46	2.74281e-44	1.3619e-42	6.05145e-41	2.40366e-39	8.51993e-38	2.68838e-36	7.52734e-35	1.86261e-33	4.05272e-32	7.70632e-31	1.27123e-29	1.80343e-28	2.17814e-27	2.21459e-26	1.87314e-25	1.30311e-24	7.38077e-24	3.36174e-23	1.19688e-22	3.13975e-22	6.10656e-22	1.39323e-21	3.65859e-21	7.08577e-21	6.42958e-21	3.76887e-21	1.798e-21	8.50684e-22	3.94638e-22	1.6318e-22	5.76127e-23	1.73575e-23	4.52044e-24	1.03263e-24	2.09664e-25	3.82735e-26	6.34391e-27	9.63005e-28	1.34887e-28	1.75486e-29	2.13296e-30	2.43463e-31	2.62175e-32	2.6745e-33	2.5941e-34	2.40027e-35	2.12501e-36	1.80494e-37	1.47445e-38	1.161e-39	8.82985e-41	6.49836e-42	4.63582e-43	3.21075e-44	2.16209e-45	1.41746e-46	9.05857e-48	5.64964e-49	3.4424e-50	2.05124e-51	1.19644e-52	6.83704e-54	3.8309e-55	2.10632e-56	1.13724e-57	6.03364e-59	3.14764e-60	1.61559e-61	8.16332e-63	4.06281e-64	1.99266e-65	9.63597e-67	4.59637e-68	2.16363e-69	
1.21853e-69	5.54184e-71	2.49041e-72	1.10621e-73	4.85858e-75	2.11068e-76	9.07227e-78	3.85938e-79	1.66183e-80	3.55485e-79	2.23544e-76	1.0248e-73	3.64298e-71	1.04501e-68	2.48552e-66	4.99832e-64	8.62326e-62	1.29065e-59	1.69051e-57	1.95107e-55	1.9949e-53	1.81474e-51	1.47358e-49	1.07072e-47	6.9739e-46	4.07613e-44	2.13896e-42	1.0076e-40	4.25798e-39	1.61208e-37	5.45751e-36	1.64777e-34	4.42213e-33	1.05045e-31	2.19729e-30	4.02214e-29	6.39511e-28	8.75465e-27	1.02146e-25	1.00432e-24	8.22314e-24	5.54358e-23	3.0465e-22	1.34885e-21	4.68337e-21	1.20558e-20	2.32306e-20	5.2018e-20	1.32909e-19	2.5161e-19	2.27228e-19	1.33572e-19	6.44378e-20	3.10262e-20	1.46018e-20	6.09595e-21	2.16818e-21	6.57628e-22	1.72381e-22	3.96246e-23	8.09293e-24	1.48544e-24	2.47452e-25	3.77347e-26	5.30735e-27	6.93076e-28	8.4528e-29	9.67831e-30	1.04518e-30	1.069e-31	1.03936e-32	9.63849e-34	8.55087e-35	7.27699e-36	5.95532e-37	4.69726e-38	3.57817e-39	2.63735e-40	1.88414e-41	1.30672e-42	8.81072e-44	5.7834e-45	3.70035e-46	2.31043e-47	1.40929e-48	8.40627e-50	4.90805e-51	2.80737e-52	1.57445e-53	8.66437e-55	4.68203e-56	2.4861e-57	1.29799e-58	6.66731e-60	3.37139e-61	1.67912e-62	8.24121e-64	3.98793e-65	1.9035e-66	8.96598e-68	
4.86596e-68	2.21441e-69	9.95718e-71	4.42549e-72	1.94482e-73	8.4535e-75	3.63551e-76	1.54741e-77	9.16515e-79	1.71537e-76	8.09883e-74	2.9681e-71	8.78591e-69	2.15854e-66	4.48856e-64	8.01652e-62	1.24361e-59	1.69051e-57	2.02772e-55	2.158e-53	2.04666e-51	1.73574e-49	1.31979e-47	9.01452e-46	5.53811e-44	3.06248e-42	1.52456e-40	6.82987e-39	2.75088e-37	9.94645e-36	3.22173e-34	9.32254e-33	2.4015e-31	5.4835e-30	1.10401e-28	1.94751e-27	2.98744e-26	3.94983e-25	4.45531e-24	4.2389e-23	3.36147e-22	2.19686e-21	1.17177e-20	5.04459e-20	1.70868e-19	4.31697e-19	8.23683e-19	1.80927e-18	4.49861e-18	8.32795e-18	7.48693e-18	4.41552e-18	2.15564e-18	1.0567e-18	5.04491e-19	2.12641e-19	7.62053e-20	2.32766e-20	6.14319e-21	1.42141e-21	2.92106e-22	5.39221e-23	9.02947e-24	1.38345e-24	1.95413e-25	2.56175e-26	3.13532e-27	3.60139e-28	3.90061e-29	4.00023e-30	3.89899e-31	3.62403e-32	3.22197e-33	2.74745e-34	2.25265e-35	1.77991e-36	1.3581e-37	1.00258e-38	7.17311e-40	4.98182e-41	3.36355e-42	2.21067e-43	1.41616e-44	8.85255e-46	5.40582e-47	3.22797e-48	1.88661e-49	1.0802e-50	6.06383e-52	3.34004e-53	1.80648e-54	9.60042e-56	5.01648e-57	2.57885e-58	1.30503e-59	6.50457e-61	3.19479e-62	1.54705e-63	7.38937e-65	3.48289e-66	
1.81899e-66	8.28323e-68	3.72694e-69	1.65746e-70	7.28821e-72	3.16978e-73	1.36397e-74	5.8105e-76	1.47501e-76	5.97848e-74	2.25684e-71	6.88736e-69	1.74613e-66	3.75064e-64	6.92671e-62	1.1124e-59	1.56731e-57	1.95107e-55	2.158e-53	2.13029e-51	1.88356e-49	1.49579e-47	1.06911e-45	6.88764e-44	4.00329e-42	2.10007e-40	9.94191e-39	4.24482e-37	1.63271e-35	5.64793e-34	1.75315e-32	4.86896e-31	1.2055e-29	2.64906e-28	5.139e-27	8.74459e-26	1.29527e-24	1.65523e-23	1.80618e-22	1.66378e-21	1.27841e-20	8.1022e-20	4.19538e-19	1.75655e-18	5.80537e-18	1.43975e-17	2.71852e-17	5.85465e-17	1.41671e-16	2.56562e-16	2.29662e-16	1.35963e-16	6.72238e-17	3.35638e-17	1.62545e-17	6.91749e-18	2.49849e-18	7.68807e-19	2.04373e-19	4.7616e-20	9.849e-21	1.82898e-21	3.07934e-22	4.74119e-23	6.72668e-24	8.85364e-25	1.08753e-25	1.25333e-26	1.36158e-27	1.40024e-28	1.3683e-29	1.27484e-30	1.13591e-31	9.70624e-33	7.97366e-34	6.31178e-35	4.82429e-36	3.56718e-37	2.55613e-38	1.77786e-39	1.20202e-40	7.91072e-42	5.07406e-43	3.17569e-44	1.94149e-45	1.16062e-46	6.79057e-48	3.892e-49	2.187e-50	1.20578e-51	6.52756e-53	3.4721e-54	1.81583e-55	9.34251e-57	4.73159e-58	2.36017e-59	1.1601e-60	5.6218e-62	2.68711e-63	1.26741e-64	
6.3604e-65	2.89833e-66	1.30492e-67	5.807e-69	2.55505e-70	1.11191e-71	4.78741e-73	2.0482e-74	4.20515e-74	1.6004e-71	5.03094e-69	1.315e-66	2.9148e-64	5.56055e-62	9.23416e-60	1.34689e-57	1.73786e-55	1.9949e-53	2.04666e-51	1.88356e-49	1.55945e-47	1.1641e-45	7.8478e-44	4.78318e-42	2.6373e-40	1.31561e-38	5.93568e-37	2.42009e-35	8.90514e-34	2.95189e-32	8.79363e-31	2.34709e-29	5.59195e-28	1.18387e-26	2.21504e-25	3.63892e-24	5.2087e-23	6.43774e-22	6.79957e-21	6.067e-20	4.51856e-19	2.77774e-18	1.39651e-17	5.68699e-17	1.83417e-16	4.46539e-16	8.33895e-16	1.75982e-15	4.14432e-15	7.34429e-15	6.54772e-15	3.89336e-15	1.95121e-15	9.92687e-16	4.87653e-16	2.09559e-16	7.63067e-17	2.36643e-17	6.33903e-18	1.48777e-18	3.09844e-19	5.78997e-20	9.80365e-21	1.51717e-21	2.16246e-22	2.85808e-23	3.52397e-24	4.07517e-25	4.44104e-26	4.58033e-27	4.4878e-28	4.19159e-29	3.74342e-30	3.20559e-31	2.6387e-32	2.09271e-33	1.60239e-34	1.18685e-35	8.51824e-37	5.93374e-38	4.01767e-39	2.64776e-40	1.70056e-41	1.06568e-42	6.52304e-44	3.90398e-45	2.28671e-46	1.31203e-47	7.38022e-49	4.07308e-50	2.2071e-51	1.17508e-52	6.15092e-54	3.16741e-55	1.60551e-56	8.01495e-58	3.94271e-59	1.91208e-60	9.14614e-62	4.31699e-63	
2.07842e-63	9.47768e-65	4.27007e-66	1.90148e-67	8.3718e-69	3.64554e-70	1.57058e-71	6.961e-73	1.06033e-71	3.42153e-69	9.2124e-67	2.10531e-64	4.14466e-62	7.10989e-60	1.07239e-57	1.43244e-55	1.70434e-53	1.81474e-51	1.73574e-49	1.49579e-47	1.1641e-45	8.19626e-44	5.22743e-42	3.02237e-40	1.58465e-38	7.53349e-37	3.24561e-35	1.2659e-33	4.46339e-32	1.41983e-30	4.06456e-29	1.04385e-27	2.39575e-26	4.89123e-25	8.83413e-24	1.40223e-22	1.94089e-21	2.32146e-20	2.37443e-19	2.0529e-18	1.48235e-17	8.84011e-17	4.3153e-16	1.70919e-15	5.37956e-15	1.28562e-14	2.37304e-14	4.90455e-14	1.12396e-13	1.94958e-13	1.7316e-13	1.03483e-13	5.26164e-14	2.72886e-14	1.35982e-14	5.90167e-15	2.16735e-15	6.77751e-16	1.8304e-16	4.32954e-17	9.08215e-18	1.70838e-18	2.90989e-19	4.52737e-20	6.48404e-21	8.60707e-22	1.06541e-22	1.23647e-23	1.3519e-24	1.3985e-25	1.37407e-26	1.28669e-27	1.15188e-28	9.88603e-30	8.15492e-31	6.48037e-32	4.97133e-33	3.68867e-34	2.65188e-35	1.85023e-36	1.25468e-37	8.28069e-39	5.32577e-40	3.34188e-41	2.04817e-42	1.22731e-43	7.19722e-45	4.13416e-46	2.32799e-47	1.28614e-48	6.97628e-50	3.71784e-51	1.94791e-52	1.00398e-53	5.09349e-55	2.54491e-56	1.25292e-57	6.08106e-59	2.91103e-60	1.37504e-61	
6.34022e-62	2.89328e-63	1.30447e-64	5.81286e-66	2.561e-67	1.11593e-68	4.81089e-70	2.70281e-71	2.16519e-69	5.99794e-67	1.41199e-64	2.86599e-62	5.07366e-60	7.9052e-58	1.09195e-55	1.34503e-53	1.48445e-51	1.47358e-49	1.31979e-47	1.06911e-45	7.8478e-44	5.22743e-42	3.16263e-40	1.73879e-38	8.68803e-37	3.94396e-35	1.6254e-33	6.07439e-32	2.05522e-30	6.28221e-29	1.7303e-27	4.2803e-26	9.47261e-25	1.86664e-23	3.25692e-22	4.99824e-21	6.69384e-20	7.75171e-19	7.68087e-18	6.43647e-17	4.50661e-16	2.60724e-15	1.23565e-14	4.75945e-14	1.46174e-13	3.42871e-13	6.2514e-13	1.26457e-12	2.81957e-12	4.78785e-12	4.2379e-12	2.54728e-12	1.31531e-12	6.95733e-13	3.51702e-13	1.54196e-13	5.71402e-14	1.80282e-14	4.91167e-15	1.17149e-15	2.47642e-16	4.69077e-17	8.04004e-18	1.25796e-18	1.81074e-19	2.41457e-20	3.00117e-21	3.49611e-22	3.8356e-23	3.98035e-24	3.92221e-25	3.68274e-26	3.30521e-27	2.8434e-28	2.3507e-29	1.8719e-30	1.43883e-31	1.06959e-32	7.70312e-34	5.38353e-35	3.6565e-36	2.41692e-37	1.55672e-38	9.78187e-40	6.00311e-41	3.60179e-42	2.11477e-43	1.21618e-44	6.8562e-46	3.79196e-47	2.05901e-48	1.09841e-49	5.76063e-51	2.97194e-52	1.50913e-53	7.54688e-55	3.71869e-56	1.80638e-57	8.65417e-59	4.09104e-60	
1.80322e-60	8.23508e-62	3.71564e-63	1.65693e-64	7.30514e-66	3.18532e-67	1.37446e-68	1.85839e-69	3.62514e-67	8.78346e-65	1.83657e-62	3.35222e-60	5.39024e-58	7.69148e-56	9.7974e-54	1.11945e-51	1.15186e-49	1.07072e-47	9.01452e-46	6.88764e-44	4.78318e-42	3.02237e-40	1.73879e-38	9.11027e-37	4.34659e-35	1.88747e-33	7.45309e-32	2.67271e-30	8.68903e-29	2.55523e-27	6.77857e-26	1.61676e-24	3.45309e-23	6.57275e-22	1.10863e-20	1.64589e-19	2.13375e-18	2.39326e-17	2.29791e-16	1.86666e-15	1.26736e-14	7.11221e-14	3.27175e-13	1.22519e-12	3.67092e-12	8.44931e-12	1.52062e-11	3.00859e-11	6.52476e-11	1.08475e-10	9.57194e-11	5.7915e-11	3.04027e-11	1.64094e-11	8.41611e-12	3.72884e-12	1.39515e-12	4.44437e-13	1.22234e-13	2.94158e-14	6.26944e-15	1.19637e-15	2.06425e-16	3.24899e-17	4.70163e-18	6.29959e-19	7.86404e-20	9.19714e-21	1.01267e-21	1.05439e-22	1.04218e-23	9.81345e-25	8.83088e-26	7.61595e-27	6.31098e-28	5.03658e-29	3.87939e-30	2.88949e-31	2.08488e-32	1.45965e-33	9.93066e-35	6.57462e-36	4.24114e-37	2.66889e-38	1.64019e-39	9.85416e-41	5.79327e-42	3.33577e-43	1.88278e-44	1.04251e-45	5.66698e-47	3.02637e-48	1.58881e-49	8.20491e-51	4.17039e-52	2.08747e-53	1.02952e-54	5.0053e-56	2.40001e-57	1.13547e-58	
4.77457e-59	2.18223e-60	9.85378e-62	4.39744e-63	1.94019e-64	8.466e-66	3.66154e-67	2.18673e-67	5.06078e-65	1.0892e-62	2.04808e-60	3.39558e-58	5.00049e-56	6.5802e-54	7.7753e-52	8.2829e-50	7.98093e-48	6.9739e-46	5.53811e-44	4.00329e-42	2.6373e-40	1.58465e-38	8.68803e-37	4.34659e-35	1.98373e-33	8.25347e-32	3.12722e-30	1.07752e-28	3.37e-27	9.54475e-26	2.44116e-24	5.61867e-23	1.15904e-21	2.13245e-20	3.47905e-19	4.99903e-18	6.27586e-17	6.81965e-16	6.34601e-15	4.99734e-14	3.28966e-13	1.79026e-12	7.99062e-12	2.90783e-11	8.49612e-11	1.91818e-10	3.40497e-10	6.58424e-10	1.38829e-09	2.25969e-09	1.98866e-09	1.21236e-09	6.47786e-10	3.56953e-10	1.85785e-10	8.3225e-11	3.14638e-11	1.01287e-11	2.81446e-12	6.83879e-13	1.47047e-13	2.82835e-14	4.91474e-15	7.78442e-16	1.13287e-16	1.52563e-17	1.91328e-18	2.24699e-19	2.48358e-20	2.595e-21	2.57332e-22	2.43044e-23	2.19326e-24	1.8965e-25	1.57543e-26	1.26023e-27	9.72814e-29	7.26087e-30	5.24931e-31	3.68198e-32	2.50948e-33	1.66422e-34	1.07529e-35	6.7771e-37	4.17109e-38	2.50951e-39	1.47735e-40	8.51768e-42	4.8136e-43	2.66853e-44	1.45228e-45	7.76435e-47	4.08061e-48	2.10949e-49	1.07329e-50	5.37755e-52	2.65464e-53	1.2918e-54	6.19958e-56	2.9356e-57	
1.17499e-57	5.37482e-59	2.42895e-60	1.08482e-61	4.78999e-63	2.09167e-64	9.1411e-66	2.73481e-65	5.96867e-63	1.15528e-60	1.97326e-58	2.99634e-56	4.06939e-54	4.96761e-52	5.47281e-50	5.45966e-48	4.94533e-46	4.07613e-44	3.06248e-42	2.10007e-40	1.31561e-38	7.53349e-37	3.94396e-35	1.88747e-33	8.25347e-32	3.29497e-30	1.19955e-28	3.97612e-27	1.19763e-25	3.2701e-24	8.07038e-23	1.7939e-21	3.57652e-20	6.36395e-19	1.00475e-17	1.39783e-16	1.69981e-15	1.78975e-14	1.61412e-13	1.23204e-12	7.86121e-12	4.14685e-11	1.79476e-10	6.34252e-10	1.80603e-09	3.99736e-09	6.99281e-09	1.32045e-08	2.70525e-08	4.3104e-08	3.78515e-08	2.32769e-08	1.26757e-08	7.13525e-09	3.76998e-09	1.70867e-09	6.53351e-10	2.12764e-10	5.979e-11	1.46818e-11	3.18715e-12	6.18282e-13	1.08255e-13	1.72627e-14	2.52746e-15	3.42223e-16	4.31288e-17	5.08777e-18	5.64647e-19	5.92196e-20	5.89287e-21	5.58361e-22	5.05385e-23	4.38231e-24	3.64999e-25	2.92695e-26	2.26469e-27	1.69404e-28	1.22728e-29	8.6255e-31	5.88984e-32	3.913e-33	2.5326e-34	1.5988e-35	9.85549e-37	5.93837e-38	3.50093e-39	2.02124e-40	1.14377e-41	6.34883e-43	3.4594e-44	1.85169e-45	9.74272e-47	5.04206e-48	2.56806e-49	1.288e-50	6.36452e-52	3.10007e-53	1.48915e-54	7.05765e-56	
2.68238e-56	1.22809e-57	5.55462e-59	2.48286e-60	1.09717e-61	4.79485e-63	2.20545e-64	3.02523e-63	6.00546e-61	1.05592e-58	1.65191e-56	2.31341e-54	2.91474e-52	3.31757e-50	3.42287e-48	3.21011e-46	2.74281e-44	2.13896e-42	1.52456e-40	9.94191e-39	5.93568e-37	3.24561e-35	1.6254e-33	7.45309e-32	3.12722e-30	1.19955e-28	4.20101e-27	1.34106e-25	3.89405e-24	1.02594e-22	2.44509e-21	5.25244e-20	1.01267e-18	1.74353e-17	2.66481e-16	3.59044e-15	4.2297e-14	4.31525e-13	3.77126e-12	2.78925e-11	1.72421e-10	8.80997e-10	3.69403e-09	1.26649e-08	3.51141e-08	7.61305e-08	1.31118e-07	2.41529e-07	4.80398e-07	7.49064e-07	6.56743e-07	4.07929e-07	2.26739e-07	1.30476e-07	7.00196e-08	3.2138e-08	1.24445e-08	4.10494e-09	1.16803e-09	2.90154e-10	6.36475e-11	1.24622e-11	2.20003e-12	3.53393e-13	5.20786e-14	7.09284e-15	8.98604e-16	1.06514e-16	1.1873e-17	1.25025e-18	1.24874e-19	1.18729e-20	1.07809e-21	9.37648e-23	7.83155e-24	6.29677e-25	4.88417e-26	3.66207e-27	2.65896e-28	1.8727e-29	1.28131e-30	8.52881e-32	5.5301e-33	3.49713e-34	2.1593e-35	1.30313e-36	7.69419e-38	4.44865e-39	2.5209e-40	1.40116e-41	7.64462e-43	4.09695e-44	2.15819e-45	1.11819e-46	5.70161e-48	2.86268e-49	1.41603e-50	6.90417e-52	3.3197e-53	1.57481e-54	
5.66824e-55	2.5975e-56	1.17589e-57	5.26064e-59	2.32662e-60	1.01765e-61	5.80537e-63	2.87243e-61	5.19188e-59	8.36163e-57	1.20649e-54	1.56755e-52	1.84158e-50	1.96308e-48	1.90416e-46	1.68461e-44	1.3619e-42	1.0076e-40	6.82987e-39	4.24482e-37	2.42009e-35	1.2659e-33	6.07439e-32	2.67271e-30	1.07752e-28	3.97612e-27	1.34106e-25	4.12692e-24	1.15625e-22	2.9417e-21	6.775e-20	1.4073e-18	2.62511e-17	4.37484e-16	6.47465e-15	8.44954e-14	9.64286e-13	9.53087e-12	8.0686e-11	5.77925e-10	3.45833e-09	1.70984e-08	6.93696e-08	2.30415e-07	6.21203e-07	1.31777e-06	2.23171e-06	4.00534e-06	7.72512e-06	1.17811e-05	1.03203e-05	6.48558e-06	3.68592e-06	2.1702e-06	1.18387e-06	5.51001e-07	2.16416e-07	7.24306e-08	2.09001e-08	5.25919e-09	1.16703e-09	2.30849e-10	4.11217e-11	6.65823e-12	9.88182e-13	1.35442e-13	1.72578e-14	2.05626e-15	2.30296e-16	2.43563e-17	2.44246e-18	2.3309e-19	2.12385e-20	1.85312e-21	1.55247e-22	1.25176e-23	9.73531e-25	7.31773e-26	5.32588e-27	3.75943e-28	2.57772e-29	1.71929e-30	1.11694e-31	7.07632e-33	4.37693e-34	2.6459e-35	1.56474e-36	9.06098e-38	5.14211e-39	2.86213e-40	1.56367e-41	8.39106e-43	4.42581e-44	2.29586e-45	1.17201e-46	5.89109e-48	2.9172e-49	1.42385e-50	6.85316e-52	3.25422e-53	
1.10597e-53	5.07304e-55	2.2987e-56	1.02931e-57	4.55634e-59	1.9951e-60	2.12203e-61	2.34003e-59	3.87631e-57	5.75825e-55	7.70868e-53	9.3395e-51	1.02765e-48	1.02994e-46	9.42463e-45	7.88958e-43	6.05145e-41	4.25798e-39	2.75088e-37	1.63271e-35	8.90514e-34	4.46339e-32	2.05522e-30	8.68903e-29	3.37e-27	1.19763e-25	3.89405e-24	1.15625e-22	3.12824e-21	7.69077e-20	1.71267e-18	3.44173e-17	6.21368e-16	1.0026e-14	1.43698e-13	1.81632e-12	2.00766e-11	1.92167e-10	1.57493e-09	1.0915e-08	6.3153e-08	3.01666e-07	1.18205e-06	3.79623e-06	9.93298e-06	2.05812e-05	3.42202e-05	5.97392e-05	0.000111534	0.0001662	0.000145608	9.27762e-05	5.40303e-05	3.25889e-05	1.80947e-05	8.55581e-06	3.41617e-06	1.16262e-06	3.40888e-07	8.70401e-08	1.95663e-08	3.91472e-09	7.0434e-10	1.15052e-10	1.72091e-11	2.3752e-12	3.04545e-13	3.64928e-14	4.10827e-15	4.36552e-16	4.39686e-17	4.21295e-18	3.85308e-19	3.37364e-20	2.83548e-21	2.29323e-22	1.78862e-23	1.34808e-24	9.83635e-26	6.95999e-27	4.78312e-28	3.19714e-29	2.0813e-30	1.32118e-31	8.18714e-33	4.95802e-34	2.93708e-35	1.70355e-36	9.68269e-38	5.3975e-39	2.95305e-40	1.58687e-41	8.38092e-43	4.3531e-44	2.22494e-45	1.11969e-46	5.55091e-48	2.71231e-49	1.30687e-50	6.21207e-52	
1.98693e-52	9.12319e-54	4.13796e-55	1.85465e-56	8.21732e-58	3.60531e-59	1.11944e-59	1.64099e-57	2.50779e-55	3.4566e-53	4.31535e-51	4.89711e-49	5.0665e-47	4.7906e-45	4.14824e-43	3.29487e-41	2.40366e-39	1.61208e-37	9.94645e-36	5.64793e-34	2.95189e-32	1.41983e-30	6.28221e-29	2.55523e-27	9.54475e-26	3.2701e-24	1.02594e-22	2.9417e-21	7.69077e-20	1.82821e-18	3.93858e-17	7.66003e-16	1.33884e-14	2.09181e-13	2.90336e-12	3.55368e-11	3.80294e-10	3.5227e-09	2.79224e-08	1.86989e-07	1.04422e-06	4.8083e-06	1.81482e-05	5.61872e-05	0.000142263	0.000287165	0.000467712	0.000792301	0.001428	0.00207564	0.00182111	0.00118007	0.000706326	0.000437241	0.000247626	0.000119289	4.85732e-05	1.68617e-05	5.03748e-06	1.30815e-06	2.98469e-07	6.04939e-08	1.10076e-08	1.8159e-09	2.73995e-10	3.81106e-11	4.9205e-12	5.93309e-13	6.71736e-14	7.17508e-15	7.26105e-16	6.98793e-17	6.41702e-18	5.6398e-19	4.75685e-20	3.85983e-21	3.0198e-22	2.28261e-23	1.67008e-24	1.18476e-25	8.16189e-27	5.4682e-28	3.56754e-29	2.26934e-30	1.40907e-31	8.54927e-33	5.07365e-34	2.94786e-35	1.67829e-36	9.37022e-38	5.13437e-39	2.76305e-40	1.46133e-41	7.60043e-43	3.88974e-44	1.95993e-45	9.72818e-47	4.75896e-48	2.29557e-49	1.09236e-50	
3.27625e-51	1.50592e-52	6.83738e-54	3.0676e-55	1.36046e-56	6.00233e-58	6.57992e-58	9.93231e-56	1.40854e-53	1.81067e-51	2.11749e-49	2.25956e-47	2.20568e-45	1.97369e-43	1.62169e-41	1.22519e-39	8.51993e-38	5.45751e-36	3.22173e-34	1.75315e-32	8.79363e-31	4.06456e-29	1.7303e-27	6.77857e-26	2.44116e-24	8.07038e-23	2.44509e-21	6.775e-20	1.71267e-18	3.93858e-17	8.2117e-16	1.54607e-14	2.61645e-13	3.95832e-12	5.31927e-11	6.30191e-10	6.52448e-09	5.84264e-08	4.47227e-07	2.88808e-06	1.55244e-05	6.86745e-05	0.000248641	0.000738677	0.00180126	0.00352666	0.00560636	0.00917915	0.015893	0.022458	0.0197751	0.013097	0.00809471	0.0051594	0.00299157	0.00147501	0.000615511	0.000218951	6.69156e-05	1.77312e-05	4.11706e-06	8.47129e-07	1.56164e-07	2.60547e-08	3.97036e-09	5.57089e-10	7.24876e-11	8.80167e-12	1.00281e-12	1.0773e-13	1.09593e-14	1.0598e-15	9.77547e-17	8.62689e-18	7.30417e-19	5.94796e-20	4.66904e-21	3.5403e-22	2.59789e-23	1.84807e-24	1.27648e-25	8.57317e-27	5.6064e-28	3.57421e-29	2.22398e-30	1.35208e-31	8.03947e-33	4.67962e-34	2.66889e-35	1.49259e-36	8.19175e-38	4.41517e-39	2.33856e-40	1.21803e-41	6.24215e-43	3.14939e-44	1.56519e-45	7.6662e-47	3.70231e-48	1.76378e-49	
4.94025e-50	2.27333e-51	1.03328e-52	4.64072e-54	2.06024e-55	9.26459e-57	3.60215e-56	5.19541e-54	6.87222e-52	8.27604e-50	9.10175e-48	9.16469e-46	8.46696e-44	7.18982e-42	5.61961e-40	4.0474e-38	2.68838e-36	1.64777e-34	9.32254e-33	4.86896e-31	2.34709e-29	1.04385e-27	4.2803e-26	1.61676e-24	5.61867e-23	1.7939e-21	5.25244e-20	1.4073e-18	3.44173e-17	7.66003e-16	1.54607e-14	2.81838e-13	4.61807e-12	6.76358e-11	8.79605e-10	1.00793e-08	1.00844e-07	8.71592e-07	6.42809e-06	3.99034e-05	0.000205592	0.00086889	0.00299714	0.00847648	0.0197368	0.0371695	0.0572724	0.089892	0.147864	0.201418	0.178792	0.122336	0.0788267	0.0520887	0.0311593	0.0158596	0.00683977	0.00251215	0.000790392	0.00021479	5.09551e-05	1.06768e-05	1.99881e-06	3.37924e-07	5.20873e-08	7.38199e-09	9.69059e-10	1.18596e-10	1.3608e-11	1.47125e-12	1.50542e-13	1.46355e-14	1.35657e-15	1.20258e-16	1.02246e-17	8.35853e-19	6.58508e-20	5.01008e-21	3.68812e-22	2.63147e-23	1.8227e-24	1.22743e-25	8.04693e-27	5.14233e-28	3.20695e-29	1.95388e-30	1.16415e-31	6.78955e-33	3.87945e-34	2.17348e-35	1.1949e-36	6.45076e-38	3.4221e-39	1.78507e-40	9.16138e-42	4.6287e-43	2.30347e-44	1.12969e-45	5.46251e-47	2.60548e-48	
6.78425e-49	3.12558e-50	1.42229e-51	6.39493e-53	2.84213e-54	1.36412e-55	1.7319e-54	2.34846e-52	2.9105e-50	3.29657e-48	3.42138e-46	3.26087e-44	2.85919e-42	2.30981e-40	1.72125e-38	1.18423e-36	7.52734e-35	4.42213e-33	2.4015e-31	1.2055e-29	5.59195e-28	2.39575e-26	9.47261e-25	3.45309e-23	1.15904e-21	3.57652e-20	1.01267e-18	2.62511e-17	6.21368e-16	1.33884e-14	2.61645e-13	4.61807e-12	7.32524e-11	1.03817e-09	1.30567e-08	1.44544e-07	1.39516e-06	1.16095e-05	8.22027e-05	0.000488045	0.00239305	0.00956891	0.0310464	0.0822527	0.179358	0.318129	0.466096	0.683626	1.02677	1.30412	1.18519	0.870372	0.603282	0.422245	0.266134	0.14275	0.0647832	0.0249309	0.00816775	0.00229593	0.000560034	0.000120061	2.29074e-05	3.935e-06	6.1482e-07	8.81595e-08	1.16917e-08	1.4438e-09	1.66998e-10	1.81856e-11	1.87293e-12	1.83162e-13	1.70693e-14	1.52071e-15	1.29887e-16	1.06633e-17	8.43407e-19	6.44048e-20	4.75744e-21	3.40539e-22	2.36593e-23	1.59781e-24	1.05034e-25	6.72928e-27	4.2068e-28	2.56894e-29	1.53397e-30	8.96504e-32	5.13267e-33	2.88106e-34	1.58678e-35	8.58127e-37	4.55992e-38	2.3824e-39	1.22458e-40	6.19623e-42	3.08795e-43	1.5165e-44	7.34262e-46	3.50672e-47	
