1.94938e-96	1.00512e-97	5.11573e-99	2.57114e-100	1.27653e-101	6.26275e-103	3.0372e-104	1.45644e-105	6.90792e-107	3.24165e-108	1.50545e-109	2.52804e-109	6.49004e-106	7.36264e-103	5.04578e-100	2.40457e-97	8.59885e-95	2.41905e-92	5.52647e-90	1.0487e-87	1.68062e-85	2.30337e-83	2.72592e-81	2.80636e-79	2.52777e-77	2.00066e-75	1.39579e-73	8.60226e-72	4.68893e-70	2.26126e-68	9.64307e-67	3.6312e-65	1.20455e-63	3.50786e-62	8.92654e-61	1.97291e-59	3.75786e-58	6.10861e-57	8.37282e-56	9.53758e-55	8.88239e-54	6.6558e-53	3.97283e-52	1.89447e-51	7.23785e-51	2.0778e-50	3.88584e-50	7.47237e-50	1.91724e-49	4.29443e-49	4.5592e-49	3.0963e-49	1.66595e-49	8.51461e-50	4.26302e-50	1.95512e-50	7.83748e-51	2.72025e-51	8.23475e-52	2.19936e-52	5.24166e-53	1.12609e-53	2.20028e-54	3.94076e-55	6.51463e-56	1.00019e-56	1.434e-57	1.92941e-58	2.44698e-59	2.93695e-60	3.34793e-61	3.63646e-62	3.77467e-63	3.75436e-64	3.58677e-65	3.29873e-66	2.92649e-67	2.50906e-68	2.0825e-69	1.67593e-70	1.30966e-71	9.95118e-73	7.3613e-74	5.30766e-75	3.73416e-76	2.56605e-77	1.72397e-78	1.13338e-79	7.29732e-81	4.60504e-82	2.85041e-83	1.73175e-84	1.03336e-85	6.06008e-87	3.49476e-88	1.98295e-89	1.10761e-90	6.09346e-92	3.30329e-93	1.76536e-94	
1.00512e-97	5.22486e-99	2.68085e-100	1.35823e-101	6.7972e-103	3.36119e-104	1.64287e-105	7.93956e-107	3.79492e-108	1.79451e-109	8.39748e-111	8.17303e-111	2.06677e-107	2.35172e-104	1.61471e-101	7.70512e-99	2.7582e-96	7.76597e-94	1.77548e-91	3.37138e-89	5.40631e-87	7.41412e-85	8.77953e-83	9.04416e-81	8.15148e-79	6.45591e-77	4.50718e-75	2.77978e-73	1.51637e-71	7.31871e-70	3.12373e-68	1.17734e-66	3.90927e-65	1.13961e-63	2.9031e-62	6.42358e-61	1.22498e-59	1.99382e-58	2.73663e-57	3.12215e-56	2.9129e-55	2.18746e-54	1.3092e-53	6.26231e-53	2.3996e-52	6.90767e-52	1.2982e-51	2.50316e-51	6.42632e-51	1.44292e-50	1.54717e-50	1.06157e-50	5.75062e-51	2.93961e-51	1.47002e-51	6.75606e-52	2.72242e-52	9.51502e-53	2.90316e-53	7.81927e-54	1.87998e-54	4.07571e-55	8.0383e-56	1.4535e-56	2.42633e-57	3.76206e-58	5.44772e-59	7.40361e-60	9.48459e-61	1.1499e-61	1.32407e-62	1.45271e-63	1.5231e-64	1.53009e-65	1.47638e-66	1.37128e-67	1.22853e-68	1.06361e-69	8.91374e-71	7.24273e-72	5.71405e-73	4.38299e-74	3.27287e-75	2.38189e-76	1.69132e-77	1.17295e-78	7.95232e-80	5.27542e-81	3.42713e-82	2.18201e-83	1.36255e-84	8.35071e-86	5.02635e-87	2.97311e-88	1.72923e-89	9.89507e-91	5.57364e-92	3.09194e-93	1.69005e-94	9.10634e-96	
5.11573e-99	2.68085e-100	1.3866e-101	7.08117e-103	3.57183e-104	1.78015e-105	8.76884e-107	4.27057e-108	2.05693e-109	9.80085e-111	4.62107e-112	2.6614e-112	6.53136e-109	7.45352e-106	5.12693e-103	2.4496e-100	8.77743e-98	2.47337e-95	5.6587e-93	1.07519e-90	1.72521e-88	2.36732e-86	2.80494e-84	2.89121e-82	2.60743e-80	2.06638e-78	1.4436e-76	8.90961e-75	4.86379e-73	2.34934e-71	1.00357e-69	3.78582e-68	1.25822e-66	3.6715e-65	9.36269e-64	2.07391e-62	3.95954e-61	6.4526e-60	8.86844e-59	1.01329e-57	9.47025e-57	7.12681e-56	4.27651e-55	2.05172e-54	7.88447e-54	2.27585e-53	4.2978e-53	8.30867e-53	2.13412e-52	4.80312e-52	5.20074e-52	3.60492e-52	1.96636e-52	1.0057e-52	5.02393e-53	2.31358e-53	9.37013e-54	3.29744e-54	1.01396e-54	2.75379e-55	6.67878e-56	1.46102e-56	2.90825e-57	5.30872e-58	8.94753e-59	1.40092e-59	2.0487e-60	2.81197e-61	3.63836e-62	4.45526e-63	5.18145e-64	5.74165e-65	6.07985e-66	6.16837e-67	6.01058e-68	5.63754e-69	5.09996e-70	4.45815e-71	3.77219e-72	3.09434e-73	2.46441e-74	1.90814e-75	1.43817e-76	1.05636e-77	7.56995e-79	5.29776e-80	3.62428e-81	2.42588e-82	1.58999e-83	1.02127e-84	6.43325e-86	3.97706e-87	2.41447e-88	1.4404e-89	8.44881e-91	4.87534e-92	2.76911e-93	1.54888e-94	8.53582e-96	4.63681e-97	
2.57114e-100	1.35823e-101	7.08117e-103	3.64491e-104	1.853e-105	9.30714e-107	4.62013e-108	2.26738e-109	1.10042e-110	5.283e-112	2.50964e-113	8.80865e-114	2.04875e-110	2.34462e-107	1.61557e-104	7.72853e-102	2.77192e-99	7.81702e-97	1.78963e-94	3.40254e-92	5.46278e-90	7.50025e-88	8.89178e-86	9.17053e-84	8.27534e-82	6.56222e-80	4.58742e-78	2.83319e-76	1.54777e-74	7.48183e-73	3.19859e-71	1.20766e-69	4.01728e-68	1.17336e-66	2.99519e-65	6.64158e-64	1.26944e-62	2.07119e-61	2.85032e-60	3.26145e-59	3.05331e-58	2.30248e-57	1.38512e-56	6.66467e-56	2.56831e-55	7.43328e-55	1.41041e-54	2.73356e-54	7.02415e-54	1.58452e-53	1.73228e-53	1.21292e-53	6.66265e-54	3.4106e-54	1.70222e-54	7.85397e-55	3.19662e-55	1.13253e-55	3.50942e-56	9.61016e-57	2.35094e-57	5.18884e-58	1.04237e-58	1.92063e-59	3.26805e-60	5.16639e-61	7.62923e-62	1.05747e-62	1.38178e-63	1.70878e-64	2.00698e-65	2.24596e-66	2.4017e-67	2.46059e-68	2.42109e-69	2.2929e-70	2.0943e-71	1.84832e-72	1.57884e-73	1.3074e-74	1.05103e-75	8.21389e-77	6.24813e-78	4.63155e-79	3.34927e-80	2.36516e-81	1.63257e-82	1.10247e-83	7.28978e-85	4.72336e-86	3.00122e-87	1.87137e-88	1.14583e-89	6.89368e-91	4.07763e-92	2.37263e-93	1.35879e-94	7.66278e-96	4.2574e-97	2.33143e-98	
1.27653e-101	6.7972e-103	3.57183e-104	1.853e-105	9.49377e-107	4.80542e-108	2.40378e-109	1.18869e-110	5.81271e-112	2.81161e-113	1.3456e-114	3.00015e-115	6.38049e-112	7.32189e-109	5.0537e-106	2.42044e-103	8.68909e-101	2.45223e-98	5.61784e-96	1.06873e-93	1.71682e-91	2.35845e-89	2.79755e-87	2.88687e-85	2.60656e-83	2.0682e-81	1.44672e-79	8.94083e-78	4.88777e-76	2.36447e-74	1.01164e-72	3.82269e-71	1.27273e-69	3.72081e-68	9.50714e-67	2.11029e-65	4.03784e-64	6.59568e-63	9.08822e-62	1.04137e-60	9.76516e-60	7.37853e-59	4.44967e-58	2.14706e-57	8.29654e-57	2.40755e-56	4.58957e-56	8.91701e-56	2.29206e-55	5.18209e-55	5.71927e-55	4.04483e-55	2.23771e-55	1.14685e-55	5.71959e-56	2.64387e-56	1.08125e-56	3.85621e-57	1.20407e-57	3.32427e-58	8.20193e-59	1.82633e-59	3.70227e-60	6.88507e-61	1.18261e-61	1.88749e-62	2.81423e-63	3.93875e-64	5.19701e-65	6.48986e-66	7.69712e-67	8.6979e-68	9.39178e-69	9.71561e-70	9.65212e-71	9.22906e-72	8.51036e-73	7.58222e-74	6.53795e-75	5.4647e-76	4.43405e-77	3.49728e-78	2.68473e-79	2.00823e-80	1.46536e-81	1.04408e-82	7.27093e-84	4.95341e-85	3.30398e-86	2.15939e-87	1.38391e-88	8.70298e-90	5.37401e-91	3.2604e-92	1.94464e-93	1.1409e-94	6.58757e-96	3.74534e-97	2.09774e-98	1.15799e-99	
6.26275e-103	3.36119e-104	1.78015e-105	9.30714e-107	4.80542e-108	2.45104e-109	1.23542e-110	6.15554e-112	3.03271e-113	1.47787e-114	7.12533e-116	1.06682e-116	1.97332e-113	2.27047e-110	1.56967e-107	7.52645e-105	2.70428e-102	7.63756e-100	1.7508e-97	3.33263e-95	5.35651e-93	7.36234e-91	8.73774e-89	9.02158e-87	8.15017e-85	6.47059e-83	4.52897e-81	2.80074e-79	1.53214e-77	7.41712e-76	3.17582e-74	1.20101e-72	4.00206e-71	1.17104e-69	2.99497e-68	6.65446e-67	1.2746e-65	2.08435e-64	2.87553e-63	3.29942e-62	3.09887e-61	2.34605e-60	1.41818e-59	6.86181e-59	2.65856e-58	7.73488e-58	1.48133e-57	2.88491e-57	7.4173e-57	1.68065e-56	1.87225e-56	1.33731e-56	7.45182e-57	3.82489e-57	1.90641e-57	8.82801e-58	3.62723e-58	1.30208e-58	4.09634e-59	1.14013e-59	2.83693e-60	6.3725e-61	1.30345e-61	2.44632e-62	4.24125e-63	6.83332e-64	1.0286e-64	1.45347e-65	1.93635e-66	2.44149e-67	2.92373e-68	3.33586e-69	3.63676e-70	3.79836e-71	3.80968e-72	3.67742e-73	3.42318e-74	3.07857e-75	2.67941e-76	2.26038e-77	1.851e-78	1.47332e-79	1.1413e-80	8.6142e-82	6.34189e-83	4.55879e-84	3.20274e-85	2.201e-86	1.48084e-87	9.76179e-89	6.3096e-90	4.00158e-91	2.49174e-92	1.52435e-93	9.16725e-95	5.42255e-96	3.15653e-97	1.80916e-98	1.02144e-99	5.68352e-101	
3.0372e-104	1.64287e-105	8.76884e-107	4.62013e-108	2.40378e-109	1.23542e-110	6.27422e-112	3.14966e-113	1.56336e-114	7.67488e-116	3.72755e-117	4.01269e-118	6.06197e-115	6.9927e-112	4.84197e-109	2.32425e-106	8.3582e-104	2.36222e-101	5.41837e-99	1.03196e-96	1.65954e-94	2.28215e-92	2.7099e-90	2.7994e-88	2.53037e-86	2.01005e-84	1.40773e-82	8.7109e-81	4.76844e-79	2.31001e-77	9.89817e-76	3.74615e-74	1.24933e-72	3.65882e-71	9.36606e-70	2.08302e-68	3.9939e-67	6.53827e-66	9.03074e-65	1.03757e-63	9.76016e-63	7.40303e-62	4.48553e-61	2.17611e-60	8.45307e-60	2.46567e-59	4.7436e-59	9.25952e-59	2.38111e-58	5.40682e-58	6.07881e-58	4.38485e-58	2.46118e-58	1.26555e-58	6.30503e-59	2.92467e-59	1.20715e-59	4.36118e-60	1.38225e-60	3.87812e-61	9.731e-62	2.20485e-62	4.55011e-63	8.61746e-64	1.50786e-64	2.45219e-65	3.72614e-66	5.31547e-67	7.14915e-68	9.10059e-69	1.10027e-69	1.26739e-70	1.39492e-71	1.47077e-72	1.48915e-73	1.45101e-74	1.36337e-75	1.23756e-76	1.08709e-77	9.25524e-79	7.6483e-80	6.14301e-81	4.80153e-82	3.65649e-83	2.71586e-84	1.96947e-85	1.39573e-86	9.67505e-88	6.56547e-89	4.36496e-90	2.84525e-91	1.81965e-92	1.14253e-93	7.04752e-95	4.27311e-96	2.54822e-97	1.49536e-98	8.6395e-100	4.9167e-101	2.7574e-102	
1.45644e-105	7.93956e-107	4.27057e-108	2.26738e-109	1.18869e-110	6.15554e-112	3.14966e-113	1.59293e-114	7.96525e-116	3.9391e-117	1.92713e-118	1.60736e-119	1.85009e-116	2.13945e-113	1.48369e-110	7.1296e-108	2.56597e-105	7.25692e-103	1.66555e-100	3.17385e-98	5.10663e-96	7.02604e-94	8.34713e-92	8.62722e-90	7.80222e-88	6.20125e-86	4.34552e-84	2.6906e-82	1.4738e-80	7.1445e-79	3.06354e-77	1.16033e-75	3.87276e-74	1.13514e-72	2.90835e-71	6.47422e-70	1.24256e-68	2.03629e-67	2.81577e-66	3.23931e-65	3.05173e-64	2.31898e-63	1.40826e-62	6.84982e-62	2.66756e-61	7.80071e-61	1.50748e-60	2.94922e-60	7.58485e-60	1.72591e-59	1.95804e-59	1.42623e-59	8.06421e-60	4.15522e-60	2.06959e-60	9.61606e-61	3.98657e-61	1.44934e-61	4.6274e-62	1.30862e-62	3.31098e-63	7.56665e-64	1.57531e-64	3.01038e-65	5.31576e-66	8.72505e-67	1.3382e-67	1.92699e-68	2.61628e-69	3.36203e-70	4.1033e-71	4.77137e-72	5.30115e-73	5.64214e-74	5.76627e-75	5.67111e-76	5.37811e-77	4.92693e-78	4.36761e-79	3.75241e-80	3.129e-81	2.53578e-82	1.99973e-83	1.53635e-84	1.15117e-85	8.4209e-87	6.01951e-88	4.20855e-89	2.8803e-90	1.93116e-91	1.26939e-92	8.18597e-94	5.18243e-95	3.22296e-96	1.97011e-97	1.18436e-98	7.00594e-100	4.07997e-101	2.34026e-102	1.32278e-103	
6.90792e-107	3.79492e-108	2.05693e-109	1.10042e-110	5.81271e-112	3.03271e-113	1.56336e-114	7.96525e-116	4.01223e-117	1.99869e-118	9.84913e-120	6.83751e-121	5.61081e-118	6.50395e-115	4.51706e-112	2.17283e-109	7.8263e-107	2.21484e-104	5.08623e-102	9.69733e-100	1.56105e-97	2.14884e-95	2.55413e-93	2.64114e-91	2.3898e-89	1.90044e-87	1.33248e-85	8.2551e-84	4.52464e-82	2.19484e-80	9.41793e-79	3.56971e-77	1.19236e-75	3.49774e-74	8.9693e-73	1.99844e-71	3.83915e-70	6.29797e-69	8.71851e-68	1.00425e-66	9.47486e-66	7.21277e-65	4.38982e-64	2.14063e-63	8.35701e-63	2.44995e-62	4.7555e-62	9.32387e-62	2.39805e-61	5.46785e-61	6.25878e-61	4.60307e-61	2.62198e-61	1.35416e-61	6.74392e-62	3.13855e-62	1.30676e-62	4.78022e-63	1.53729e-63	4.38167e-64	1.11777e-64	2.57626e-65	5.41048e-66	1.04316e-66	1.85872e-67	3.07882e-68	4.76589e-69	6.92682e-70	9.49268e-71	1.2313e-71	1.5169e-72	1.78042e-73	1.99663e-74	2.1449e-75	2.21247e-76	2.1961e-77	2.10181e-78	1.94311e-79	1.73819e-80	1.50686e-81	1.26779e-82	1.0366e-83	8.24703e-85	6.39171e-86	4.83102e-87	3.56454e-88	2.56994e-89	1.81211e-90	1.2507e-91	8.45602e-93	5.60466e-94	3.64423e-95	2.32606e-96	1.45837e-97	8.98677e-99	5.44591e-100	3.24714e-101	1.90596e-102	1.10184e-103	6.27641e-105	
3.24165e-108	1.79451e-109	9.80085e-111	5.283e-112	2.81161e-113	1.47787e-114	7.67488e-116	3.9391e-117	1.99869e-118	1.00287e-119	4.97752e-121	3.0548e-122	1.69119e-119	1.96495e-116	1.36662e-113	6.5804e-111	2.372e-108	6.717e-106	1.54337e-103	2.94406e-101	4.74156e-99	6.53003e-97	7.7653e-95	8.03372e-93	7.27283e-91	5.78657e-89	4.0594e-87	2.51637e-85	1.38006e-83	6.69877e-82	2.87635e-80	1.09101e-78	3.64695e-77	1.07066e-75	2.7478e-74	6.12769e-73	1.17827e-71	1.93482e-70	2.68134e-69	3.0923e-68	2.92169e-67	2.22803e-66	1.35894e-65	6.64306e-65	2.59973e-64	7.64023e-64	1.4895e-63	2.92659e-63	7.52698e-63	1.07374e-51	6.44245e-52	1.99716e-52	4.26061e-53	7.03e-54	9.5608e-55	1.11543e-55	1.1473e-56	1.06125e-57	8.96166e-59	6.99011e-60	5.08374e-61	3.47395e-62	2.24484e-63	1.37922e-64	8.09574e-66	4.56101e-67	2.47931e-68	1.31066e-69	6.83905e-71	3.63093e-72	2.07208e-73	1.36157e-74	1.06333e-75	9.48635e-77	9.02039e-78	8.68479e-79	8.24633e-80	7.63685e-81	6.87127e-82	6.00179e-83	5.09138e-84	4.19853e-85	3.36918e-86	2.63382e-87	2.00787e-88	1.4942e-89	1.08645e-90	7.72557e-92	5.37686e-93	3.66562e-94	2.44967e-95	1.60589e-96	1.03337e-97	6.53131e-99	4.05703e-100	2.47811e-101	1.48927e-102	8.81008e-104	5.1328e-105	2.94642e-106	
1.50545e-109	8.39748e-111	4.62107e-112	2.50964e-113	1.3456e-114	7.12533e-116	3.72755e-117	1.92713e-118	9.84913e-120	4.97752e-121	2.48817e-122	1.4126e-123	5.06728e-121	5.9007e-118	4.10962e-115	1.98072e-112	7.1451e-110	2.02458e-107	4.65439e-105	8.88287e-103	1.4313e-100	1.97208e-98	2.34621e-96	2.42846e-94	2.19951e-92	1.75091e-90	1.22895e-88	7.62236e-87	4.18283e-85	2.03159e-83	8.72908e-82	3.31327e-80	1.10834e-78	3.25636e-77	8.36401e-76	1.86679e-74	3.5928e-73	5.90538e-72	8.19252e-71	9.45937e-70	8.94998e-69	6.83676e-68	4.17869e-67	2.04764e-66	8.03237e-66	1.07374e-51	1.71799e-51	1.9177e-51	3.41726e-50	1.87195e-48	1.11836e-48	3.47476e-49	7.56158e-50	1.41143e-50	2.54597e-51	4.4304e-52	7.0524e-53	9.94223e-54	1.23494e-54	1.36239e-55	1.35087e-56	1.21835e-57	1.01026e-58	7.77353e-60	5.59459e-61	3.79149e-62	2.4336e-63	1.48675e-64	8.68241e-66	4.86495e-67	2.62406e-68	1.36641e-69	6.8866e-71	3.36696e-72	1.60016e-73	7.4059e-75	3.34348e-76	1.47461e-77	6.36217e-79	2.68862e-80	1.11417e-81	4.53261e-83	1.81206e-84	7.12677e-86	2.76067e-87	1.05479e-88	3.98291e-90	1.49084e-91	5.55863e-93	2.08088e-94	7.91885e-96	3.11803e-97	1.2971e-98	5.80138e-100	2.80482e-101	1.45139e-102	7.88279e-104	4.40282e-105	2.4888e-106	1.40874e-107	
2.52804e-109	8.17303e-111	2.6614e-112	8.80865e-114	3.00015e-115	1.06682e-116	4.01269e-118	1.60736e-119	6.83751e-121	3.0548e-122	1.4126e-123	7.20847e-125	1.50959e-122	1.76162e-119	1.22855e-116	5.92677e-114	2.13951e-111	6.06594e-109	1.39525e-106	2.6641e-104	4.29464e-102	5.91989e-100	7.04614e-98	7.29645e-96	6.6117e-94	5.26579e-92	3.69793e-90	2.29482e-88	1.26002e-86	6.12362e-85	2.6328e-83	9.99999e-82	3.34754e-80	9.84254e-79	2.53006e-77	5.65159e-76	1.08865e-74	1.79106e-73	2.48728e-72	2.87523e-71	2.72411e-70	2.08437e-69	1.2766e-68	1.07374e-51	3.39302e-50	1.90411e-48	3.02055e-48	3.83314e-48	5.73896e-47	1.57745e-45	9.385e-46	2.92357e-46	6.49848e-47	1.35642e-47	2.93004e-48	5.95888e-49	1.05083e-49	1.57905e-50	2.04548e-51	2.32589e-52	2.36195e-53	2.17385e-54	1.83553e-55	1.43627e-56	1.05023e-57	7.22661e-59	4.70715e-60	2.91703e-61	1.7273e-62	9.81002e-64	5.36141e-65	2.82782e-66	1.44311e-67	7.14195e-69	3.4347e-70	1.6081e-71	7.34188e-73	3.27362e-74	1.42747e-75	6.09492e-77	2.55109e-78	1.04784e-79	4.22762e-81	1.67693e-82	6.54506e-84	2.51547e-85	9.52672e-87	3.55772e-88	1.31091e-89	4.76864e-91	1.71346e-92	6.08455e-94	2.13632e-95	7.4196e-97	2.55008e-98	8.67683e-100	2.92394e-101	9.76189e-103	3.2301e-104	1.05967e-105	
6.49004e-106	2.06677e-107	6.53136e-109	2.04875e-110	6.38049e-112	1.97332e-113	6.06197e-115	1.85009e-116	5.61081e-118	1.69119e-119	5.06728e-121	1.50959e-122	8.94277e-124	5.22947e-121	3.65166e-118	1.76323e-115	6.36953e-113	1.80693e-110	4.15829e-108	7.94355e-106	1.2811e-103	1.76668e-101	2.10371e-99	2.17941e-97	1.97578e-95	1.57434e-93	1.10614e-91	6.86802e-90	3.77315e-88	1.8348e-86	7.8935e-85	3.0001e-83	1.00499e-81	2.95705e-80	7.607e-79	1.7006e-77	3.27861e-76	5.39893e-75	7.50512e-74	8.68553e-73	8.23996e-72	6.31513e-71	3.3286e-50	2.37099e-48	5.74375e-47	1.63178e-45	2.57125e-45	3.60981e-45	4.65379e-44	8.55673e-43	5.0703e-43	1.58426e-43	3.60192e-44	8.32656e-45	2.04138e-45	4.51917e-46	8.3661e-47	1.29551e-47	1.71467e-48	1.98417e-49	2.04642e-50	1.91078e-51	1.63567e-52	1.29685e-53	9.60405e-55	6.69013e-56	4.4096e-57	2.76399e-58	1.65475e-59	9.49771e-61	5.24362e-62	2.79272e-63	1.43856e-64	7.18335e-66	3.48433e-67	1.64478e-68	7.56864e-70	3.40025e-71	1.49343e-72	6.42084e-74	2.7054e-75	1.11832e-76	4.5396e-78	1.81127e-79	7.10929e-81	2.74714e-82	1.04583e-83	3.9252e-85	1.45329e-86	5.3111e-88	1.9169e-89	6.8363e-91	2.41022e-92	8.40432e-94	2.89965e-95	9.90281e-97	3.34894e-98	1.12188e-99	3.72412e-101	1.2254e-102	
7.36264e-103	2.35172e-104	7.45352e-106	2.34462e-107	7.32189e-109	2.27047e-110	6.9927e-112	2.13945e-113	6.50395e-115	1.96495e-116	5.9007e-118	1.76162e-119	5.22947e-121	3.08752e-122	1.07942e-119	5.21639e-117	1.88565e-114	5.35225e-112	1.23232e-109	2.35515e-107	3.79991e-105	5.24242e-103	6.24515e-101	6.47268e-99	5.87056e-97	4.67994e-95	3.28978e-93	2.04367e-91	1.12336e-89	5.46581e-88	2.35287e-86	8.94833e-85	2.99958e-83	8.83211e-82	2.27374e-80	5.08709e-79	9.81559e-78	1.61779e-76	2.25109e-75	2.60802e-74	2.47745e-73	5.00364e-49	6.06803e-47	2.38979e-45	4.69457e-44	9.00005e-43	1.41091e-42	2.1465e-42	2.42657e-41	3.35705e-40	1.98147e-40	6.21274e-41	1.44686e-41	3.67409e-42	9.89775e-43	2.31305e-43	4.41289e-44	6.97135e-45	9.37459e-46	1.10022e-46	1.14986e-47	1.08732e-48	9.42154e-50	7.55775e-51	5.66004e-52	3.98514e-53	2.65357e-54	1.67946e-55	1.01473e-56	5.87508e-58	3.27038e-59	1.75539e-60	9.10898e-62	4.58028e-63	2.23636e-64	1.06227e-65	4.9171e-67	2.22141e-68	9.80854e-70	4.23831e-71	1.79434e-72	7.45087e-74	3.03762e-75	1.21698e-76	4.79536e-78	1.85992e-79	7.10593e-81	2.67605e-82	9.94017e-84	3.64397e-85	1.31911e-86	4.71778e-88	1.66785e-89	5.83096e-91	2.01685e-92	6.90453e-94	2.3404e-95	7.85776e-97	2.61402e-98	8.61911e-100	
5.04578e-100	1.61471e-101	5.12693e-103	1.61557e-104	5.0537e-106	1.56967e-107	4.84197e-109	1.48369e-110	4.51706e-112	1.36662e-113	4.10962e-115	1.22855e-116	3.65166e-118	1.07942e-119	6.34643e-121	1.53495e-118	5.55189e-116	1.57671e-113	3.63199e-111	6.94433e-109	1.1209e-106	1.54705e-104	1.84372e-102	1.9117e-100	1.73462e-98	1.38345e-96	9.72962e-95	6.04726e-93	3.32581e-91	1.61911e-89	6.9739e-88	2.65394e-86	8.90211e-85	2.62298e-83	6.75751e-82	1.51302e-80	2.92175e-79	4.81974e-78	6.71288e-77	7.78563e-76	4.85868e-48	8.44107e-46	5.282e-44	1.49336e-42	2.46707e-41	3.58973e-40	5.60581e-40	9.09273e-40	9.14021e-39	1.01471e-37	5.96678e-38	1.87824e-38	4.48711e-39	1.24284e-39	3.60173e-40	8.74409e-41	1.70489e-41	2.73624e-42	3.73019e-43	4.4342e-44	4.6914e-45	4.48879e-46	3.93358e-47	3.18943e-48	2.41292e-49	1.7152e-50	1.15238e-51	7.35506e-53	4.47901e-54	2.61239e-55	1.46423e-56	7.90998e-58	4.12935e-59	2.08808e-60	1.02492e-61	4.89249e-63	2.27519e-64	1.03237e-65	4.57712e-67	1.98546e-68	8.43641e-70	3.51526e-71	1.4378e-72	5.77812e-74	2.28347e-75	8.88126e-77	3.40208e-78	1.28442e-79	4.78234e-81	1.75715e-82	6.37465e-84	2.28461e-85	8.09263e-87	2.83461e-88	9.8223e-90	3.36843e-91	1.14368e-92	3.84599e-94	1.2814e-95	4.23133e-97	
2.40457e-97	7.70512e-99	2.4496e-100	7.72853e-102	2.42044e-103	7.52645e-105	2.32425e-106	7.1296e-108	2.17283e-109	6.5804e-111	1.98072e-112	5.92677e-114	1.76323e-115	5.21639e-117	1.53495e-118	8.98456e-120	1.62611e-117	4.62013e-115	1.06475e-112	2.03666e-110	3.28875e-108	4.5409e-106	5.41386e-104	5.61579e-102	5.09777e-100	4.06753e-98	2.86198e-96	1.77968e-94	9.79278e-93	4.77003e-91	2.05576e-89	7.82798e-88	2.62742e-86	7.74681e-85	1.99719e-83	4.47508e-82	8.64848e-81	1.42786e-79	1.99056e-78	3.42524e-47	7.77547e-45	6.83881e-43	2.92879e-41	6.57133e-40	9.36525e-39	1.10295e-37	1.71746e-37	2.93127e-37	2.64909e-36	2.45782e-35	1.44008e-35	4.5535e-36	1.11763e-36	3.35566e-37	1.03081e-37	2.5756e-38	5.10985e-39	8.31524e-40	1.14807e-40	1.3815e-41	1.47889e-42	1.43098e-43	1.26737e-44	1.0379e-45	7.92553e-47	5.68272e-48	3.84875e-49	2.47476e-50	1.51743e-51	8.90683e-53	5.02164e-54	2.72758e-55	1.43113e-56	7.27081e-58	3.58443e-59	1.71802e-60	8.01983e-62	3.65192e-63	1.62452e-64	7.0688e-66	3.0124e-67	1.25866e-68	5.16151e-70	2.07935e-71	8.23649e-73	3.21049e-74	1.23237e-75	4.66185e-77	1.73902e-78	6.40094e-80	2.32608e-81	8.34989e-83	2.96229e-84	1.03913e-85	3.60578e-87	1.23822e-88	4.20954e-90	1.41734e-91	4.72784e-93	1.56297e-94	
8.59885e-95	2.7582e-96	8.77743e-98	2.77192e-99	8.68909e-101	2.70428e-102	8.3582e-104	2.56597e-105	7.8263e-107	2.372e-108	7.1451e-110	2.13951e-111	6.36953e-113	1.88565e-114	5.55189e-116	1.62611e-117	9.47492e-119	1.34695e-116	3.10524e-114	5.94217e-112	9.59909e-110	1.3259e-107	1.58141e-105	1.64105e-103	1.4903e-101	1.18963e-99	8.37424e-98	5.20989e-96	2.86821e-94	1.39784e-92	6.02771e-91	2.29661e-89	7.71323e-88	2.27569e-86	5.87095e-85	1.31645e-83	2.5461e-82	4.20708e-81	1.868e-46	5.24083e-44	5.98059e-42	3.54447e-40	1.16377e-38	2.18339e-37	2.7353e-36	2.71532e-35	4.21922e-35	7.49543e-35	6.14415e-34	4.89925e-33	2.86077e-33	9.09173e-34	2.29626e-34	7.43274e-35	2.39444e-35	6.12149e-36	1.23275e-36	2.03204e-37	2.84031e-38	3.45875e-39	3.74513e-40	3.66318e-41	3.27729e-42	2.70915e-43	2.08664e-44	1.50804e-45	1.02879e-46	6.65923e-48	4.10813e-49	2.42484e-50	1.37414e-51	7.49918e-53	3.95187e-54	2.01582e-55	9.97479e-57	4.79744e-58	2.24667e-59	1.02611e-60	4.57727e-62	1.99692e-63	8.53078e-65	3.57256e-66	1.4682e-67	5.92676e-69	2.35214e-70	9.18499e-72	3.53177e-73	1.33818e-74	4.99953e-76	1.84291e-77	6.70643e-79	2.41059e-80	8.56286e-82	3.00736e-83	1.04476e-84	3.59166e-86	1.22234e-87	4.11975e-89	1.37557e-90	4.55173e-92	
2.41905e-92	7.76597e-94	2.47337e-95	7.81702e-97	2.45223e-98	7.63756e-100	2.36222e-101	7.25692e-103	2.21484e-104	6.717e-106	2.02458e-107	6.06594e-109	1.80693e-110	5.35225e-112	1.57671e-113	4.62013e-115	1.34695e-116	7.81265e-118	9.01158e-116	1.72493e-113	2.78756e-111	3.85185e-109	4.59591e-107	4.7711e-105	4.33455e-103	3.46152e-101	2.43777e-99	1.51733e-97	8.35748e-96	4.07519e-94	1.75825e-92	6.70294e-91	2.25257e-89	6.65016e-88	1.71679e-86	3.85228e-85	7.45615e-84	8.20002e-46	2.74013e-43	3.85219e-41	2.94397e-39	1.32059e-37	3.53329e-36	5.72208e-35	6.39269e-34	5.50055e-33	8.53337e-33	1.56357e-32	1.17097e-31	8.1901e-31	4.76694e-31	1.52369e-31	3.96641e-32	1.37733e-32	4.61603e-33	1.20284e-33	2.45536e-34	4.09808e-35	5.79827e-36	7.14461e-37	7.8235e-38	7.73295e-39	6.98556e-40	5.82587e-41	4.52347e-42	3.29315e-43	2.26155e-44	1.47271e-45	9.13515e-47	5.41901e-48	3.08494e-49	1.69059e-50	8.94315e-52	4.57792e-53	2.27264e-54	1.09633e-55	5.14851e-57	2.35754e-58	1.05419e-59	4.60949e-61	1.97332e-62	8.28032e-64	3.40925e-65	1.37864e-66	5.48042e-68	2.14341e-69	8.25392e-71	3.13176e-72	1.1716e-73	4.32416e-75	1.57547e-76	5.6694e-78	2.01607e-79	7.08802e-81	2.46484e-82	8.48165e-84	2.88918e-85	9.74614e-87	3.25695e-88	1.07859e-89	
5.52647e-90	1.77548e-91	5.6587e-93	1.78963e-94	5.61784e-96	1.7508e-97	5.41837e-99	1.66555e-100	5.08623e-102	1.54337e-103	4.65439e-105	1.39525e-106	4.15829e-108	1.23232e-109	3.63199e-111	1.06475e-112	3.10524e-114	9.01158e-116	5.20346e-117	4.98337e-115	8.05515e-113	1.11347e-110	1.32906e-108	1.38025e-106	1.25445e-104	1.0022e-102	7.06105e-101	4.39697e-99	2.42303e-97	1.18209e-95	5.10289e-94	1.94646e-92	6.54509e-91	1.93348e-89	4.99468e-88	1.12152e-86	2.9765e-45	1.15401e-42	1.92904e-40	1.81094e-38	1.04188e-36	3.76779e-35	8.53129e-34	1.21828e-32	1.22757e-31	9.34369e-31	1.44767e-30	2.71465e-30	1.86854e-29	1.16427e-28	6.75607e-29	2.17352e-29	5.84143e-30	2.16643e-30	7.50722e-31	1.98876e-31	4.11202e-32	6.9485e-33	9.9522e-34	1.24086e-34	1.37392e-35	1.37197e-36	1.25096e-37	1.05209e-38	8.23101e-40	6.03322e-41	4.16874e-42	2.72971e-43	1.70169e-44	1.01403e-45	5.79649e-47	3.1885e-48	1.6925e-49	8.69111e-51	4.32712e-52	2.09302e-53	9.85354e-55	4.52243e-56	2.02659e-57	8.87911e-59	3.80828e-60	1.60082e-61	6.60195e-63	2.67387e-64	1.06449e-65	4.16904e-67	1.60754e-68	6.10705e-70	2.28737e-71	8.45177e-73	3.08262e-74	1.11043e-75	3.95263e-77	1.39094e-78	4.84129e-80	1.66734e-81	5.68427e-83	1.919e-84	6.41775e-86	2.12688e-87	
1.0487e-87	3.37138e-89	1.07519e-90	3.40254e-92	1.06873e-93	3.33263e-95	1.03196e-96	3.17385e-98	9.69733e-100	2.94406e-101	8.88287e-103	2.6641e-104	7.94355e-106	2.35515e-107	6.94433e-109	2.03666e-110	5.94217e-112	1.72493e-113	4.98337e-115	2.86477e-116	2.31692e-114	3.2033e-112	3.82489e-110	3.97369e-108	3.61292e-106	2.88759e-104	2.03532e-102	1.26798e-100	6.9907e-99	3.41215e-97	1.47373e-95	5.62454e-94	1.89238e-92	5.59364e-91	1.4459e-89	9.10802e-45	4.01787e-42	7.78466e-40	8.67605e-38	6.11561e-36	2.82317e-34	8.56237e-33	1.68321e-31	2.15188e-30	1.9735e-29	1.34951e-28	2.08841e-28	3.981e-28	2.53099e-27	1.4221e-26	8.22929e-27	2.66688e-27	7.41248e-28	2.92425e-28	1.04272e-28	2.80333e-29	5.86915e-30	1.00425e-30	1.45632e-31	1.83743e-32	2.05697e-33	2.07472e-34	1.90882e-35	1.61833e-36	1.2752e-37	9.40707e-39	6.53721e-40	4.30259e-41	2.69463e-42	1.61242e-43	9.25192e-45	5.10677e-46	2.71927e-47	1.40039e-48	6.99076e-50	3.38971e-51	1.59943e-52	7.3563e-54	3.30297e-55	1.44979e-56	6.22885e-58	2.62254e-59	1.0832e-60	4.39337e-62	1.75139e-63	6.86803e-65	2.65144e-66	1.00844e-67	3.78119e-69	1.39859e-70	5.10617e-72	1.8411e-73	6.55939e-75	2.31027e-76	8.04776e-78	2.77386e-79	9.4638e-81	3.19731e-82	1.07004e-83	3.54858e-85	
1.68062e-85	5.40631e-87	1.72521e-88	5.46278e-90	1.71682e-91	5.35651e-93	1.65954e-94	5.10663e-96	1.56105e-97	4.74156e-99	1.4313e-100	4.29464e-102	1.2811e-103	3.79991e-105	1.1209e-106	3.28875e-108	9.59909e-110	2.78756e-111	8.05515e-113	2.31692e-114	1.32614e-115	9.17415e-114	1.0956e-111	1.13864e-109	1.03565e-107	8.28061e-106	5.83901e-104	3.6392e-102	2.00731e-100	9.8024e-99	4.23589e-97	1.61751e-95	5.44516e-94	1.61048e-92	2.38326e-44	1.17835e-41	2.59599e-39	3.35033e-37	2.79963e-35	1.5797e-33	6.09055e-32	1.59148e-30	2.76639e-29	3.20225e-28	2.69285e-27	1.67448e-26	2.58812e-26	4.98591e-26	2.94e-25	1.5042e-24	8.68254e-25	2.837e-25	8.16958e-26	3.41558e-26	1.24848e-26	3.40244e-27	7.21297e-28	1.2501e-28	1.83595e-29	2.3443e-30	2.65332e-31	2.70267e-32	2.50838e-33	2.14316e-34	1.70035e-35	1.26196e-36	8.81707e-38	5.83112e-39	3.66772e-40	2.20325e-41	1.26867e-42	7.02512e-44	3.75172e-45	1.93728e-46	9.69482e-48	4.7116e-49	2.22787e-50	1.02669e-51	4.61827e-53	2.0306e-54	8.73828e-56	3.68464e-57	1.52406e-58	6.18975e-60	2.47065e-61	9.70023e-63	3.74911e-64	1.42747e-65	5.35791e-67	1.98375e-68	7.24935e-70	2.61621e-71	9.32895e-73	3.28845e-74	1.14643e-75	3.95445e-77	1.35016e-78	4.56468e-80	1.52869e-81	5.07292e-83	
2.30337e-83	7.41412e-85	2.36732e-86	7.50025e-88	2.35845e-89	7.36234e-91	2.28215e-92	7.02604e-94	2.14884e-95	6.53003e-97	1.97208e-98	5.91989e-100	1.76668e-101	5.24242e-103	1.54705e-104	4.5409e-106	1.3259e-107	3.85185e-109	1.11347e-110	3.2033e-112	9.17415e-114	5.22877e-115	3.12463e-113	3.24776e-111	2.9551e-109	2.36368e-107	1.6674e-105	1.03966e-103	5.73714e-102	2.80297e-100	1.21185e-98	4.62995e-97	1.55948e-95	5.39073e-44	2.9518e-41	7.28533e-39	1.06844e-36	1.03295e-34	6.90033e-33	3.24489e-31	1.07392e-29	2.46518e-28	3.8412e-27	4.06116e-26	3.15064e-25	1.7989e-24	2.77645e-24	5.37751e-24	2.95106e-23	1.38582e-22	7.98161e-23	2.63226e-23	7.86769e-24	3.47408e-24	1.29775e-24	3.58259e-25	7.69207e-26	1.3509e-26	2.00998e-27	2.59785e-28	2.97266e-29	3.05747e-30	2.86198e-31	2.46364e-32	1.9675e-33	1.46872e-34	1.03145e-35	6.85271e-37	4.32797e-38	2.60948e-39	1.5076e-40	8.37356e-42	4.48427e-43	2.32145e-44	1.16446e-45	5.67147e-47	2.68715e-48	1.24066e-49	5.59058e-51	2.46215e-52	1.06117e-53	4.4811e-55	1.85603e-56	7.54777e-58	3.0164e-59	1.18567e-60	4.58767e-62	1.74859e-63	6.56981e-65	2.43478e-66	8.90575e-68	3.21681e-69	1.14802e-70	4.05005e-72	1.41303e-73	4.8777e-75	1.66658e-76	5.63835e-78	1.88951e-79	6.27434e-81	
2.72592e-81	8.77953e-83	2.80494e-84	8.89178e-86	2.79755e-87	8.73774e-89	2.7099e-90	8.34713e-92	2.55413e-93	7.7653e-95	2.34621e-96	7.04614e-98	2.10371e-99	6.24515e-101	1.84372e-102	5.41386e-104	1.58141e-105	4.59591e-107	1.32906e-108	3.82489e-110	1.0956e-111	3.12463e-113	1.7735e-114	9.22482e-113	8.39431e-111	6.71682e-109	4.74011e-107	2.95679e-105	1.63235e-103	7.97881e-102	3.45126e-100	1.31926e-98	1.06278e-43	6.38282e-41	1.74409e-38	2.86424e-36	3.14482e-34	2.42851e-32	1.35036e-30	5.44038e-29	1.5766e-27	3.22605e-26	4.55363e-25	4.42745e-24	3.18486e-23	1.68295e-22	2.5929e-22	5.02572e-22	2.57404e-21	1.11679e-20	6.42016e-21	2.13954e-21	6.65033e-22	3.09161e-22	1.17736e-22	3.29117e-23	7.15996e-24	1.27493e-24	1.92256e-25	2.51569e-26	2.91041e-27	3.02235e-28	2.85289e-29	2.47378e-30	1.98822e-31	1.49251e-32	1.05335e-33	7.02904e-35	4.45684e-36	2.69672e-37	1.56301e-38	8.70673e-40	4.67517e-41	2.42624e-42	1.21979e-43	5.95344e-45	2.82627e-46	1.30728e-47	5.90083e-49	2.60295e-50	1.12355e-51	4.75127e-53	1.97057e-54	8.0238e-56	3.21051e-57	1.26343e-58	4.89386e-60	1.86724e-61	7.02258e-63	2.60506e-64	9.53726e-66	3.44792e-67	1.23154e-68	4.34816e-70	1.51822e-71	5.24471e-73	1.79327e-74	6.07115e-76	2.03591e-77	6.76485e-79	
2.80636e-79	9.04416e-81	2.89121e-82	9.17053e-84	2.88687e-85	9.02158e-87	2.7994e-88	8.62722e-90	2.64114e-91	8.03372e-93	2.42846e-94	7.29645e-96	2.17941e-97	6.47268e-99	1.9117e-100	5.61579e-102	1.64105e-103	4.7711e-105	1.38025e-106	3.97369e-108	1.13864e-109	3.24776e-111	9.22482e-113	5.21473e-114	2.37484e-112	1.90037e-110	1.34162e-108	8.3722e-107	4.62402e-105	2.26121e-103	9.78559e-102	1.83788e-43	1.20098e-40	3.5984e-38	6.54038e-36	8.03795e-34	7.04529e-32	4.52498e-30	2.15315e-28	7.58238e-27	1.95309e-25	3.60291e-24	4.64504e-23	4.17601e-22	2.79708e-21	1.37685e-20	2.11658e-20	4.0884e-20	1.95877e-19	7.89485e-19	4.53193e-19	1.52819e-19	4.94945e-20	2.41526e-20	9.35838e-21	2.64883e-21	5.84253e-22	1.05551e-22	1.61394e-23	2.13858e-24	2.5016e-25	2.62278e-26	2.49625e-27	2.18006e-28	1.76308e-29	1.33074e-30	9.43713e-32	6.32444e-33	4.02548e-34	2.44414e-35	1.42107e-36	7.9387e-38	4.27396e-39	2.22339e-40	1.1203e-41	5.47925e-43	2.60619e-44	1.20766e-45	5.46043e-47	2.41253e-48	1.04292e-49	4.41657e-51	1.83422e-52	7.47812e-54	2.9958e-55	1.18029e-56	4.57687e-58	1.74813e-59	6.58122e-61	2.44368e-62	8.9547e-64	3.24018e-65	1.15832e-66	4.093e-68	1.43025e-69	4.94456e-71	1.69187e-72	5.73193e-74	1.92347e-75	6.39543e-77	
2.52777e-77	8.15148e-79	2.60743e-80	8.27534e-82	2.60656e-83	8.15017e-85	2.53037e-86	7.80222e-88	2.3898e-89	7.27283e-91	2.19951e-92	6.6117e-94	1.97578e-95	5.87056e-97	1.73462e-98	5.09777e-100	1.4903e-101	4.33455e-103	1.25445e-104	3.61292e-106	1.03565e-107	2.9551e-109	8.39431e-111	2.37484e-112	1.3372e-113	5.35565e-112	3.78109e-110	2.36047e-108	1.30425e-106	6.38077e-105	2.80118e-43	1.97833e-40	6.44822e-38	1.28483e-35	1.74704e-33	1.71329e-31	1.2483e-29	6.85577e-28	2.84838e-26	8.90127e-25	2.06177e-23	3.45961e-22	4.10076e-21	3.42375e-20	2.14264e-19	9.87828e-19	1.51431e-18	2.90389e-18	1.30376e-17	4.904e-17	2.81229e-17	9.61036e-18	3.2498e-18	1.66009e-18	6.53427e-19	1.87307e-19	4.1922e-20	7.69016e-21	1.19296e-21	1.60122e-22	1.89401e-23	2.00484e-24	1.92383e-25	1.69206e-26	1.37684e-27	1.04481e-28	7.44463e-30	5.01024e-31	3.20109e-32	1.95026e-33	1.13745e-34	6.37234e-36	3.43965e-37	1.79368e-38	9.05811e-40	4.43943e-41	2.11571e-42	9.82171e-44	4.44847e-45	1.96859e-46	8.52306e-48	3.61455e-49	1.50319e-50	6.13648e-52	2.46137e-53	9.70875e-55	3.76904e-56	1.44113e-57	5.43102e-59	2.01859e-60	7.40396e-62	2.68149e-63	9.59433e-65	3.39307e-66	1.18663e-67	4.10554e-69	1.40585e-70	4.76635e-72	1.60057e-73	5.32544e-75	
2.00066e-75	6.45591e-77	2.06638e-78	6.56222e-80	2.0682e-81	6.47059e-83	2.01005e-84	6.20125e-86	1.90044e-87	5.78657e-89	1.75091e-90	5.26579e-92	1.57434e-93	4.67994e-95	1.38345e-96	4.06753e-98	1.18963e-99	3.46152e-101	1.0022e-102	2.88759e-104	8.28061e-106	2.36368e-107	6.71682e-109	1.90037e-110	5.35565e-112	3.00402e-113	1.0616e-111	6.62737e-110	3.66338e-108	3.77609e-43	2.86594e-40	1.00945e-37	2.18766e-35	3.2602e-33	3.53632e-31	2.88163e-29	1.79437e-27	8.59841e-26	3.16696e-24	8.88636e-23	1.86802e-21	2.87161e-20	3.14593e-19	2.44769e-18	1.43522e-17	6.22518e-17	9.50989e-17	1.80409e-16	7.6003e-16	2.67815e-15	1.53518e-15	5.32587e-16	1.88432e-16	1.00502e-16	4.01363e-17	1.16574e-17	2.65018e-18	4.9408e-19	7.78076e-20	1.05823e-20	1.26597e-21	1.35299e-22	1.30902e-23	1.15946e-24	9.49244e-26	7.24193e-27	5.18458e-28	3.50397e-29	2.24723e-30	1.37383e-31	8.03764e-33	4.51588e-34	2.44402e-35	1.27761e-36	6.4666e-38	3.17604e-39	1.51662e-40	7.05367e-42	3.20037e-43	1.41861e-44	6.15151e-46	2.61267e-47	1.08807e-48	4.44776e-50	1.78629e-51	7.05452e-53	2.74182e-54	1.04953e-55	3.95946e-57	1.47315e-58	5.40865e-60	1.9607e-61	7.02171e-63	2.48542e-64	8.69938e-66	3.01228e-67	1.0323e-68	3.50253e-70	1.17703e-71	3.91901e-73	
1.39579e-73	4.50718e-75	1.4436e-76	4.58742e-78	1.44672e-79	4.52897e-81	1.40773e-82	4.34552e-84	1.33248e-85	4.0594e-87	1.22895e-88	3.69793e-90	1.10614e-91	3.28978e-93	9.72962e-95	2.86198e-96	8.37424e-98	2.43777e-99	7.06105e-101	2.03532e-102	5.83901e-104	1.6674e-105	4.74011e-107	1.34162e-108	3.78109e-110	1.0616e-111	5.93235e-113	1.85399e-111	4.51294e-43	3.663e-40	1.38638e-37	3.24633e-35	5.261e-33	6.25293e-31	5.63399e-29	3.92208e-27	2.12976e-25	9.04099e-24	2.98711e-22	7.59638e-21	1.45996e-19	2.06797e-18	2.10273e-17	1.52875e-16	8.41707e-16	3.44754e-15	5.24432e-15	9.80963e-15	3.88103e-14	1.28519e-13	7.36883e-14	2.60058e-14	9.64764e-15	5.35964e-15	2.16969e-15	6.38997e-16	1.47738e-16	2.80223e-17	4.48299e-18	6.18073e-19	7.47978e-20	8.07216e-21	7.87463e-22	7.02459e-23	5.78651e-24	4.4385e-25	3.1928e-26	2.16707e-27	1.39518e-28	8.55923e-30	5.02364e-31	2.83078e-32	1.53619e-33	8.05065e-35	4.08438e-36	2.01042e-37	9.61983e-39	4.48275e-40	2.0376e-41	9.04748e-43	3.92964e-44	1.67157e-45	6.97162e-47	2.85381e-48	1.14766e-49	4.53817e-51	1.76596e-52	6.7677e-54	2.55603e-55	9.52009e-57	3.49889e-58	1.26964e-59	4.5512e-61	1.61243e-62	5.64875e-64	1.95763e-65	6.71421e-67	2.27991e-68	7.66758e-70	2.55487e-71	
8.60226e-72	2.77978e-73	8.90961e-75	2.83319e-76	8.94083e-78	2.80074e-79	8.7109e-81	2.6906e-82	8.2551e-84	2.51637e-85	7.62236e-87	2.29482e-88	6.86802e-90	2.04367e-91	6.04726e-93	1.77968e-94	5.20989e-96	1.51733e-97	4.39697e-99	1.26798e-100	3.6392e-102	1.03966e-103	2.95679e-105	8.3722e-107	2.36047e-108	6.62737e-110	1.85399e-111	4.78849e-43	4.13908e-40	1.67524e-37	4.21478e-35	7.37931e-33	9.53604e-31	9.4126e-29	7.24315e-27	4.3954e-25	2.11334e-23	8.04206e-22	2.4059e-20	5.58673e-19	9.87555e-18	1.29491e-16	1.22614e-15	8.34672e-15	4.32218e-14	1.67679e-13	2.53769e-13	4.66571e-13	1.73417e-12	5.41033e-12	3.10544e-12	1.11756e-12	4.35695e-13	2.51539e-13	1.03158e-13	3.08388e-14	7.26209e-15	1.40311e-15	2.28216e-16	3.19113e-17	3.90778e-18	4.25937e-19	4.19027e-20	3.76503e-21	3.12095e-22	2.40713e-23	1.74004e-24	1.18623e-25	7.6674e-27	4.72083e-28	2.77996e-29	1.57126e-30	8.55093e-32	4.49299e-33	2.28503e-34	1.12732e-35	5.4058e-37	2.52415e-38	1.14952e-39	5.1134e-41	2.22473e-42	9.47882e-44	3.95943e-45	1.62316e-46	6.53672e-48	2.58826e-49	1.00847e-50	3.86952e-52	1.46316e-53	5.45578e-55	2.00732e-56	7.29154e-58	2.61637e-59	9.27843e-61	3.25349e-62	1.12854e-63	3.87399e-65	1.31657e-66	4.43137e-68	1.47771e-69	
4.68893e-70	1.51637e-71	4.86379e-73	1.54777e-74	4.88777e-76	1.53214e-77	4.76844e-79	1.4738e-80	4.52464e-82	1.38006e-83	4.18283e-85	1.26002e-86	3.77315e-88	1.12336e-89	3.32581e-91	9.79278e-93	2.86821e-94	8.35748e-96	2.42303e-97	6.9907e-99	2.00731e-100	5.73714e-102	1.63235e-103	4.62402e-105	1.30425e-106	3.66338e-108	4.51294e-43	4.13908e-40	1.784e-37	4.79958e-35	9.02818e-33	1.26029e-30	1.35232e-28	1.13976e-26	7.64322e-25	4.10521e-23	1.76847e-21	6.08951e-20	1.662e-18	3.54537e-17	5.79197e-16	7.05645e-15	6.23815e-14	3.9816e-13	1.9411e-12	7.14963e-12	1.07548e-11	1.93767e-11	6.765e-11	1.99225e-10	1.14593e-10	4.21698e-11	1.73175e-11	1.0368e-11	4.30624e-12	1.30858e-12	3.14421e-13	6.19694e-14	1.02572e-14	1.45551e-15	1.80431e-16	1.98687e-17	1.97164e-18	1.78478e-19	1.48907e-20	1.15506e-21	8.3921e-23	5.74727e-24	3.73027e-25	2.30543e-26	1.36232e-27	7.72467e-29	4.21631e-30	2.22155e-31	1.13275e-32	5.60191e-34	2.69238e-35	1.25986e-36	5.74912e-38	2.56226e-39	1.11681e-40	4.76652e-42	1.9943e-43	8.18835e-45	3.30247e-46	1.3095e-47	5.10916e-49	1.96294e-50	7.43162e-52	2.77439e-53	1.02194e-54	3.71627e-56	1.3349e-57	4.73879e-59	1.6633e-60	5.77499e-62	1.98423e-63	6.74937e-65	2.27367e-66	7.58821e-68	
2.26126e-68	7.31871e-70	2.34934e-71	7.48183e-73	2.36447e-74	7.41712e-76	2.31001e-77	7.1445e-79	2.19484e-80	6.69877e-82	2.03159e-83	6.12362e-85	1.8348e-86	5.46581e-88	1.61911e-89	4.77003e-91	1.39784e-92	4.07519e-94	1.18209e-95	3.41215e-97	9.8024e-99	2.80297e-100	7.97881e-102	2.26121e-103	6.38077e-105	3.77609e-43	3.663e-40	1.67524e-37	4.79958e-35	9.65381e-33	1.44777e-30	1.67799e-28	1.5372e-26	1.12881e-24	6.69806e-23	3.22209e-21	1.25536e-19	3.94094e-18	9.87232e-17	1.94408e-15	2.94653e-14	3.34499e-13	2.76586e-12	1.65645e-11	7.6057e-11	2.66433e-10	3.97918e-10	7.00457e-10	2.29542e-09	6.38911e-09	3.68761e-09	1.39229e-09	6.03713e-10	3.74088e-10	1.57363e-10	4.86986e-11	1.1965e-11	2.40957e-12	4.06326e-13	5.85552e-14	7.35198e-15	8.18251e-16	8.19337e-17	7.47464e-18	6.2786e-19	4.89951e-20	3.57884e-21	2.46279e-22	1.6055e-23	9.96234e-25	5.90865e-26	3.36178e-27	1.84075e-28	9.72739e-30	4.97358e-31	2.466e-32	1.18808e-33	5.57213e-35	2.54823e-36	1.13801e-37	4.9698e-39	2.12501e-40	8.90649e-42	3.66298e-43	1.47967e-44	5.87607e-46	2.29594e-47	8.8332e-49	3.34865e-50	1.25172e-51	4.6163e-53	1.68068e-54	6.04389e-56	2.14787e-57	7.54684e-59	2.62291e-60	9.02083e-62	3.07133e-63	1.03558e-64	3.45922e-66	
9.64307e-67	3.12373e-68	1.00357e-69	3.19859e-71	1.01164e-72	3.17582e-74	9.89817e-76	3.06354e-77	9.41793e-79	2.87635e-80	8.72908e-82	2.6328e-83	7.8935e-85	2.35287e-86	6.9739e-88	2.05576e-89	6.02771e-91	1.75825e-92	5.10289e-94	1.47373e-95	4.23589e-97	1.21185e-98	3.45126e-100	9.78559e-102	2.80118e-43	2.86594e-40	1.38638e-37	4.21478e-35	9.02818e-33	1.44777e-30	1.80264e-28	1.78359e-26	1.42345e-24	9.24736e-23	4.91316e-21	2.13675e-19	7.58605e-18	2.1844e-16	5.04706e-15	9.21042e-14	1.29895e-12	1.37691e-11	1.06607e-10	5.99105e-10	2.58995e-09	8.63774e-09	1.27928e-08	2.19367e-08	6.73798e-08	1.77357e-07	1.02895e-07	4.00189e-08	1.83685e-08	1.17589e-08	5.01222e-09	1.58345e-09	3.98871e-10	8.22389e-11	1.41473e-11	2.07241e-12	2.63731e-13	2.96838e-14	3.00077e-15	2.76013e-16	2.33522e-17	1.83395e-18	1.34728e-19	9.31936e-21	6.1039e-22	3.80389e-23	2.26503e-24	1.29344e-25	7.10636e-27	3.76724e-28	1.93189e-29	9.60526e-31	4.63975e-32	2.1814e-33	9.99902e-35	4.47523e-36	1.95844e-37	8.39043e-39	3.52324e-40	1.45158e-41	5.87366e-43	2.33632e-44	9.14274e-46	3.5227e-47	1.33734e-48	5.00571e-50	1.8485e-51	6.73833e-53	2.42608e-54	8.63171e-56	3.03624e-57	1.05638e-58	3.63691e-60	1.23949e-61	4.18333e-63	1.39868e-64	
3.6312e-65	1.17734e-66	3.78582e-68	1.20766e-69	3.82269e-71	1.20101e-72	3.74615e-74	1.16033e-75	3.56971e-77	1.09101e-78	3.31327e-80	9.99999e-82	3.0001e-83	8.94833e-85	2.65394e-86	7.82798e-88	2.29661e-89	6.70294e-91	1.94646e-92	5.62454e-94	1.61751e-95	4.62995e-97	1.31926e-98	1.83788e-43	1.97833e-40	1.00945e-37	3.24633e-35	7.37931e-33	1.26029e-30	1.67799e-28	1.78359e-26	1.53734e-24	1.08533e-22	6.31225e-21	3.03128e-19	1.20087e-17	3.90863e-16	1.03738e-14	2.21924e-13	3.76423e-12	4.95028e-11	4.90601e-10	3.55794e-09	1.87482e-08	7.62174e-08	2.42054e-07	3.54994e-07	5.91192e-07	1.69816e-06	4.22546e-06	2.46991e-06	9.94432e-07	4.8443e-07	3.19876e-07	1.38304e-07	4.47449e-08	1.15936e-08	2.45318e-09	4.31226e-10	6.42889e-11	8.29996e-12	9.45484e-13	9.65622e-14	8.96076e-15	7.64037e-16	6.04185e-17	4.4661e-18	3.1066e-19	2.04513e-20	1.28047e-21	7.65741e-23	4.39014e-24	2.42092e-25	1.2878e-26	6.62519e-28	3.30391e-29	1.60043e-30	7.54447e-32	3.46685e-33	1.55531e-34	6.82149e-36	2.92869e-37	1.23226e-38	5.08663e-40	2.06198e-41	8.21601e-43	3.22049e-44	1.24281e-45	4.72528e-47	1.77125e-48	6.54989e-50	2.39081e-51	8.6189e-53	3.07027e-54	1.08126e-55	3.76623e-57	1.29806e-58	4.4286e-60	1.49619e-61	5.00739e-63	
1.20455e-63	3.90927e-65	1.25822e-66	4.01728e-68	1.27273e-69	4.00206e-71	1.24933e-72	3.87276e-74	1.19236e-75	3.64695e-77	1.10834e-78	3.34754e-80	1.00499e-81	2.99958e-83	8.90211e-85	2.62742e-86	7.71323e-88	2.25257e-89	6.54509e-91	1.89238e-92	5.44516e-94	1.55948e-95	1.06278e-43	1.20098e-40	6.44822e-38	2.18766e-35	5.261e-33	9.53604e-31	1.35232e-28	1.5372e-26	1.42345e-24	1.08533e-22	6.85926e-21	3.60531e-19	1.57677e-17	5.7248e-16	1.71661e-14	4.21549e-13	8.37437e-12	1.323e-10	1.62444e-09	1.50579e-08	1.02227e-07	5.04207e-07	1.92306e-06	5.81047e-06	8.42414e-06	1.35814e-05	3.63582e-05	8.53783e-05	5.045e-05	2.1157e-05	1.09693e-05	7.46138e-06	3.27854e-06	1.09085e-06	2.9193e-07	6.35859e-08	1.14454e-08	1.7393e-09	2.28098e-10	2.63261e-11	2.71887e-12	2.54759e-13	2.19077e-14	1.74558e-15	1.29912e-16	9.09232e-18	6.01921e-19	3.788e-20	2.27597e-21	1.31054e-22	7.25608e-24	3.87431e-25	2.00014e-26	1.00071e-27	4.8623e-29	2.29869e-30	1.05915e-31	4.76374e-33	2.09438e-34	9.01233e-36	3.80017e-37	1.57189e-38	6.38442e-40	2.5486e-41	1.00076e-42	3.86854e-44	1.47322e-45	5.53082e-47	2.04826e-48	7.48704e-50	2.70275e-51	9.64046e-53	3.39934e-54	1.18548e-55	4.0906e-57	1.39716e-58	4.72535e-60	1.58311e-61	
