1.69e-114	7.23e-116	3.05e-117	1.27e-118	5.26e-120	2.15e-121	8.71e-123	3.49e-124	1.39e-125	5.46e-127	2.13e-128	8.24e-130	3.16e-131	1.2e-132	4.54e-134	1.7e-135	6.31e-137	2.33e-138	8.53e-140	3.1e-141	1.12e-142	4.02e-144	1.43e-145	5.07e-147	1.78e-148	6.24e-150	2.17e-151	7.49e-153	2.58e-154	8.8e-156	2.56e-93	8.98e-87	2.01e-83	8.3e-81	1.69e-78	2.14e-76	1.86e-74	1.16e-72	5.31e-71	1.8e-69	4.46e-68	7.8e-67	9.17e-66	6.91e-65	3.74e-64	1.94e-63	3.44e-63	5.05e-63	1.57e-62	6.92e-62	6.38e-62	3.38e-62	1.45e-62	6.8e-63	3.19e-63	1.27e-63	4.2e-64	1.16e-64	2.77e-65	5.75e-66	1.06e-66	1.76e-67	2.64e-68	3.63e-69	4.6e-70	5.42e-71	5.97e-72	6.19e-73	6.05e-74	5.61e-75	4.95e-76	4.17e-77	3.36e-78	2.61e-79	1.95e-80	1.4e-81	9.78e-83	6.61e-84	4.33e-85	2.76e-86	1.71e-87	1.03e-88	6.1e-90	3.51e-91	1.98e-92	1.09e-93	5.91e-95	3.14e-96	1.63e-97	8.34e-99	4.19e-100	2.07e-101	1.01e-102	4.83e-104	2.28e-105	1.06e-106	4.87e-108	2.21e-109	9.87e-111	4.36e-112	
7.23e-116	3.12e-117	1.33e-118	5.6e-120	2.34e-121	9.64e-123	3.94e-124	1.6e-125	6.4e-127	2.54e-128	1e-129	3.9e-131	1.51e-132	5.8e-134	2.21e-135	8.34e-137	3.12e-138	1.16e-139	4.29e-141	1.57e-142	5.73e-144	2.07e-145	7.45e-147	2.66e-148	9.44e-150	3.33e-151	1.17e-152	4.06e-154	1.41e-155	4.84e-157	5.9e-95	2.1e-88	4.72e-85	1.95e-82	3.97e-80	5.03e-78	4.37e-76	2.73e-74	1.25e-72	4.25e-71	1.05e-69	1.85e-68	2.17e-67	1.64e-66	8.9e-66	4.62e-65	8.24e-65	1.22e-64	3.75e-64	1.65e-63	1.55e-63	8.36e-64	3.61e-64	1.69e-64	7.9e-65	3.17e-65	1.06e-65	2.97e-66	7.15e-67	1.5e-67	2.81e-68	4.72e-69	7.18e-70	1e-70	1.29e-71	1.54e-72	1.72e-73	1.81e-74	1.79e-75	1.68e-76	1.5e-77	1.29e-78	1.05e-79	8.26e-81	6.25e-82	4.56e-83	3.22e-84	2.2e-85	1.46e-86	9.43e-88	5.92e-89	3.62e-90	2.16e-91	1.26e-92	7.19e-94	4.02e-95	2.2e-96	1.18e-97	6.2e-99	3.21e-100	1.63e-101	8.15e-103	4.01e-104	1.94e-105	9.26e-107	4.35e-108	2.02e-109	9.24e-111	4.17e-112	1.86e-113	
3.05e-117	1.33e-118	5.72e-120	2.43e-121	1.03e-122	4.27e-124	1.76e-125	7.2e-127	2.91e-128	1.17e-129	4.64e-131	1.83e-132	7.13e-134	2.76e-135	1.06e-136	4.04e-138	1.53e-139	5.73e-141	2.13e-142	7.89e-144	2.9e-145	1.06e-146	3.83e-148	1.38e-149	4.93e-151	1.75e-152	6.19e-154	2.17e-155	7.58e-157	2.63e-158	1.36e-96	4.88e-90	1.1e-86	4.56e-84	9.3e-82	1.18e-79	1.02e-77	6.4e-76	2.94e-74	1e-72	2.48e-71	4.35e-70	5.12e-69	3.88e-68	2.11e-67	1.1e-66	1.97e-66	2.92e-66	8.95e-66	3.94e-65	3.76e-65	2.06e-65	8.96e-66	4.17e-66	1.95e-66	7.89e-67	2.66e-67	7.54e-68	1.84e-68	3.92e-69	7.41e-70	1.26e-70	1.95e-71	2.75e-72	3.58e-73	4.34e-74	4.92e-75	5.24e-76	5.26e-77	5.01e-78	4.54e-79	3.93e-80	3.26e-81	2.6e-82	1.99e-83	1.47e-84	1.05e-85	7.29e-87	4.9e-88	3.2e-89	2.03e-90	1.26e-91	7.6e-93	4.48e-94	2.59e-95	1.46e-96	8.09e-98	4.39e-99	2.34e-100	1.22e-101	6.27e-103	3.17e-104	1.57e-105	7.71e-107	3.72e-108	1.77e-109	8.27e-111	3.82e-112	1.74e-113	7.86e-115	
1.27e-118	5.6e-120	2.43e-121	1.05e-122	4.45e-124	1.87e-125	7.79e-127	3.21e-128	1.31e-129	5.31e-131	2.13e-132	8.45e-134	3.33e-135	1.3e-136	5.03e-138	1.93e-139	7.38e-141	2.79e-142	1.05e-143	3.91e-145	1.45e-146	5.32e-148	1.94e-149	7.05e-151	2.54e-152	9.11e-154	3.24e-155	1.15e-156	4.03e-158	1.41e-159	3.12e-98	1.13e-91	2.57e-88	1.06e-85	2.17e-83	2.76e-81	2.39e-79	1.5e-77	6.89e-76	2.34e-74	5.82e-73	1.02e-71	1.2e-70	9.13e-70	4.98e-69	2.59e-68	4.69e-68	6.96e-68	2.13e-67	9.36e-67	9.07e-67	5.04e-67	2.22e-67	1.03e-67	4.8e-68	1.96e-68	6.65e-69	1.91e-69	4.71e-70	1.02e-70	1.95e-71	3.35e-72	5.24e-73	7.51e-74	9.92e-75	1.22e-75	1.4e-76	1.51e-77	1.54e-78	1.48e-79	1.36e-80	1.2e-81	1e-82	8.1e-84	6.29e-85	4.71e-86	3.41e-87	2.39e-88	1.63e-89	1.07e-90	6.91e-92	4.33e-93	2.65e-94	1.58e-95	9.22e-97	5.27e-98	2.95e-99	1.62e-100	8.7e-102	4.6e-103	2.39e-104	1.22e-105	6.13e-107	3.03e-108	1.48e-109	7.08e-111	3.35e-112	1.57e-113	7.21e-115	3.28e-116	
5.26e-120	2.34e-121	1.03e-122	4.45e-124	1.91e-125	8.1e-127	3.41e-128	1.42e-129	5.84e-131	2.38e-132	9.64e-134	3.86e-135	1.53e-136	6.05e-138	2.36e-139	9.16e-141	3.52e-142	1.34e-143	5.09e-145	1.91e-146	7.14e-148	2.65e-149	9.74e-151	3.56e-152	1.29e-153	4.67e-155	1.68e-156	5.98e-158	2.12e-159	7.47e-161	7.14e-100	2.62e-93	5.98e-90	2.47e-87	5.05e-85	6.42e-83	5.58e-81	3.49e-79	1.61e-77	5.48e-76	1.36e-74	2.39e-73	2.82e-72	2.15e-71	1.17e-70	6.11e-70	1.11e-69	1.66e-69	5.04e-69	2.21e-68	2.18e-68	1.23e-68	5.46e-69	2.53e-69	1.18e-69	4.83e-70	1.66e-70	4.81e-71	1.2e-71	2.62e-72	5.09e-73	8.87e-74	1.41e-74	2.04e-75	2.73e-76	3.4e-77	3.95e-78	4.32e-79	4.46e-80	4.36e-81	4.06e-82	3.61e-83	3.07e-84	2.51e-85	1.97e-86	1.5e-87	1.1e-88	7.78e-90	5.36e-91	3.58e-92	2.33e-93	1.48e-94	9.14e-96	5.52e-97	3.26e-98	1.88e-99	1.06e-100	5.91e-102	3.21e-103	1.72e-104	9.01e-106	4.65e-107	2.36e-108	1.18e-109	5.8e-111	2.81e-112	1.35e-113	6.34e-115	2.95e-116	1.36e-117	
2.15e-121	9.64e-123	4.27e-124	1.87e-125	8.1e-127	3.47e-128	1.47e-129	6.18e-131	2.57e-132	1.06e-133	4.32e-135	1.75e-136	7e-138	2.78e-139	1.1e-140	4.28e-142	1.66e-143	6.39e-145	2.44e-146	9.25e-148	3.48e-149	1.3e-150	4.83e-152	1.78e-153	6.52e-155	2.37e-156	8.57e-158	3.08e-159	1.1e-160	3.91e-162	1.63e-101	6.04e-95	1.39e-91	5.73e-89	1.17e-86	1.49e-84	1.3e-82	8.12e-81	3.74e-79	1.28e-77	3.17e-76	5.58e-75	6.6e-74	5.02e-73	2.75e-72	1.43e-71	2.63e-71	3.94e-71	1.19e-70	5.22e-70	5.22e-70	2.99e-70	1.34e-70	6.19e-71	2.88e-71	1.19e-71	4.12e-72	1.21e-72	3.05e-73	6.74e-74	1.32e-74	2.34e-75	3.75e-76	5.51e-77	7.48e-78	9.43e-79	1.11e-79	1.23e-80	1.29e-81	1.28e-82	1.2e-83	1.08e-84	9.32e-86	7.71e-87	6.14e-88	4.71e-89	3.5e-90	2.51e-91	1.75e-92	1.18e-93	7.8e-95	5e-96	3.13e-97	1.91e-98	1.14e-99	6.67e-101	3.81e-102	2.14e-103	1.18e-104	6.35e-106	3.37e-107	1.76e-108	9.01e-110	4.55e-111	2.26e-112	1.11e-113	5.34e-115	2.55e-116	1.2e-117	5.55e-119	
8.71e-123	3.94e-124	1.76e-125	7.79e-127	3.41e-128	1.47e-129	6.3e-131	2.67e-132	1.12e-133	4.65e-135	1.92e-136	7.81e-138	3.16e-139	1.27e-140	5.03e-142	1.98e-143	7.75e-145	3.01e-146	1.16e-147	4.42e-149	1.68e-150	6.32e-152	2.36e-153	8.78e-155	3.24e-156	1.19e-157	4.33e-159	1.57e-160	5.64e-162	2.02e-163	3.72e-103	1.39e-96	3.2e-93	1.33e-90	2.72e-88	3.45e-86	3e-84	1.88e-82	8.69e-81	2.97e-79	7.38e-78	1.3e-76	1.54e-75	1.17e-74	6.44e-74	3.36e-73	6.21e-73	9.31e-73	2.8e-72	1.23e-71	1.25e-71	7.25e-72	3.28e-72	1.51e-72	7.04e-73	2.91e-73	1.02e-73	3.02e-74	7.71e-75	1.72e-75	3.43e-76	6.13e-77	9.96e-78	1.48e-78	2.04e-79	2.6e-80	3.11e-81	3.48e-82	3.69e-83	3.7e-84	3.54e-85	3.22e-86	2.81e-87	2.35e-88	1.9e-89	1.47e-90	1.11e-91	8.05e-93	5.68e-94	3.89e-95	2.59e-96	1.68e-97	1.06e-98	6.57e-100	3.96e-101	2.34e-102	1.35e-103	7.67e-105	4.26e-106	2.33e-107	1.25e-108	6.57e-110	3.4e-111	1.74e-112	8.72e-114	4.31e-115	2.1e-116	1.01e-117	4.8e-119	2.25e-120	
3.49e-124	1.6e-125	7.2e-127	3.21e-128	1.42e-129	6.18e-131	2.67e-132	1.14e-133	4.83e-135	2.02e-136	8.4e-138	3.46e-139	1.41e-140	5.7e-142	2.28e-143	9.07e-145	3.58e-146	1.4e-147	5.43e-149	2.09e-150	8e-152	3.04e-153	1.14e-154	4.28e-156	1.59e-157	5.89e-159	2.16e-160	7.88e-162	2.86e-163	1.03e-164	8.48e-105	3.19e-98	7.38e-95	3.06e-92	6.27e-90	7.97e-88	6.95e-86	4.36e-84	2.01e-82	6.87e-81	1.71e-79	3.02e-78	3.57e-77	2.73e-76	1.5e-75	7.84e-75	1.46e-74	2.2e-74	6.57e-74	2.88e-73	2.97e-73	1.75e-73	8e-74	3.68e-74	1.71e-74	7.12e-75	2.51e-75	7.52e-76	1.94e-76	4.4e-77	8.84e-78	1.6e-78	2.63e-79	3.97e-80	5.52e-81	7.14e-82	8.64e-83	9.81e-84	1.05e-84	1.07e-85	1.03e-86	9.54e-88	8.43e-89	7.15e-90	5.83e-91	4.58e-92	3.48e-93	2.56e-94	1.83e-95	1.27e-96	8.53e-98	5.6e-99	3.58e-100	2.24e-101	1.37e-102	8.15e-104	4.77e-105	2.73e-106	1.53e-107	8.45e-109	4.58e-110	2.44e-111	1.28e-112	6.57e-114	3.33e-115	1.66e-116	8.2e-118	3.98e-119	1.91e-120	9.01e-122	
1.39e-125	6.4e-127	2.91e-128	1.31e-129	5.84e-131	2.57e-132	1.12e-133	4.83e-135	2.06e-136	8.72e-138	3.65e-139	1.51e-140	6.23e-142	2.54e-143	1.03e-144	4.11e-146	1.63e-147	6.44e-149	2.52e-150	9.78e-152	3.77e-153	1.44e-154	5.48e-156	2.07e-157	7.75e-159	2.88e-160	1.07e-161	3.92e-163	1.43e-164	5.2e-166	1.93e-106	7.31e-100	1.7e-96	7.04e-94	1.44e-91	1.84e-89	1.6e-87	1e-85	4.64e-84	1.59e-82	3.96e-81	6.98e-80	8.28e-79	6.34e-78	3.5e-77	1.83e-76	3.43e-76	5.17e-76	1.54e-75	6.72e-75	7.03e-75	4.21e-75	1.94e-75	8.94e-76	4.15e-76	1.73e-76	6.17e-77	1.87e-77	4.88e-78	1.12e-78	2.27e-79	4.16e-80	6.93e-81	1.06e-81	1.49e-82	1.95e-83	2.39e-84	2.75e-85	2.98e-86	3.07e-87	3.01e-88	2.81e-89	2.51e-90	2.15e-91	1.78e-92	1.42e-93	1.09e-94	8.1e-96	5.85e-97	4.1e-98	2.79e-99	1.85e-100	1.2e-101	7.57e-103	4.67e-104	2.82e-105	1.66e-106	9.63e-108	5.47e-109	3.05e-110	1.67e-111	8.96e-113	4.74e-114	2.46e-115	1.26e-116	6.37e-118	3.17e-119	1.55e-120	7.5e-122	3.58e-123	
5.46e-127	2.54e-128	1.17e-129	5.31e-131	2.38e-132	1.06e-133	4.65e-135	2.02e-136	8.72e-138	3.72e-139	1.57e-140	6.57e-142	2.72e-143	1.12e-144	4.56e-146	1.84e-147	7.38e-149	2.93e-150	1.16e-151	4.53e-153	1.76e-154	6.78e-156	2.6e-157	9.87e-159	3.73e-160	1.4e-161	5.21e-163	1.93e-164	7.1e-166	2.6e-167	4.36e-108	1.67e-101	3.9e-98	1.62e-95	3.32e-93	4.22e-91	3.68e-89	2.31e-87	1.07e-85	3.66e-84	9.13e-83	1.61e-81	1.91e-80	1.47e-79	8.12e-79	4.24e-78	8.01e-78	1.21e-77	3.59e-77	1.57e-76	1.66e-76	1.01e-76	4.71e-77	2.17e-77	1e-77	4.21e-78	1.51e-78	4.62e-79	1.22e-79	2.82e-80	5.82e-81	1.08e-81	1.82e-82	2.8e-83	4e-84	5.3e-85	6.57e-86	7.66e-87	8.42e-88	8.77e-89	8.69e-90	8.21e-91	7.43e-92	6.45e-93	5.39e-94	4.34e-95	3.38e-96	2.54e-97	1.86e-98	1.32e-99	9.06e-101	6.08e-102	3.98e-103	2.54e-104	1.58e-105	9.66e-107	5.77e-108	3.37e-109	1.93e-110	1.09e-111	6.02e-113	3.27e-114	1.74e-115	9.17e-117	4.74e-118	2.41e-119	1.21e-120	6e-122	2.93e-123	1.41e-124	
2.13e-128	1e-129	4.64e-131	2.13e-132	9.64e-134	4.32e-135	1.92e-136	8.4e-138	3.65e-139	1.57e-140	6.68e-142	2.82e-143	1.18e-144	4.89e-146	2.01e-147	8.17e-149	3.3e-150	1.32e-151	5.26e-153	2.07e-154	8.12e-156	3.16e-157	1.22e-158	4.66e-160	1.77e-161	6.71e-163	2.52e-164	9.39e-166	3.48e-167	1.28e-168	9.87e-110	3.81e-103	8.92e-100	3.7e-97	7.6e-95	9.68e-93	8.45e-91	5.31e-89	2.46e-87	8.41e-86	2.1e-84	3.71e-83	4.41e-82	3.39e-81	1.88e-80	9.82e-80	1.87e-79	2.83e-79	8.35e-79	3.64e-78	3.92e-78	2.41e-78	1.14e-78	5.23e-79	2.42e-79	1.02e-79	3.69e-80	1.14e-80	3.04e-81	7.12e-82	1.48e-82	2.78e-83	4.74e-84	7.41e-85	1.07e-85	1.44e-86	1.8e-87	2.12e-88	2.36e-89	2.49e-90	2.5e-91	2.39e-92	2.19e-93	1.92e-94	1.62e-95	1.32e-96	1.04e-97	7.93e-99	5.86e-100	4.2e-101	2.92e-102	1.98e-103	1.31e-104	8.46e-106	5.33e-107	3.29e-108	1.98e-109	1.17e-110	6.79e-112	3.86e-113	2.15e-114	1.18e-115	6.37e-117	3.38e-118	1.77e-119	9.08e-121	4.6e-122	2.3e-123	1.13e-124	5.5e-126	
8.24e-130	3.9e-131	1.83e-132	8.45e-134	3.86e-135	1.75e-136	7.81e-138	3.46e-139	1.51e-140	6.57e-142	2.82e-143	1.2e-144	5.06e-146	2.11e-147	8.75e-149	3.59e-150	1.46e-151	5.91e-153	2.37e-154	9.41e-156	3.71e-157	1.45e-158	5.65e-160	2.18e-161	8.36e-163	3.18e-164	1.2e-165	4.52e-167	1.69e-168	6.27e-170	2.23e-111	8.67e-105	2.04e-101	8.46e-99	1.74e-96	2.21e-94	1.93e-92	1.22e-90	5.63e-89	1.93e-87	4.83e-86	8.53e-85	1.02e-83	7.81e-83	4.34e-82	2.27e-81	4.35e-81	6.61e-81	1.94e-80	8.43e-80	9.21e-80	5.76e-80	2.74e-80	1.26e-80	5.84e-81	2.47e-81	8.99e-82	2.8e-82	7.55e-83	1.79e-83	3.77e-84	7.14e-85	1.23e-85	1.95e-86	2.85e-87	3.87e-88	4.91e-89	5.86e-90	6.59e-91	7.04e-92	7.14e-93	6.91e-94	6.41e-95	5.69e-96	4.87e-97	4.01e-98	3.19e-99	2.46e-100	1.84e-101	1.33e-102	9.37e-104	6.42e-105	4.29e-106	2.8e-107	1.78e-108	1.11e-109	6.77e-111	4.04e-112	2.36e-113	1.36e-114	7.66e-116	4.24e-117	2.31e-118	1.24e-119	6.52e-121	3.38e-122	1.73e-123	8.73e-125	4.34e-126	2.13e-127	
3.16e-131	1.51e-132	7.13e-134	3.33e-135	1.53e-136	7e-138	3.16e-139	1.41e-140	6.23e-142	2.72e-143	1.18e-144	5.06e-146	2.15e-147	9.05e-149	3.78e-150	1.56e-151	6.42e-153	2.61e-154	1.05e-155	4.22e-157	1.68e-158	6.63e-160	2.6e-161	1.01e-162	3.9e-164	1.5e-165	5.7e-167	2.16e-168	8.11e-170	3.03e-171	5.02e-113	1.97e-106	4.64e-103	1.93e-100	3.96e-98	5.06e-96	4.42e-94	2.78e-92	1.29e-90	4.42e-89	1.11e-87	1.96e-86	2.33e-85	1.8e-84	9.99e-84	5.23e-83	1.01e-82	1.54e-82	4.49e-82	1.95e-81	2.16e-81	1.37e-81	6.57e-82	3.03e-82	1.4e-82	5.95e-83	2.18e-83	6.87e-84	1.87e-84	4.48e-85	9.54e-86	1.83e-86	3.19e-87	5.11e-88	7.55e-89	1.04e-89	1.33e-90	1.61e-91	1.83e-92	1.98e-93	2.03e-94	1.99e-95	1.86e-96	1.68e-97	1.45e-98	1.21e-99	9.73e-101	7.57e-102	5.72e-103	4.19e-104	2.98e-105	2.07e-106	1.4e-107	9.19e-109	5.92e-110	3.72e-111	2.29e-112	1.38e-113	8.18e-115	4.74e-116	2.7e-117	1.51e-118	8.3e-120	4.49e-121	2.39e-122	1.25e-123	6.46e-125	3.29e-126	1.65e-127	8.17e-129	
1.2e-132	5.8e-134	2.76e-135	1.3e-136	6.05e-138	2.78e-139	1.27e-140	5.7e-142	2.54e-143	1.12e-144	4.89e-146	2.11e-147	9.05e-149	3.84e-150	1.62e-151	6.74e-153	2.79e-154	1.14e-155	4.66e-157	1.88e-158	7.53e-160	2.99e-161	1.18e-162	4.63e-164	1.8e-165	6.96e-167	2.67e-168	1.02e-169	3.86e-171	1.45e-172	1.13e-114	4.46e-108	1.06e-104	4.39e-102	9.02e-100	1.15e-97	1.01e-95	6.34e-94	2.94e-92	1.01e-90	2.53e-89	4.47e-88	5.33e-87	4.12e-86	2.3e-85	1.2e-84	2.33e-84	3.57e-84	1.04e-83	4.5e-83	5.04e-83	3.24e-83	1.57e-83	7.26e-84	3.36e-84	1.43e-84	5.29e-85	1.68e-85	4.62e-86	1.12e-86	2.41e-87	4.67e-88	8.23e-89	1.33e-89	1.99e-90	2.77e-91	3.6e-92	4.4e-93	5.07e-94	5.54e-95	5.75e-96	5.7e-97	5.4e-98	4.91e-99	4.29e-100	3.62e-101	2.95e-102	2.32e-103	1.77e-104	1.31e-105	9.43e-107	6.6e-108	4.51e-109	3e-110	1.95e-111	1.24e-112	7.72e-114	4.7e-115	2.81e-116	1.64e-117	9.45e-119	5.34e-120	2.96e-121	1.62e-122	8.68e-124	4.59e-125	2.39e-126	1.23e-127	6.22e-129	3.11e-130	
4.54e-134	2.21e-135	1.06e-136	5.03e-138	2.36e-139	1.1e-140	5.03e-142	2.28e-143	1.03e-144	4.56e-146	2.01e-147	8.75e-149	3.78e-150	1.62e-151	6.86e-153	2.88e-154	1.2e-155	4.97e-157	2.04e-158	8.29e-160	3.34e-161	1.34e-162	5.33e-164	2.1e-165	8.24e-167	3.21e-168	1.24e-169	4.76e-171	1.82e-172	6.89e-174	2.54e-116	1.01e-109	2.4e-106	9.97e-104	2.05e-101	2.62e-99	2.29e-97	1.44e-95	6.7e-94	2.3e-92	5.76e-91	1.02e-89	1.22e-88	9.42e-88	5.26e-87	2.76e-86	5.39e-86	8.28e-86	2.39e-85	1.03e-84	1.18e-84	7.66e-85	3.75e-85	1.74e-85	8.03e-86	3.43e-86	1.28e-86	4.09e-87	1.14e-87	2.78e-88	6.05e-89	1.19e-89	2.12e-90	3.46e-91	5.24e-92	7.37e-93	9.69e-94	1.2e-94	1.4e-95	1.54e-96	1.62e-97	1.62e-98	1.56e-99	1.43e-100	1.27e-101	1.08e-102	8.87e-104	7.06e-105	5.44e-106	4.07e-107	2.96e-108	2.1e-109	1.45e-110	9.73e-112	6.39e-113	4.1e-114	2.58e-115	1.59e-116	9.56e-118	5.66e-119	3.28e-120	1.87e-121	1.05e-122	5.78e-124	3.13e-125	1.67e-126	8.79e-128	4.56e-129	2.33e-130	1.17e-131	
1.7e-135	8.34e-137	4.04e-138	1.93e-139	9.16e-141	4.28e-142	1.98e-143	9.07e-145	4.11e-146	1.84e-147	8.17e-149	3.59e-150	1.56e-151	6.74e-153	2.88e-154	1.22e-155	5.13e-157	2.14e-158	8.83e-160	3.62e-161	1.47e-162	5.94e-164	2.38e-165	9.46e-167	3.74e-168	1.46e-169	5.7e-171	2.21e-172	8.47e-174	3.24e-175	5.69e-118	2.28e-111	5.43e-108	2.26e-105	4.65e-103	5.94e-101	5.2e-99	3.28e-97	1.52e-95	5.23e-94	1.31e-92	2.32e-91	2.78e-90	2.15e-89	1.2e-88	6.31e-88	1.24e-87	1.91e-87	5.5e-87	2.38e-86	2.74e-86	1.8e-86	8.94e-87	4.15e-87	1.92e-87	8.21e-88	3.08e-88	9.95e-89	2.79e-89	6.89e-90	1.52e-90	3.01e-91	5.42e-92	8.98e-93	1.37e-93	1.95e-94	2.6e-95	3.24e-96	3.82e-97	4.27e-98	4.54e-99	4.6e-100	4.46e-101	4.15e-102	3.71e-103	3.19e-104	2.66e-105	2.14e-106	1.67e-107	1.26e-108	9.26e-110	6.62e-111	4.61e-112	3.13e-113	2.08e-114	1.35e-115	8.56e-117	5.32e-118	3.24e-119	1.93e-120	1.13e-121	6.52e-123	3.69e-124	2.05e-125	1.12e-126	6.05e-128	3.21e-129	1.68e-130	8.64e-132	4.39e-133	
6.31e-137	3.12e-138	1.53e-139	7.38e-141	3.52e-142	1.66e-143	7.75e-145	3.58e-146	1.63e-147	7.38e-149	3.3e-150	1.46e-151	6.42e-153	2.79e-154	1.2e-155	5.13e-157	2.17e-158	9.12e-160	3.8e-161	1.57e-162	6.42e-164	2.61e-165	1.05e-166	4.22e-168	1.68e-169	6.63e-171	2.6e-172	1.01e-173	3.92e-175	1.51e-176	1.27e-119	5.14e-113	1.23e-109	5.11e-107	1.05e-104	1.34e-102	1.18e-100	7.42e-99	3.45e-97	1.19e-95	2.98e-94	5.28e-93	6.32e-92	4.9e-91	2.75e-90	1.44e-89	2.85e-89	4.41e-89	1.26e-88	5.44e-88	6.35e-88	4.24e-88	2.12e-88	9.87e-89	4.56e-89	1.96e-89	7.4e-90	2.41e-90	6.83e-91	1.7e-91	3.79e-92	7.59e-93	1.38e-93	2.32e-94	3.58e-95	5.15e-96	6.93e-97	8.75e-98	1.04e-98	1.18e-99	1.27e-100	1.3e-101	1.27e-102	1.2e-103	1.08e-104	9.41e-106	7.91e-107	6.43e-108	5.07e-109	3.87e-110	2.88e-111	2.08e-112	1.46e-113	1e-114	6.73e-116	4.41e-117	2.82e-118	1.77e-119	1.09e-120	6.56e-122	3.88e-123	2.26e-124	1.29e-125	7.23e-127	3.99e-128	2.17e-129	1.16e-130	6.13e-132	3.19e-133	1.63e-134	
2.33e-138	1.16e-139	5.73e-141	2.79e-142	1.34e-143	6.39e-145	3.01e-146	1.4e-147	6.44e-149	2.93e-150	1.32e-151	5.91e-153	2.61e-154	1.14e-155	4.97e-157	2.14e-158	9.12e-160	3.86e-161	1.62e-162	6.73e-164	2.78e-165	1.14e-166	4.62e-168	1.87e-169	7.47e-171	2.97e-172	1.17e-173	4.6e-175	1.79e-176	6.94e-178	2.85e-121	1.16e-114	2.77e-111	1.15e-108	2.38e-106	3.04e-104	2.66e-102	1.68e-100	7.81e-99	2.69e-97	6.75e-96	1.2e-94	1.43e-93	1.11e-92	6.26e-92	3.29e-91	6.55e-91	1.02e-90	2.89e-90	1.24e-89	1.47e-89	9.94e-90	5.03e-90	2.34e-90	1.08e-90	4.67e-91	1.77e-91	5.83e-92	1.67e-92	4.2e-93	9.44e-94	1.91e-94	3.52e-95	5.96e-96	9.32e-97	1.35e-97	1.84e-98	2.35e-99	2.84e-100	3.24e-101	3.52e-102	3.65e-103	3.61e-104	3.43e-105	3.14e-106	2.76e-107	2.34e-108	1.93e-109	1.53e-110	1.18e-111	8.88e-113	6.48e-114	4.61e-115	3.19e-116	2.16e-117	1.43e-118	9.25e-120	5.86e-121	3.64e-122	2.21e-123	1.32e-124	7.75e-126	4.46e-127	2.53e-128	1.41e-129	7.73e-131	4.17e-132	2.22e-133	1.17e-134	6.03e-136	
8.53e-140	4.29e-141	2.13e-142	1.05e-143	5.09e-145	2.44e-146	1.16e-147	5.43e-149	2.52e-150	1.16e-151	5.26e-153	2.37e-154	1.05e-155	4.66e-157	2.04e-158	8.83e-160	3.8e-161	1.62e-162	6.83e-164	2.86e-165	1.19e-166	4.91e-168	2.01e-169	8.17e-171	3.3e-172	1.32e-173	5.25e-175	2.07e-176	8.14e-178	3.17e-179	6.36e-123	2.6e-116	6.24e-113	2.6e-110	5.36e-108	6.85e-106	6.01e-104	3.79e-102	1.76e-100	6.07e-99	1.53e-97	2.71e-96	3.25e-95	2.53e-94	1.42e-93	7.48e-93	1.5e-92	2.33e-92	6.61e-92	2.84e-91	3.39e-91	2.33e-91	1.19e-91	5.56e-92	2.57e-92	1.11e-92	4.24e-93	1.41e-93	4.06e-94	1.03e-94	2.34e-95	4.8e-96	8.94e-97	1.53e-97	2.42e-98	3.55e-99	4.88e-100	6.3e-101	7.68e-102	8.87e-103	9.74e-104	1.02e-104	1.02e-105	9.81e-107	9.05e-108	8.05e-109	6.91e-110	5.74e-111	4.61e-112	3.6e-113	2.73e-114	2.01e-115	1.44e-116	1.01e-117	6.91e-119	4.61e-120	3.01e-121	1.93e-122	1.21e-123	7.42e-125	4.47e-126	2.65e-127	1.54e-128	8.79e-130	4.94e-131	2.73e-132	1.49e-133	8e-135	4.23e-136	2.21e-137	
3.1e-141	1.57e-142	7.89e-144	3.91e-145	1.91e-146	9.25e-148	4.42e-149	2.09e-150	9.78e-152	4.53e-153	2.07e-154	9.41e-156	4.22e-157	1.88e-158	8.29e-160	3.62e-161	1.57e-162	6.73e-164	2.86e-165	1.21e-166	5.07e-168	2.1e-169	8.68e-171	3.55e-172	1.44e-173	5.82e-175	2.33e-176	9.27e-178	3.66e-179	1.44e-180	1.42e-124	5.82e-118	1.4e-114	5.85e-112	1.21e-109	1.54e-107	1.35e-105	8.55e-104	3.98e-102	1.37e-100	3.45e-99	6.13e-98	7.35e-97	5.73e-96	3.23e-95	1.7e-94	3.42e-94	5.35e-94	1.51e-93	6.46e-93	7.82e-93	5.43e-93	2.8e-93	1.31e-93	6.07e-94	2.63e-94	1.01e-94	3.38e-95	9.86e-96	2.53e-96	5.81e-97	1.2e-97	2.26e-98	3.91e-99	6.24e-100	9.27e-101	1.29e-101	1.68e-102	2.07e-103	2.42e-104	2.68e-105	2.84e-106	2.87e-107	2.79e-108	2.6e-109	2.34e-110	2.03e-111	1.7e-112	1.38e-113	1.09e-114	8.33e-116	6.2e-117	4.5e-118	3.18e-119	2.2e-120	1.48e-121	9.76e-123	6.3e-124	3.98e-125	2.47e-126	1.5e-127	8.97e-129	5.26e-130	3.04e-131	1.72e-132	9.61e-134	5.28e-135	2.86e-136	1.53e-137	8.03e-139	
1.12e-142	5.73e-144	2.9e-145	1.45e-146	7.14e-148	3.48e-149	1.68e-150	8e-152	3.77e-153	1.76e-154	8.12e-156	3.71e-157	1.68e-158	7.53e-160	3.34e-161	1.47e-162	6.42e-164	2.78e-165	1.19e-166	5.07e-168	2.14e-169	8.94e-171	3.71e-172	1.53e-173	6.26e-175	2.54e-176	1.03e-177	4.11e-179	1.63e-180	6.46e-182	3.15e-126	1.3e-119	3.15e-116	1.31e-113	2.71e-111	3.47e-109	3.04e-107	1.92e-105	8.96e-104	3.09e-102	7.77e-101	1.38e-99	1.66e-98	1.29e-97	7.32e-97	3.85e-96	7.81e-96	1.22e-95	3.43e-95	1.47e-94	1.8e-94	1.26e-94	6.58e-95	3.1e-95	1.43e-95	6.23e-96	2.41e-96	8.12e-97	2.39e-97	6.19e-98	1.43e-98	3e-99	5.7e-100	9.95e-101	1.61e-101	2.41e-102	3.38e-103	4.47e-104	5.56e-105	6.56e-106	7.36e-107	7.87e-108	8.05e-109	7.89e-110	7.44e-111	6.76e-112	5.92e-113	5.02e-114	4.12e-115	3.28e-116	2.53e-117	1.9e-118	1.39e-119	9.95e-121	6.93e-122	4.72e-123	3.14e-124	2.05e-125	1.31e-126	8.18e-128	5.02e-129	3.02e-130	1.79e-131	1.04e-132	5.96e-134	3.36e-135	1.86e-136	1.02e-137	5.47e-139	2.9e-140	
4.02e-144	2.07e-145	1.06e-146	5.32e-148	2.65e-149	1.3e-150	6.32e-152	3.04e-153	1.44e-154	6.78e-156	3.16e-157	1.45e-158	6.63e-160	2.99e-161	1.34e-162	5.94e-164	2.61e-165	1.14e-166	4.91e-168	2.1e-169	8.94e-171	3.77e-172	1.58e-173	6.54e-175	2.7e-176	1.1e-177	4.48e-179	1.81e-180	7.23e-182	2.88e-183	7.01e-128	2.91e-121	7.05e-118	2.95e-115	6.08e-113	7.78e-111	6.83e-109	4.32e-107	2.01e-105	6.94e-104	1.75e-102	3.11e-101	3.74e-100	2.92e-99	1.65e-98	8.71e-98	1.78e-97	2.79e-97	7.8e-97	3.33e-96	4.13e-96	2.93e-96	1.54e-96	7.31e-97	3.38e-97	1.47e-97	5.73e-98	1.94e-98	5.77e-99	1.51e-99	3.53e-100	7.45e-101	1.43e-101	2.53e-102	4.12e-103	6.25e-104	8.87e-105	1.18e-105	1.49e-106	1.77e-107	2.01e-108	2.17e-109	2.25e-110	2.22e-111	2.12e-112	1.94e-113	1.72e-114	1.47e-115	1.22e-116	9.81e-118	7.66e-119	5.81e-120	4.3e-121	3.1e-122	2.18e-123	1.5e-124	1.01e-125	6.61e-127	4.26e-128	2.69e-129	1.67e-130	1.01e-131	6.05e-133	3.55e-134	2.05e-135	1.16e-136	6.51e-138	3.58e-139	1.95e-140	1.04e-141	
1.43e-145	7.45e-147	3.83e-148	1.94e-149	9.74e-151	4.83e-152	2.36e-153	1.14e-154	5.48e-156	2.6e-157	1.22e-158	5.65e-160	2.6e-161	1.18e-162	5.33e-164	2.38e-165	1.05e-166	4.62e-168	2.01e-169	8.68e-171	3.71e-172	1.58e-173	6.64e-175	2.78e-176	1.15e-177	4.74e-179	1.94e-180	7.87e-182	3.17e-183	1.27e-184	1.56e-129	6.51e-123	1.58e-119	6.6e-117	1.36e-114	1.74e-112	1.53e-110	9.69e-109	4.52e-107	1.56e-105	3.93e-104	7e-103	8.42e-102	6.59e-101	3.73e-100	1.97e-99	4.04e-99	6.37e-99	1.77e-98	7.54e-98	9.45e-98	6.8e-98	3.62e-98	1.72e-98	7.96e-99	3.48e-99	1.36e-99	4.64e-100	1.39e-100	3.68e-101	8.68e-102	1.85e-102	3.59e-103	6.4e-104	1.05e-104	1.62e-105	2.32e-106	3.12e-107	3.97e-108	4.78e-109	5.47e-110	5.97e-111	6.24e-112	6.24e-113	6.01e-114	5.57e-115	4.98e-116	4.3e-117	3.6e-118	2.92e-119	2.3e-120	1.77e-121	1.32e-122	9.59e-124	6.81e-125	4.72e-126	3.2e-127	2.12e-128	1.38e-129	8.8e-131	5.5e-132	3.37e-133	2.03e-134	1.2e-135	7e-137	4.01e-138	2.26e-139	1.26e-140	6.88e-142	3.71e-143	
5.07e-147	2.66e-148	1.38e-149	7.05e-151	3.56e-152	1.78e-153	8.78e-155	4.28e-156	2.07e-157	9.87e-159	4.66e-160	2.18e-161	1.01e-162	4.63e-164	2.1e-165	9.46e-167	4.22e-168	1.87e-169	8.17e-171	3.55e-172	1.53e-173	6.54e-175	2.78e-176	1.17e-177	4.88e-179	2.02e-180	8.33e-182	3.4e-183	1.38e-184	5.57e-186	3.45e-131	1.45e-124	3.53e-121	1.48e-118	3.04e-116	3.9e-114	3.43e-112	2.17e-110	1.01e-108	3.49e-107	8.8e-106	1.57e-104	1.89e-103	1.48e-102	8.41e-102	4.43e-101	9.16e-101	1.45e-100	4.01e-100	1.7e-99	2.16e-99	1.57e-99	8.45e-100	4.04e-100	1.87e-100	8.18e-101	3.21e-101	1.11e-101	3.34e-102	8.92e-103	2.13e-103	4.58e-104	8.97e-105	1.61e-105	2.69e-106	4.16e-107	6.03e-108	8.2e-109	1.05e-109	1.28e-110	1.48e-111	1.64e-112	1.73e-113	1.75e-114	1.7e-115	1.59e-116	1.43e-117	1.25e-118	1.06e-119	8.66e-121	6.89e-122	5.34e-123	4.02e-124	2.95e-125	2.12e-126	1.48e-127	1.01e-128	6.79e-130	4.45e-131	2.86e-132	1.8e-133	1.12e-134	6.78e-136	4.05e-137	2.38e-138	1.37e-139	7.82e-141	4.38e-142	2.42e-143	1.31e-144	
1.78e-148	9.44e-150	4.93e-151	2.54e-152	1.29e-153	6.52e-155	3.24e-156	1.59e-157	7.75e-159	3.73e-160	1.77e-161	8.36e-163	3.9e-164	1.8e-165	8.24e-167	3.74e-168	1.68e-169	7.47e-171	3.3e-172	1.44e-173	6.26e-175	2.7e-176	1.15e-177	4.88e-179	2.05e-180	8.57e-182	3.55e-183	1.46e-184	5.97e-186	2.42e-187	7.63e-133	3.23e-126	7.87e-123	3.29e-120	6.79e-118	8.71e-116	7.66e-114	4.85e-112	2.26e-110	7.82e-109	1.97e-107	3.52e-106	4.24e-105	3.33e-104	1.89e-103	9.98e-103	2.07e-102	3.29e-102	9.07e-102	3.85e-101	4.93e-101	3.63e-101	1.97e-101	9.45e-102	4.38e-102	1.92e-102	7.59e-103	2.63e-103	8.02e-104	2.16e-104	5.2e-105	1.13e-105	2.24e-106	4.07e-107	6.83e-108	1.07e-108	1.56e-109	2.15e-110	2.79e-111	3.43e-112	4.01e-113	4.46e-114	4.76e-115	4.86e-116	4.77e-117	4.51e-118	4.11e-119	3.62e-120	3.09e-121	2.56e-122	2.05e-123	1.6e-124	1.22e-125	9.05e-127	6.54e-128	4.62e-129	3.19e-130	2.16e-131	1.43e-132	9.26e-134	5.89e-135	3.67e-136	2.25e-137	1.36e-138	8.04e-140	4.68e-141	2.68e-142	1.52e-143	8.44e-145	4.63e-146	
6.24e-150	3.33e-151	1.75e-152	9.11e-154	4.67e-155	2.37e-156	1.19e-157	5.89e-159	2.88e-160	1.4e-161	6.71e-163	3.18e-164	1.5e-165	6.96e-167	3.21e-168	1.46e-169	6.63e-171	2.97e-172	1.32e-173	5.82e-175	2.54e-176	1.1e-177	4.74e-179	2.02e-180	8.57e-182	3.6e-183	1.5e-184	6.22e-186	2.56e-187	1.05e-188	1.69e-134	7.17e-128	1.75e-124	7.34e-122	1.51e-119	1.94e-117	1.71e-115	1.08e-113	5.05e-112	1.75e-110	4.41e-109	7.87e-108	9.49e-107	7.46e-106	4.25e-105	2.24e-104	4.69e-104	7.46e-104	2.05e-103	8.66e-103	1.12e-102	8.37e-103	4.58e-103	2.21e-103	1.03e-103	4.51e-104	1.79e-104	6.26e-105	1.92e-105	5.22e-106	1.27e-106	2.78e-107	5.56e-108	1.02e-108	1.73e-109	2.74e-110	4.04e-111	5.62e-112	7.36e-113	9.14e-114	1.08e-114	1.21e-115	1.31e-116	1.35e-117	1.34e-118	1.27e-119	1.17e-120	1.04e-121	8.99e-123	7.51e-124	6.09e-125	4.8e-126	3.69e-127	2.76e-128	2.01e-129	1.44e-130	1e-131	6.82e-133	4.55e-134	2.98e-135	1.91e-136	1.2e-137	7.44e-139	4.52e-140	2.7e-141	1.59e-142	9.17e-144	5.22e-145	2.93e-146	1.62e-147	
2.17e-151	1.17e-152	6.19e-154	3.24e-155	1.68e-156	8.57e-158	4.33e-159	2.16e-160	1.07e-161	5.21e-163	2.52e-164	1.2e-165	5.7e-167	2.67e-168	1.24e-169	5.7e-171	2.6e-172	1.17e-173	5.25e-175	2.33e-176	1.03e-177	4.48e-179	1.94e-180	8.33e-182	3.55e-183	1.5e-184	6.31e-186	2.63e-187	1.09e-188	4.48e-190	3.72e-136	1.59e-129	3.9e-126	1.63e-123	3.37e-121	4.32e-119	3.8e-117	2.41e-115	1.13e-113	3.9e-112	9.84e-111	1.76e-109	2.12e-108	1.67e-107	9.53e-107	5.03e-106	1.06e-105	1.69e-105	4.61e-105	1.95e-104	2.55e-104	1.92e-104	1.06e-104	5.16e-105	2.4e-105	1.06e-105	4.21e-106	1.48e-106	4.59e-107	1.26e-107	3.08e-108	6.83e-109	1.38e-109	2.55e-110	4.38e-111	6.99e-112	1.04e-112	1.46e-113	1.94e-114	2.43e-115	2.89e-116	3.29e-117	3.57e-118	3.72e-119	3.72e-120	3.59e-121	3.33e-122	3e-123	2.61e-124	2.2e-125	1.8e-126	1.43e-127	1.11e-128	8.37e-130	6.17e-131	4.44e-132	3.12e-133	2.14e-134	1.44e-135	9.53e-137	6.17e-138	3.92e-139	2.44e-140	1.5e-141	9.01e-143	5.34e-144	3.11e-145	1.79e-146	1.01e-147	5.63e-149	
7.49e-153	4.06e-154	2.17e-155	1.15e-156	5.98e-158	3.08e-159	1.57e-160	7.88e-162	3.92e-163	1.93e-164	9.39e-166	4.52e-167	2.16e-168	1.02e-169	4.76e-171	2.21e-172	1.01e-173	4.6e-175	2.07e-176	9.27e-178	4.11e-179	1.81e-180	7.87e-182	3.4e-183	1.46e-184	6.22e-186	2.63e-187	1.1e-188	4.6e-190	1.9e-191	8.21e-138	3.53e-131	8.66e-128	3.63e-125	7.49e-123	9.62e-121	8.46e-119	5.37e-117	2.51e-115	8.68e-114	2.19e-112	3.92e-111	4.74e-110	3.73e-109	2.13e-108	1.13e-107	2.38e-107	3.82e-107	1.04e-106	4.38e-106	5.79e-106	4.42e-106	2.47e-106	1.2e-106	5.6e-107	2.47e-107	9.9e-108	3.51e-108	1.09e-108	3.03e-109	7.48e-110	1.67e-110	3.41e-111	6.38e-112	1.1e-112	1.78e-113	2.68e-114	3.8e-115	5.07e-116	6.43e-117	7.73e-118	8.87e-119	9.74e-120	1.02e-120	1.03e-121	1.01e-122	9.44e-124	8.56e-125	7.52e-126	6.4e-127	5.29e-128	4.25e-129	3.32e-130	2.53e-131	1.88e-132	1.36e-133	9.67e-135	6.71e-136	4.56e-137	3.03e-138	1.98e-139	1.27e-140	7.97e-142	4.93e-143	2.99e-144	1.79e-145	1.05e-146	6.08e-148	3.46e-149	1.95e-150	
2.58e-154	1.41e-155	7.58e-157	4.03e-158	2.12e-159	1.1e-160	5.64e-162	2.86e-163	1.43e-164	7.1e-166	3.48e-167	1.69e-168	8.11e-170	3.86e-171	1.82e-172	8.47e-174	3.92e-175	1.79e-176	8.14e-178	3.66e-179	1.63e-180	7.23e-182	3.17e-183	1.38e-184	5.97e-186	2.56e-187	1.09e-188	4.6e-190	1.93e-191	8.04e-193	1.81e-139	7.8e-133	1.92e-129	8.05e-127	1.66e-124	2.14e-122	1.88e-120	1.19e-118	5.58e-117	1.93e-115	4.88e-114	8.73e-113	1.06e-111	8.33e-111	4.77e-110	2.52e-109	5.36e-109	8.62e-109	2.33e-108	9.81e-108	1.31e-107	1.01e-107	5.71e-108	2.79e-108	1.3e-108	5.77e-109	2.32e-109	8.28e-110	2.6e-110	7.26e-111	1.81e-111	4.09e-112	8.41e-113	1.59e-113	2.78e-114	4.52e-115	6.87e-116	9.83e-117	1.33e-117	1.7e-118	2.06e-119	2.39e-120	2.64e-121	2.81e-122	2.86e-123	2.81e-124	2.66e-125	2.44e-126	2.16e-127	1.86e-128	1.55e-129	1.25e-130	9.89e-132	7.6e-133	5.7e-134	4.17e-135	2.99e-136	2.09e-137	1.43e-138	9.61e-140	6.33e-141	4.09e-142	2.59e-143	1.61e-144	9.88e-146	5.95e-147	3.52e-148	2.06e-149	1.18e-150	6.69e-152	
8.8e-156	4.84e-157	2.63e-158	1.41e-159	7.47e-161	3.91e-162	2.02e-163	1.03e-164	5.2e-166	2.6e-167	1.28e-168	6.27e-170	3.03e-171	1.45e-172	6.89e-174	3.24e-175	1.51e-176	6.94e-178	3.17e-179	1.44e-180	6.46e-182	2.88e-183	1.27e-184	5.57e-186	2.42e-187	1.05e-188	4.48e-190	1.9e-191	8.04e-193	3.37e-194	3.98e-141	1.72e-134	4.25e-131	1.78e-128	3.69e-126	4.73e-124	4.17e-122	2.65e-120	1.24e-118	4.29e-117	1.08e-115	1.94e-114	2.35e-113	1.86e-112	1.06e-111	5.63e-111	1.2e-110	1.94e-110	5.23e-110	1.02e-17	2.05e-18	2.25e-19	1.8e-20	1.17e-21	6.56e-23	3.28e-24	1.5e-25	6.37e-27	2.55e-28	9.69e-30	3.52e-31	1.23e-32	4.17e-34	1.37e-35	4.39e-37	1.37e-38	4.19e-40	1.26e-41	3.71e-43	1.08e-44	3.07e-46	8.66e-48	2.41e-49	6.63e-51	1.8e-52	4.85e-54	1.29e-55	3.42e-57	8.96e-59	2.33e-60	6.01e-62	1.54e-63	3.92e-65	9.92e-67	2.49e-68	6.24e-70	1.55e-71	3.84e-73	9.44e-75	2.31e-76	5.64e-78	1.37e-79	3.31e-81	7.98e-83	1.92e-84	4.58e-86	1.09e-87	2.59e-89	6.14e-91	1.45e-92	
2.56e-93	5.9e-95	1.36e-96	3.12e-98	7.14e-100	1.63e-101	3.72e-103	8.48e-105	1.93e-106	4.36e-108	9.87e-110	2.23e-111	5.02e-113	1.13e-114	2.54e-116	5.69e-118	1.27e-119	2.85e-121	6.36e-123	1.42e-124	3.15e-126	7.01e-128	1.56e-129	3.45e-131	7.63e-133	1.69e-134	3.72e-136	8.21e-138	1.81e-139	3.98e-141	1.75e-142	3.81e-136	9.41e-133	3.95e-130	8.16e-128	1.05e-125	9.24e-124	5.87e-122	2.75e-120	9.52e-119	2.41e-117	4.31e-116	5.23e-115	4.13e-114	2.37e-113	1.02e-17	1.23e-17	1.25e-17	1.15e-16	4.82e-15	9.71e-16	1.18e-16	2.1e-17	1.31e-17	2.32e-18	2.46e-19	1.93e-20	1.24e-21	6.92e-23	3.44e-24	1.57e-25	6.64e-27	2.65e-28	1.01e-29	3.65e-31	1.28e-32	4.32e-34	1.42e-35	4.53e-37	1.41e-38	4.32e-40	1.3e-41	3.82e-43	1.11e-44	3.16e-46	8.91e-48	2.48e-49	6.81e-51	1.85e-52	4.99e-54	1.33e-55	3.51e-57	9.2e-59	2.39e-60	6.17e-62	1.58e-63	4.02e-65	1.02e-66	2.56e-68	6.4e-70	1.59e-71	3.93e-73	9.68e-75	2.37e-76	5.78e-78	1.4e-79	3.4e-81	8.18e-83	1.96e-84	4.69e-86	
8.98e-87	2.1e-88	4.88e-90	1.13e-91	2.62e-93	6.04e-95	1.39e-96	3.19e-98	7.31e-100	1.67e-101	3.81e-103	8.67e-105	1.97e-106	4.46e-108	1.01e-109	2.28e-111	5.14e-113	1.16e-114	2.6e-116	5.82e-118	1.3e-119	2.91e-121	6.51e-123	1.45e-124	3.23e-126	7.17e-128	1.59e-129	3.53e-131	7.8e-133	1.72e-134	3.81e-136	1.68e-137	2.08e-134	8.73e-132	1.8e-129	2.32e-127	2.04e-125	1.3e-123	6.08e-122	2.11e-120	5.34e-119	9.57e-118	1.16e-116	1.02e-17	1.15e-16	4.92e-15	5.88e-15	6.44e-15	4.91e-14	1.02e-12	2.08e-13	2.82e-14	7.77e-15	6e-15	1.09e-15	1.27e-16	1.13e-17	8.25e-19	5.16e-20	2.85e-21	1.42e-22	6.54e-24	2.81e-25	1.13e-26	4.36e-28	1.6e-29	5.67e-31	1.94e-32	6.43e-34	2.08e-35	6.55e-37	2.02e-38	6.11e-40	1.81e-41	5.3e-43	1.52e-44	4.32e-46	1.21e-47	3.34e-49	9.14e-51	2.47e-52	6.63e-54	1.76e-55	4.63e-57	1.21e-58	3.13e-60	8.05e-62	2.06e-63	5.22e-65	1.32e-66	3.3e-68	8.24e-70	2.04e-71	5.04e-73	1.24e-74	3.03e-76	7.37e-78	1.79e-79	4.31e-81	1.04e-82	
2.01e-83	4.72e-85	1.1e-86	2.57e-88	5.98e-90	1.39e-91	3.2e-93	7.38e-95	1.7e-96	3.9e-98	8.92e-100	2.04e-101	4.64e-103	1.06e-104	2.4e-106	5.43e-108	1.23e-109	2.77e-111	6.24e-113	1.4e-114	3.15e-116	7.05e-118	1.58e-119	3.53e-121	7.87e-123	1.75e-124	3.9e-126	8.66e-128	1.92e-129	4.25e-131	9.41e-133	2.08e-134	9.18e-136	1.93e-133	3.99e-131	5.12e-129	4.52e-127	2.87e-125	1.35e-123	4.66e-122	1.18e-120	2.12e-119	1.13e-16	5.38e-15	4.95e-14	1.06e-12	1.27e-12	1.46e-12	9.37e-12	1.28e-10	2.65e-11	4.06e-12	1.51e-12	1.26e-12	2.33e-13	3e-14	2.99e-15	2.39e-16	1.61e-17	9.38e-19	4.89e-20	2.33e-21	1.03e-22	4.25e-24	1.66e-25	6.22e-27	2.23e-28	7.73e-30	2.59e-31	8.45e-33	2.69e-34	8.34e-36	2.54e-37	7.59e-39	2.23e-40	6.44e-42	1.83e-43	5.15e-45	1.43e-46	3.93e-48	1.07e-49	2.86e-51	7.62e-53	2.01e-54	5.26e-56	1.37e-57	3.52e-59	9.02e-61	2.29e-62	5.8e-64	1.46e-65	3.64e-67	9.04e-69	2.23e-70	5.49e-72	1.35e-73	3.28e-75	7.96e-77	1.92e-78	4.63e-80	
8.3e-81	1.95e-82	4.56e-84	1.06e-85	2.47e-87	5.73e-89	1.33e-90	3.06e-92	7.04e-94	1.62e-95	3.7e-97	8.46e-99	1.93e-100	4.39e-102	9.97e-104	2.26e-105	5.11e-107	1.15e-108	2.6e-110	5.85e-112	1.31e-113	2.95e-115	6.6e-117	1.48e-118	3.29e-120	7.34e-122	1.63e-123	3.63e-125	8.05e-127	1.78e-128	3.95e-130	8.73e-132	1.93e-133	8.5e-135	8.79e-133	1.13e-130	9.97e-129	6.34e-127	2.97e-125	1.03e-123	2.61e-122	5.73e-16	4.98e-14	1.24e-12	9.52e-12	1.37e-10	1.62e-10	1.93e-10	1.05e-09	1.06e-08	2.24e-09	3.92e-10	1.83e-10	1.58e-10	2.96e-11	4.26e-12	4.69e-13	4.04e-14	2.86e-15	1.74e-16	9.32e-18	4.53e-19	2.03e-20	8.54e-22	3.38e-23	1.28e-24	4.62e-26	1.61e-27	5.44e-29	1.78e-30	5.7e-32	1.78e-33	5.43e-35	1.63e-36	4.8e-38	1.39e-39	3.97e-41	1.12e-42	3.12e-44	8.57e-46	2.33e-47	6.28e-49	1.67e-50	4.43e-52	1.16e-53	3.02e-55	7.79e-57	2e-58	5.08e-60	1.29e-61	3.24e-63	8.09e-65	2.01e-66	4.98e-68	1.23e-69	3e-71	7.33e-73	1.78e-74	4.31e-76	1.04e-77	
1.69e-78	3.97e-80	9.3e-82	2.17e-83	5.05e-85	1.17e-86	2.72e-88	6.27e-90	1.44e-91	3.32e-93	7.6e-95	1.74e-96	3.96e-98	9.02e-100	2.05e-101	4.65e-103	1.05e-104	2.38e-106	5.36e-108	1.21e-109	2.71e-111	6.08e-113	1.36e-114	3.04e-116	6.79e-118	1.51e-119	3.37e-121	7.49e-123	1.66e-124	3.69e-126	8.16e-128	1.8e-129	3.99e-131	8.79e-133	3.87e-134	2.49e-132	2.2e-130	1.4e-128	6.56e-127	2.28e-125	1.79e-15	2.24e-13	9.72e-12	1.65e-10	1.07e-09	1.15e-08	1.37e-08	1.65e-08	7.6e-08	6.03e-07	1.31e-07	2.66e-08	1.48e-08	1.3e-08	2.49e-09	4.04e-10	4.89e-11	4.49e-12	3.32e-13	2.07e-14	1.14e-15	5.63e-17	2.56e-18	1.09e-19	4.35e-21	1.66e-22	6.03e-24	2.12e-25	7.18e-27	2.37e-28	7.6e-30	2.38e-31	7.3e-33	2.2e-34	6.49e-36	1.89e-37	5.41e-39	1.53e-40	4.26e-42	1.17e-43	3.2e-45	8.63e-47	2.31e-48	6.11e-50	1.6e-51	4.18e-53	1.08e-54	2.77e-56	7.06e-58	1.79e-59	4.51e-61	1.13e-62	2.81e-64	6.96e-66	1.71e-67	4.21e-69	1.03e-70	2.5e-72	6.04e-74	1.46e-75	
2.14e-76	5.03e-78	1.18e-79	2.76e-81	6.42e-83	1.49e-84	3.45e-86	7.97e-88	1.84e-89	4.22e-91	9.68e-93	2.21e-94	5.06e-96	1.15e-97	2.62e-99	5.94e-101	1.34e-102	3.04e-104	6.85e-106	1.54e-107	3.47e-109	7.78e-111	1.74e-112	3.9e-114	8.71e-116	1.94e-117	4.32e-119	9.62e-121	2.14e-122	4.73e-124	1.05e-125	2.32e-127	5.12e-129	1.13e-130	2.49e-132	1.1e-133	4.84e-132	3.08e-130	1.44e-128	3.84e-15	6.24e-13	3.86e-11	1.11e-09	1.42e-08	7.85e-08	6.68e-07	7.9e-07	9.53e-07	3.72e-06	2.4e-05	5.38e-06	1.3e-06	8.36e-07	7.37e-07	1.45e-07	2.68e-08	3.57e-09	3.47e-10	2.66e-11	1.71e-12	9.56e-14	4.81e-15	2.22e-16	9.52e-18	3.84e-19	1.48e-20	5.42e-22	1.91e-23	6.53e-25	2.16e-26	6.97e-28	2.19e-29	6.76e-31	2.04e-32	6.05e-34	1.76e-35	5.07e-37	1.44e-38	4.01e-40	1.11e-41	3.03e-43	8.18e-45	2.19e-46	5.81e-48	1.53e-49	3.99e-51	1.03e-52	2.65e-54	6.77e-56	1.72e-57	4.33e-59	1.09e-60	2.71e-62	6.71e-64	1.65e-65	4.06e-67	9.93e-69	2.42e-70	5.86e-72	1.41e-73	
1.86e-74	4.37e-76	1.02e-77	2.39e-79	5.58e-81	1.3e-82	3e-84	6.95e-86	1.6e-87	3.68e-89	8.45e-91	1.93e-92	4.42e-94	1.01e-95	2.29e-97	5.2e-99	1.18e-100	2.66e-102	6.01e-104	1.35e-105	3.04e-107	6.83e-109	1.53e-110	3.43e-112	7.66e-114	1.71e-115	3.8e-117	8.46e-119	1.88e-120	4.17e-122	9.24e-124	2.04e-125	4.52e-127	9.97e-129	2.2e-130	4.84e-132	2.13e-133	6.78e-132	5.96e-15	1.19e-12	9.46e-11	3.82e-09	8.09e-08	8.28e-07	3.87e-06	2.71e-05	3.18e-05	3.8e-05	0.000124	0.000659	0.000156	4.57e-05	3.31e-05	2.92e-05	5.92e-06	1.28e-06	1.86e-07	1.91e-08	1.52e-09	1e-10	5.75e-12	2.94e-13	1.38e-14	5.98e-16	2.44e-17	9.46e-19	3.5e-20	1.25e-21	4.28e-23	1.43e-24	4.62e-26	1.46e-27	4.52e-29	1.37e-30	4.08e-32	1.19e-33	3.44e-35	9.77e-37	2.74e-38	7.58e-40	2.08e-41	5.63e-43	1.51e-44	4.01e-46	1.06e-47	2.76e-49	7.16e-51	1.84e-52	4.71e-54	1.2e-55	3.02e-57	7.59e-59	1.89e-60	4.7e-62	1.16e-63	2.85e-65	6.98e-67	1.7e-68	4.13e-70	9.97e-72	
1.16e-72	2.73e-74	6.4e-76	1.5e-77	3.49e-79	8.12e-81	1.88e-82	4.36e-84	1e-85	2.31e-87	5.31e-89	1.22e-90	2.78e-92	6.34e-94	1.44e-95	3.28e-97	7.42e-99	1.68e-100	3.79e-102	8.55e-104	1.92e-105	4.32e-107	9.69e-109	2.17e-110	4.85e-112	1.08e-113	2.41e-115	5.37e-117	1.19e-118	2.65e-120	5.87e-122	1.3e-123	2.87e-125	6.34e-127	1.4e-128	3.08e-130	6.78e-132	6.88e-15	1.62e-12	1.58e-10	8.16e-09	2.4e-07	3.96e-06	3.31e-05	0.000129	0.000757	0.000886	0.00103	0.00276	0.0121	0.00309	0.00113	0.000908	0.000798	0.00017	4.37e-05	7.01e-06	7.62e-07	6.31e-08	4.3e-09	2.52e-10	1.32e-11	6.28e-13	2.77e-14	1.14e-15	4.48e-17	1.67e-18	6e-20	2.08e-21	6.97e-23	2.27e-24	7.23e-26	2.25e-27	6.84e-29	2.04e-30	6e-32	1.74e-33	4.95e-35	1.39e-36	3.86e-38	1.06e-39	2.88e-41	7.75e-43	2.06e-44	5.45e-46	1.43e-47	3.71e-49	9.56e-51	2.45e-52	6.23e-54	1.57e-55	3.96e-57	9.89e-59	2.46e-60	6.08e-62	1.5e-63	3.67e-65	8.94e-67	2.17e-68	5.25e-70	
5.31e-71	1.25e-72	2.94e-74	6.89e-76	1.61e-77	3.74e-79	8.69e-81	2.01e-82	4.64e-84	1.07e-85	2.46e-87	5.63e-89	1.29e-90	2.94e-92	6.7e-94	1.52e-95	3.45e-97	7.81e-99	1.76e-100	3.98e-102	8.96e-104	2.01e-105	4.52e-107	1.01e-108	2.26e-110	5.05e-112	1.13e-113	2.51e-115	5.58e-117	1.24e-118	2.75e-120	6.08e-122	1.35e-123	2.97e-125	6.56e-127	1.44e-128	5.96e-15	1.62e-12	1.86e-10	1.17e-08	4.39e-07	9.95e-06	0.000131	0.0009	0.00289	0.0141	0.0164	0.0184	0.0389	0.138	0.0401	0.0191	0.0166	0.0146	0.00335	0.00106	0.000188	2.18e-05	1.9e-06	1.34e-07	8.14e-09	4.36e-10	2.12e-11	9.51e-13	3.99e-14	1.58e-15	5.98e-17	2.16e-18	7.56e-20	2.55e-21	8.38e-23	2.68e-24	8.38e-26	2.57e-27	7.7e-29	2.27e-30	6.59e-32	1.89e-33	5.32e-35	1.48e-36	4.08e-38	1.11e-39	3e-41	8e-43	2.12e-44	5.55e-46	1.45e-47	3.74e-49	9.58e-51	2.44e-52	6.18e-54	1.56e-55	3.9e-57	9.7e-59	2.4e-60	5.92e-62	1.45e-63	3.54e-65	8.62e-67	2.09e-68	
1.8e-69	4.25e-71	1e-72	2.34e-74	5.48e-76	1.28e-77	2.97e-79	6.87e-81	1.59e-82	3.66e-84	8.41e-86	1.93e-87	4.42e-89	1.01e-90	2.3e-92	5.23e-94	1.19e-95	2.69e-97	6.07e-99	1.37e-100	3.09e-102	6.94e-104	1.56e-105	3.49e-107	7.82e-109	1.75e-110	3.9e-112	8.68e-114	1.93e-115	4.29e-117	9.52e-119	2.11e-120	4.66e-122	1.03e-123	2.28e-125	3.84e-15	1.19e-12	1.58e-10	1.17e-08	5.33e-07	1.53e-05	0.000271	0.00286	0.0161	0.0407	0.162	0.187	0.2	0.313	0.802	0.307	0.202	0.188	0.164	0.0428	0.0173	0.00347	0.000441	4.11e-05	3.06e-06	1.93e-07	1.06e-08	5.3e-10	2.43e-11	1.04e-12	4.17e-14	1.59e-15	5.84e-17	2.06e-18	7.01e-20	2.32e-21	7.47e-23	2.35e-24	7.22e-26	2.18e-27	6.46e-29	1.88e-30	5.4e-32	1.53e-33	4.27e-35	1.18e-36	3.22e-38	8.71e-40	2.33e-41	6.18e-43	1.63e-44	4.24e-46	1.1e-47	2.82e-49	7.21e-51	1.83e-52	4.61e-54	1.15e-55	2.88e-57	7.14e-59	1.76e-60	4.33e-62	1.06e-63	2.57e-65	6.24e-67	
4.46e-68	1.05e-69	2.48e-71	5.82e-73	1.36e-74	3.17e-76	7.38e-78	1.71e-79	3.96e-81	9.13e-83	2.1e-84	4.83e-86	1.11e-87	2.53e-89	5.76e-91	1.31e-92	2.98e-94	6.75e-96	1.53e-97	3.45e-99	7.77e-101	1.75e-102	3.93e-104	8.8e-106	1.97e-107	4.41e-109	9.84e-111	2.19e-112	4.88e-114	1.08e-115	2.41e-117	5.34e-119	1.18e-120	2.61e-122	1.79e-15	6.24e-13	9.46e-11	8.16e-09	4.39e-07	1.53e-05	0.00034	0.00474	0.0391	0.174	0.322	0.935	1.05	1.06	1.08	1.17	1.08	1.06	1.05	0.931	0.319	0.178	0.042	0.00609	0.000624	4.97e-05	3.29e-06	1.89e-07	9.7e-09	4.55e-10	1.98e-11	8.09e-13	3.14e-14	1.16e-15	4.14e-17	1.42e-18	4.74e-20	1.54e-21	4.86e-23	1.5e-24	4.56e-26	1.36e-27	3.97e-29	1.14e-30	3.25e-32	9.11e-34	2.52e-35	6.91e-37	1.87e-38	5.03e-40	1.34e-41	3.52e-43	9.2e-45	2.39e-46	6.15e-48	1.57e-49	3.99e-51	1.01e-52	2.53e-54	6.32e-56	1.57e-57	3.88e-59	9.54e-61	2.33e-62	5.69e-64	1.38e-65	
7.8e-67	1.85e-68	4.35e-70	1.02e-71	2.39e-73	5.58e-75	1.3e-76	3.02e-78	6.98e-80	1.61e-81	3.71e-83	8.53e-85	1.96e-86	4.47e-88	1.02e-89	2.32e-91	5.28e-93	1.2e-94	2.71e-96	6.13e-98	1.38e-99	3.11e-101	7e-103	1.57e-104	3.52e-106	7.87e-108	1.76e-109	3.92e-111	8.73e-113	1.94e-114	4.31e-116	9.57e-118	2.12e-119	5.73e-16	2.24e-13	3.86e-11	3.82e-09	2.4e-07	9.95e-06	0.000271	0.00474	0.0503	0.298	0.934	1.07	1.19	1.22	1.22	1.22	1.23	1.22	1.22	1.22	1.2	1.08	0.932	0.297	0.0545	0.00645	0.000563	3.97e-05	2.38e-06	1.26e-07	6.08e-09	2.7e-10	1.12e-11	4.41e-13	1.65e-14	5.94e-16	2.06e-17	6.92e-19	2.26e-20	7.19e-22	2.24e-23	6.82e-25	2.04e-26	5.99e-28	1.73e-29	4.94e-31	1.39e-32	3.86e-34	1.06e-35	2.88e-37	7.75e-39	2.07e-40	5.46e-42	1.43e-43	3.71e-45	9.58e-47	2.46e-48	6.25e-50	1.58e-51	3.97e-53	9.94e-55	2.47e-56	6.11e-58	1.51e-59	3.69e-61	9e-63	2.19e-64	
