0	0	0	0	0	0	0	0	0	0	0	0	0	0	0	0	0	0	0	0	0	0	0	0	0	0	0	0	0	0	0	0	0	0	0	0	0	0	0	0	0	0	0	0	0	0	0	0	0	0	0	0	0	0	0	0	0	0	0	0	0	0	0	0	0	0	0	0	0	0	0	0	0	0	0	0	0	0	0	0	0	0	0	0	0	0	0	0	0	0	0	0	0	0	0	0	0	0	0	0	
0	2.75691e-105	5.87746e-103	1.10057e-100	1.82767e-98	2.71247e-96	3.62049e-94	4.36905e-92	4.78784e-90	4.78224e-88	4.36737e-86	3.65635e-84	2.81237e-82	1.99109e-80	1.29945e-78	7.82711e-77	4.35537e-75	2.24042e-73	1.06588e-71	4.69094e-70	1.90976e-68	7.19063e-67	2.50282e-65	8.04775e-64	2.38838e-62	6.53454e-61	1.64585e-59	3.80969e-58	8.08806e-57	1.57123e-55	2.7855e-54	4.49259e-53	6.56888e-52	8.67275e-51	1.02931e-49	1.09264e-48	1.03165e-47	8.6108e-47	6.31084e-46	4.03122e-45	2.22565e-44	1.05166e-43	4.20239e-43	1.40106e-42	3.86676e-42	9.04389e-42	1.96565e-41	4.32717e-41	8.67959e-41	1.32337e-40	1.35283e-40	1.0001e-40	5.92868e-41	3.10453e-41	1.51672e-41	6.92567e-42	2.89065e-42	1.08379e-42	3.62984e-43	1.08869e-43	2.94218e-44	7.21673e-45	1.61828e-45	3.33987e-46	6.3829e-47	1.1358e-47	1.89113e-48	2.95936e-49	4.36979e-50	6.11051e-51	8.11828e-52	1.02781e-52	1.24336e-53	1.44076e-54	1.60282e-55	1.71546e-56	1.76975e-57	1.76301e-58	1.6987e-59	1.58547e-60	1.43548e-61	1.26241e-62	1.07971e-63	8.99097e-65	7.29743e-66	5.77873e-67	4.46893e-68	3.37806e-69	2.49797e-70	1.80844e-71	1.28274e-72	8.92072e-74	6.08657e-75	4.0769e-76	2.68245e-77	1.73469e-78	1.10316e-79	6.90233e-81	4.24518e-82	0	
0	5.87746e-103	1.12739e-100	1.91856e-98	2.9196e-96	3.99836e-94	4.95392e-92	5.57766e-90	5.72818e-88	5.38291e-86	4.64104e-84	3.67952e-82	2.6876e-80	1.8114e-78	1.12797e-76	6.496e-75	3.46255e-73	1.70914e-71	7.81492e-70	3.31042e-68	1.29898e-66	4.72e-65	1.58735e-63	4.93701e-62	1.4187e-60	3.76205e-59	9.19223e-58	2.06595e-56	4.26214e-55	8.05223e-54	1.3893e-52	2.18229e-51	3.10975e-50	4.00399e-49	4.63723e-48	4.80657e-47	4.43406e-46	3.61819e-45	2.5941e-44	1.62212e-43	8.77372e-43	4.06531e-42	1.59495e-41	5.23012e-41	1.42335e-40	3.29237e-40	7.08071e-40	1.53636e-39	3.03314e-39	4.56603e-39	4.64e-39	3.4256e-39	2.03598e-39	1.07261e-39	5.28034e-40	2.42791e-40	1.01892e-40	3.83658e-41	1.28956e-41	3.88017e-42	1.05176e-42	2.58715e-43	5.81717e-44	1.20367e-44	2.30598e-45	4.11282e-46	6.86274e-47	1.0761e-47	1.59199e-48	2.23013e-49	2.96784e-50	3.76327e-51	4.55918e-52	5.29031e-53	5.89303e-54	6.31492e-55	6.52237e-56	6.50466e-57	6.27395e-58	5.8616e-59	5.3121e-60	4.67589e-61	4.00263e-62	3.33585e-63	2.70967e-64	2.1474e-65	1.66189e-66	1.25712e-67	9.30235e-69	6.73902e-70	4.78311e-71	3.32843e-72	2.27233e-73	1.52294e-74	1.0026e-75	6.48719e-77	4.12764e-78	2.58396e-79	1.58998e-80	0	
0	1.10057e-100	1.91856e-98	2.99181e-96	4.20112e-94	5.34046e-92	6.1733e-90	6.51363e-88	6.2934e-86	5.58321e-84	4.55846e-82	3.43187e-80	2.38629e-78	1.53452e-76	9.13582e-75	5.03974e-73	2.57762e-71	1.22279e-69	5.38136e-68	2.19701e-66	8.31927e-65	2.92061e-63	9.50013e-62	2.86087e-60	7.96752e-59	2.04952e-57	4.86203e-56	1.0618e-54	2.13015e-53	3.91632e-52	6.58026e-51	1.00724e-49	1.39959e-48	1.75829e-47	1.9881e-46	2.01304e-45	1.81512e-44	1.44855e-43	1.01632e-42	6.22312e-42	3.2985e-41	1.4991e-40	5.77599e-40	1.86334e-39	5.00115e-39	1.14404e-38	2.43417e-38	5.20579e-38	1.01175e-37	1.50412e-37	1.51961e-37	1.12054e-37	6.67849e-38	3.54058e-38	1.75649e-38	8.13265e-39	3.43165e-39	1.29768e-39	4.37756e-40	1.32147e-40	3.59293e-41	8.86376e-42	1.99854e-42	4.14622e-43	7.96309e-44	1.42358e-44	2.38064e-45	3.74061e-46	5.54454e-47	7.78098e-48	1.03723e-48	1.3173e-49	1.59827e-50	1.85715e-51	2.07145e-52	2.22249e-53	2.29819e-54	2.29449e-55	2.21544e-56	2.0719e-57	1.87946e-58	1.65588e-59	1.41869e-60	1.18335e-61	9.61987e-63	7.62954e-64	5.90896e-65	4.47294e-66	3.31214e-67	2.40105e-68	1.70527e-69	1.18738e-70	8.11119e-72	5.43935e-73	3.58293e-74	2.31955e-75	1.47666e-76	9.24886e-78	5.69377e-79	0	
0	1.82767e-98	2.9196e-96	4.20112e-94	5.47584e-92	6.49436e-90	7.0352e-88	6.98358e-86	6.36997e-84	5.35144e-82	4.14896e-80	2.9735e-78	1.97268e-76	1.21282e-74	6.91638e-73	3.66097e-71	1.79951e-69	8.21622e-68	3.48488e-66	1.37295e-64	5.0228e-63	1.70549e-61	5.3712e-60	1.56756e-58	4.2348e-57	1.05759e-55	2.43775e-54	5.17671e-53	1.01061e-51	1.80929e-50	2.96224e-49	4.42114e-48	5.99359e-47	7.35049e-46	8.118e-45	8.03319e-44	7.08279e-43	5.53013e-42	3.79823e-41	2.27813e-40	1.18364e-39	5.27789e-39	1.99759e-38	6.3412e-38	1.67876e-37	3.79779e-37	7.99304e-37	1.6849e-36	3.22431e-36	4.73495e-36	4.75654e-36	3.50379e-36	2.09458e-36	1.11766e-36	5.58827e-37	2.60541e-37	1.10535e-37	4.19786e-38	1.42128e-38	4.30475e-39	1.17409e-39	2.90514e-40	6.56897e-41	1.3665e-41	2.63114e-42	4.71502e-43	7.90256e-44	1.2443e-44	1.84799e-45	2.59813e-46	3.46932e-47	4.41317e-48	5.3625e-49	6.23992e-50	6.96921e-51	7.48678e-52	7.75098e-53	7.74723e-54	7.48831e-55	7.01029e-56	6.36536e-57	5.61332e-58	4.81353e-59	4.01844e-60	3.26941e-61	2.59501e-62	2.01131e-63	1.52362e-64	1.12901e-65	8.18999e-67	5.82049e-68	4.05539e-69	2.77199e-70	1.86e-71	1.2259e-72	7.94079e-74	5.05796e-75	3.16966e-76	1.95224e-77	0	
0	2.71247e-96	3.99836e-94	5.34046e-92	6.49436e-90	7.2181e-88	7.3563e-86	6.89377e-84	5.95455e-82	4.75023e-80	3.50589e-78	2.39729e-76	1.52054e-74	8.95451e-73	4.89977e-71	2.4925e-69	1.17916e-67	5.18875e-66	2.12372e-64	8.08343e-63	2.86019e-61	9.40275e-60	2.8698e-58	8.1241e-57	2.13071e-55	5.17011e-54	1.15877e-52	2.39443e-51	4.55164e-50	7.93995e-49	1.26743e-47	1.84541e-46	2.44201e-45	2.92497e-44	3.15669e-43	3.05403e-42	2.63401e-41	2.01281e-40	1.35375e-39	7.95582e-39	4.053e-38	1.77358e-37	6.5955e-37	2.06063e-36	5.38164e-36	1.20397e-35	2.50613e-35	5.20714e-35	9.81339e-35	1.42385e-34	1.42242e-34	1.04688e-34	6.27866e-35	3.37281e-35	1.69979e-35	7.98002e-36	3.4039e-36	1.2983e-36	4.41203e-37	1.34086e-37	3.66886e-38	9.10603e-39	2.06504e-39	4.30767e-40	8.31592e-41	1.49387e-41	2.50951e-42	3.95982e-43	5.89269e-44	8.30013e-45	1.11026e-45	1.41461e-46	1.72154e-47	2.0061e-48	2.2436e-49	2.41331e-50	2.50149e-51	2.50315e-52	2.42213e-53	2.26987e-54	2.06308e-55	1.82106e-56	1.56301e-57	1.30597e-58	1.06342e-59	8.44739e-61	6.55235e-62	4.96727e-63	3.6834e-64	2.67384e-65	1.90152e-66	1.32573e-67	9.06751e-69	6.08796e-70	4.01485e-71	2.60212e-72	1.65837e-73	1.03981e-74	6.40751e-76	0	
0	3.62049e-94	4.95392e-92	6.1733e-90	7.0352e-88	7.3563e-86	7.07768e-84	6.28089e-82	5.15164e-80	3.91223e-78	2.75487e-76	1.80098e-74	1.09417e-72	6.18273e-71	3.25128e-69	1.5918e-67	7.2576e-66	3.08174e-64	1.21858e-62	4.48595e-61	1.53674e-59	4.89584e-58	1.44938e-56	3.98324e-55	1.015e-53	2.3947e-52	5.22242e-51	1.05074e-49	1.94609e-48	3.30967e-47	5.1537e-46	7.32421e-45	9.46513e-44	1.10774e-42	1.1687e-41	1.1059e-40	9.33346e-40	6.98272e-39	4.60024e-38	2.64968e-37	1.32387e-36	5.68657e-36	2.07823e-35	6.39167e-35	1.64693e-34	3.64351e-34	7.4997e-34	1.53595e-33	2.85121e-33	4.08821e-33	4.06205e-33	2.98754e-33	1.79805e-33	9.72604e-34	4.94102e-34	2.3358e-34	1.00174e-34	3.83741e-35	1.309e-35	3.99204e-36	1.09592e-36	2.72865e-37	6.20658e-38	1.29837e-38	2.51321e-39	4.52603e-40	7.62097e-41	1.20515e-41	1.79706e-42	2.53606e-43	3.39835e-44	4.33713e-45	5.28638e-46	6.16922e-47	6.9091e-48	7.44138e-49	7.72282e-50	7.73698e-51	7.49488e-52	7.03116e-53	6.39708e-54	5.65208e-55	4.85565e-56	4.06071e-57	3.30937e-58	2.63098e-59	2.04237e-60	1.54947e-61	1.14983e-62	8.35272e-64	5.94418e-65	4.147e-66	2.83821e-67	1.90677e-68	1.25822e-69	8.15963e-71	5.20321e-72	3.26425e-73	2.01252e-74	0	
0	4.36905e-92	5.57766e-90	6.51363e-88	6.98358e-86	6.89377e-84	6.28089e-82	5.29277e-80	4.13256e-78	2.99427e-76	2.01582e-74	1.26229e-72	7.3584e-71	3.9959e-69	2.02237e-67	9.5424e-66	4.19827e-64	1.72224e-62	6.58639e-61	2.3474e-59	7.79277e-58	2.40806e-56	6.9206e-55	1.84784e-53	4.57815e-52	1.05095e-50	2.23156e-49	4.37437e-48	7.89832e-47	1.31027e-45	1.99133e-44	2.76354e-43	3.48928e-42	3.99175e-41	4.11865e-40	3.81326e-39	3.15029e-38	2.30814e-37	1.48991e-36	8.41295e-36	4.12342e-35	1.73896e-34	6.24684e-34	1.89156e-33	4.80916e-33	1.05205e-32	2.14107e-32	4.32213e-32	7.90411e-32	1.12023e-31	1.10721e-31	8.13911e-32	4.9169e-32	2.67878e-32	1.37194e-32	6.53082e-33	2.816e-33	1.08347e-33	3.71013e-34	1.13553e-34	3.12796e-35	7.81345e-36	1.78275e-36	3.7403e-37	7.25982e-38	1.31078e-38	2.21238e-39	3.50639e-40	5.23941e-41	7.4083e-42	9.9452e-43	1.2714e-43	1.55213e-44	1.81405e-45	2.03447e-46	2.19412e-47	2.27997e-48	2.28688e-49	2.21784e-50	2.08287e-51	1.89699e-52	1.67772e-53	1.44268e-54	1.20758e-55	9.85006e-57	7.83746e-58	6.08895e-59	4.62307e-60	3.43325e-61	2.49583e-62	1.77739e-63	1.24085e-64	8.49798e-66	5.71277e-67	3.77203e-68	2.44764e-69	1.56172e-70	9.80304e-72	6.04707e-73	0	
0	4.78784e-90	5.72818e-88	6.2934e-86	6.36997e-84	5.95455e-82	5.15164e-80	4.13256e-78	3.07856e-76	2.13257e-74	1.37518e-72	8.26256e-71	4.62886e-69	2.41921e-67	1.17999e-65	5.37257e-64	2.28355e-62	9.05989e-61	3.35438e-59	1.15852e-57	3.73036e-56	1.11902e-54	3.12444e-53	8.11108e-52	1.95524e-50	4.37001e-49	9.04015e-48	1.72749e-46	3.04243e-45	4.92576e-44	7.30989e-43	9.9108e-42	1.2231e-40	1.3683e-39	1.3812e-38	1.25162e-37	1.01249e-36	7.26696e-36	4.5973e-35	2.54548e-34	1.22413e-33	5.06951e-33	1.79036e-32	5.3383e-32	1.33929e-31	2.89694e-31	5.82823e-31	1.15966e-30	2.08955e-30	2.9278e-30	2.87896e-30	2.11568e-30	1.28324e-30	7.0431e-31	3.63685e-31	1.7433e-31	7.55771e-32	2.92079e-32	1.0041e-32	3.08451e-33	8.52656e-34	2.13704e-34	4.89153e-35	1.02936e-35	2.00359e-36	3.62705e-37	6.13689e-38	9.74852e-39	1.45977e-39	2.06813e-40	2.78148e-41	3.56202e-42	4.35558e-43	5.09834e-44	5.72605e-45	6.18379e-46	6.43401e-47	6.46139e-48	6.2736e-49	5.89834e-50	5.37764e-51	4.76086e-52	4.09784e-53	3.43327e-54	2.80296e-55	2.23216e-56	1.73561e-57	1.31882e-58	9.80158e-60	7.13063e-61	5.0817e-62	3.55016e-63	2.43297e-64	1.63664e-65	1.08133e-66	7.02097e-68	4.48241e-69	2.81528e-70	1.73756e-71	0	
0	4.78224e-88	5.38291e-86	5.58321e-84	5.35144e-82	4.75023e-80	3.91223e-78	2.99427e-76	2.13257e-74	1.41499e-72	8.75505e-71	5.05528e-69	2.72567e-67	1.37287e-65	6.46158e-64	2.84219e-62	1.16834e-60	4.48756e-59	1.61007e-57	5.39352e-56	1.68587e-54	4.91315e-53	1.33374e-51	3.3687e-50	7.90607e-49	1.72146e-47	3.47143e-46	6.47019e-45	1.11206e-43	1.75798e-42	2.54861e-41	3.37722e-40	4.07541e-39	4.46002e-38	4.406e-37	3.90906e-36	3.09726e-35	2.17826e-34	1.35088e-33	7.33586e-33	3.46211e-32	1.40818e-31	4.88993e-31	1.43589e-30	3.55502e-30	7.60284e-30	1.51184e-29	2.96497e-29	5.26457e-29	7.29402e-29	7.13669e-29	5.24406e-29	3.19441e-29	1.7667e-29	9.1988e-30	4.44018e-30	1.93544e-30	7.51348e-31	2.5934e-31	7.99698e-32	2.21866e-32	5.58001e-33	1.28143e-33	2.70496e-34	5.28033e-35	9.58469e-36	1.62579e-36	2.58862e-37	3.88469e-38	5.51481e-39	7.43103e-40	9.53318e-41	1.16764e-41	1.36889e-42	1.53969e-43	1.66509e-44	1.73475e-45	1.74431e-46	1.69563e-47	1.59601e-48	1.4567e-49	1.29096e-50	1.11228e-51	9.32784e-53	7.62233e-54	6.07547e-55	4.72797e-56	3.59554e-57	2.67435e-58	1.94707e-59	1.38862e-60	9.70808e-62	6.65769e-63	4.48158e-64	2.96291e-65	1.92501e-66	1.22974e-67	7.72832e-69	4.77246e-70	0	
0	4.36737e-86	4.64104e-84	4.55846e-82	4.14896e-80	3.50589e-78	2.75487e-76	2.01582e-74	1.37518e-72	8.75505e-71	5.20589e-69	2.89301e-67	1.50326e-65	7.3062e-64	3.32207e-62	1.41321e-60	5.62403e-59	2.0933e-57	7.28447e-56	2.36877e-54	7.1931e-53	2.03808e-51	5.38278e-50	1.32363e-48	3.02626e-47	6.42315e-46	1.26332e-44	2.29779e-43	3.85599e-42	5.95459e-41	8.43674e-40	1.0931e-38	1.2903e-37	1.38183e-36	1.3364e-35	1.16119e-34	9.01393e-34	6.21323e-33	3.77809e-32	2.01261e-31	9.32295e-31	3.72491e-30	1.27199e-29	3.6788e-29	8.98868e-29	1.90048e-28	3.73469e-28	7.21898e-28	1.26325e-27	1.73096e-27	1.68546e-27	1.23863e-27	7.57978e-28	4.22526e-28	2.21856e-28	1.07838e-28	4.72636e-29	1.84321e-29	6.38856e-30	1.9777e-30	5.50754e-31	1.39015e-31	3.20329e-32	6.7834e-33	1.32814e-33	2.41749e-34	4.11121e-35	6.56167e-36	9.86892e-37	1.40393e-37	1.89541e-38	2.43601e-39	2.98874e-40	3.50949e-41	3.95334e-42	4.28141e-43	4.46655e-44	4.49694e-45	4.37679e-46	4.12446e-47	3.76862e-48	3.34341e-49	2.88359e-50	2.42061e-51	1.97989e-52	1.57952e-53	1.23027e-54	9.36388e-56	6.97047e-57	5.07887e-58	3.62493e-59	2.53611e-60	1.74048e-61	1.1724e-62	7.75628e-64	5.04257e-65	3.22335e-66	2.02696e-67	1.25242e-68	0	
0	3.65635e-84	3.67952e-82	3.43187e-80	2.9735e-78	2.39729e-76	1.80098e-74	1.26229e-72	8.26256e-71	5.05528e-69	2.89301e-67	1.54938e-65	7.7686e-64	3.64762e-62	1.60401e-60	6.60587e-59	2.54747e-57	9.19644e-56	3.10655e-54	9.81387e-53	2.89732e-51	7.98672e-50	2.05358e-48	4.9193e-47	1.09632e-45	2.26944e-44	4.35569e-43	7.73486e-42	1.26791e-40	1.91346e-39	2.65064e-38	3.35915e-37	3.87998e-36	4.06753e-35	3.85223e-34	3.27898e-33	2.49438e-32	1.68552e-31	1.00513e-30	5.25335e-30	2.38889e-29	9.37685e-29	3.14919e-28	8.9714e-28	2.16337e-27	4.52162e-27	8.77958e-27	1.67256e-26	2.88476e-26	3.90996e-26	3.78943e-26	2.78579e-26	1.71314e-26	9.62774e-27	5.09843e-27	2.49562e-27	1.09985e-27	4.3093e-28	1.49999e-28	4.6624e-29	1.30346e-29	3.30229e-30	7.63618e-31	1.6224e-31	3.18631e-32	5.81634e-33	9.9176e-34	1.58679e-34	2.39203e-35	3.4101e-36	4.61306e-37	5.93981e-38	7.30028e-39	8.58632e-40	9.68724e-41	1.05065e-41	1.09761e-42	1.10653e-43	1.07832e-44	1.01737e-45	9.30662e-47	8.2656e-48	7.13633e-49	5.99659e-50	4.90954e-51	3.92041e-52	3.0563e-53	2.32824e-54	1.73459e-55	1.26489e-56	9.03494e-58	6.32591e-59	4.34452e-60	2.92858e-61	1.93881e-62	1.26132e-63	8.06795e-65	5.07662e-66	3.13857e-67	0	
0	2.81237e-82	2.6876e-80	2.38629e-78	1.97268e-76	1.52054e-74	1.09417e-72	7.3584e-71	4.62886e-69	2.72567e-67	1.50326e-65	7.7686e-64	3.763e-62	1.70876e-60	7.27447e-59	2.90308e-57	1.08583e-55	3.80507e-54	1.24869e-52	3.83506e-51	1.10151e-49	2.95606e-48	7.40423e-47	1.72884e-45	3.75765e-44	7.59031e-43	1.42227e-41	2.46702e-40	3.95189e-39	5.83073e-38	7.89993e-37	9.79595e-36	1.10753e-34	1.13691e-33	1.0547e-32	8.79678e-32	6.55931e-31	4.34596e-30	2.54206e-29	1.30373e-28	5.82061e-28	2.24478e-27	7.41526e-27	2.08092e-26	4.95234e-26	1.02312e-25	1.96254e-25	3.68457e-25	6.26422e-25	8.39969e-25	8.10408e-25	5.96128e-25	3.68512e-25	2.08849e-25	1.11554e-25	5.49906e-26	2.43705e-26	9.59427e-27	3.35434e-27	1.04703e-27	2.93904e-28	7.47476e-29	1.73476e-29	3.69829e-30	7.2863e-31	1.33397e-31	2.2808e-32	3.65847e-33	5.528e-34	7.89802e-35	1.0706e-35	1.38115e-36	1.70054e-37	2.00349e-38	2.26397e-39	2.45914e-40	2.57272e-41	2.59717e-42	2.53422e-43	2.39393e-44	2.19248e-45	1.94944e-46	1.68492e-47	1.41729e-48	1.16153e-49	9.28406e-51	7.24443e-52	5.52362e-53	4.11877e-54	3.00598e-55	2.14886e-56	1.50572e-57	1.03488e-58	6.98113e-60	4.625e-61	3.01093e-62	1.92721e-63	1.21346e-64	7.50661e-66	0	
0	1.99109e-80	1.8114e-78	1.53452e-76	1.21282e-74	8.95451e-73	6.18273e-71	3.9959e-69	2.41921e-67	1.37287e-65	7.3062e-64	3.64762e-62	1.70876e-60	7.51189e-59	3.09888e-57	1.19946e-55	4.35488e-54	1.48254e-52	4.72987e-51	1.41327e-49	3.95171e-48	1.03306e-46	2.52213e-45	5.74329e-44	1.21807e-42	2.40209e-41	4.39634e-40	7.45182e-39	1.16698e-37	1.68396e-36	2.23231e-35	2.70935e-34	2.99928e-33	3.01563e-32	2.74102e-31	2.24065e-30	1.63798e-29	1.06431e-28	6.10725e-28	3.07392e-27	1.34753e-26	5.10647e-26	1.65925e-25	4.587e-25	1.07737e-24	2.19979e-24	4.16782e-24	7.71096e-24	1.29232e-23	1.71461e-23	1.64709e-23	1.21263e-23	7.53801e-24	4.30929e-24	2.32193e-24	1.15273e-24	5.13761e-25	2.03253e-25	7.13863e-26	2.23805e-26	6.30877e-27	1.61093e-27	3.75282e-28	8.02879e-29	1.58701e-29	2.91432e-30	4.99688e-31	8.03604e-32	1.2172e-32	1.74297e-33	2.36762e-34	3.06041e-35	3.77509e-36	4.45536e-37	5.0429e-38	5.48614e-39	5.74799e-40	5.81074e-41	5.67747e-42	5.37e-43	4.9241e-44	4.38334e-45	3.7928e-46	3.19379e-47	2.62013e-48	2.09634e-49	1.63736e-50	1.24958e-51	9.32597e-53	6.81217e-54	4.87381e-55	3.41787e-56	2.35093e-57	1.58709e-58	1.05222e-59	6.85495e-61	4.39069e-62	2.76643e-63	1.71241e-64	0	
0	1.29945e-78	1.12797e-76	9.13582e-75	6.91638e-73	4.89977e-71	3.25128e-69	2.02237e-67	1.17999e-65	6.46158e-64	3.32207e-62	1.60401e-60	7.27447e-59	3.09888e-57	1.23989e-55	4.65853e-54	1.64311e-52	5.43808e-51	1.68789e-49	4.90973e-48	1.33731e-46	3.40753e-45	8.11321e-44	1.80272e-42	3.73252e-41	7.18929e-40	1.28575e-38	2.13049e-37	3.26299e-36	4.60666e-35	5.97686e-34	7.10232e-33	7.70044e-32	7.58541e-31	6.75689e-30	5.41461e-29	3.88135e-28	2.47369e-27	1.39269e-26	6.88005e-26	2.96166e-25	1.10287e-24	3.5251e-24	9.60023e-24	2.22528e-23	4.49005e-23	8.401e-23	1.53153e-22	2.53039e-22	3.32234e-22	3.17822e-22	2.34257e-22	1.46485e-22	8.44949e-23	4.59319e-23	2.29666e-23	1.0295e-23	4.09347e-24	1.44454e-24	4.54955e-25	1.2881e-25	3.30287e-26	7.72456e-27	1.65864e-27	3.28968e-28	6.06002e-29	1.04207e-29	1.68038e-30	2.55159e-31	3.66225e-32	4.98553e-33	6.45744e-34	7.9806e-35	9.43561e-36	1.0698e-36	1.1657e-37	1.22319e-38	1.23833e-39	1.2116e-40	1.14749e-41	1.05353e-42	9.38963e-44	8.13401e-45	6.85696e-46	5.63134e-47	4.51019e-48	3.52619e-49	2.69363e-50	2.01219e-51	1.47111e-52	1.05342e-53	7.39346e-55	5.08958e-56	3.43861e-57	2.28147e-58	1.48741e-59	9.53388e-61	6.01113e-62	3.72326e-63	0	
0	7.82711e-77	6.496e-75	5.03974e-73	3.66097e-71	2.4925e-69	1.5918e-67	9.5424e-66	5.37257e-64	2.84219e-62	1.41321e-60	6.60587e-59	2.90308e-57	1.19946e-55	4.65853e-54	1.70037e-52	5.83053e-51	1.87732e-49	5.67248e-48	1.60729e-46	4.26709e-45	1.06034e-43	2.4634e-42	5.34345e-41	1.08057e-39	2.03373e-38	3.55553e-37	5.76165e-36	8.63313e-35	1.19285e-33	1.51519e-32	1.76334e-31	1.87296e-30	1.80799e-29	1.57866e-28	1.24037e-27	8.72001e-27	5.45182e-26	3.01184e-25	1.46047e-24	6.17388e-24	2.25924e-23	7.10353e-23	1.9058e-22	4.35943e-22	8.69126e-22	1.60557e-21	2.88385e-21	4.69733e-21	6.10417e-21	5.81612e-21	4.29309e-21	2.70152e-21	1.57274e-21	8.62651e-22	4.34461e-22	1.95895e-22	7.82982e-23	2.77674e-23	8.78709e-24	2.49928e-24	6.43643e-25	1.51146e-25	3.25779e-26	6.4841e-27	1.19834e-27	2.06683e-28	3.34212e-29	5.08798e-30	7.32023e-31	9.98759e-32	1.29634e-32	1.60528e-33	1.90147e-34	2.15965e-35	2.35715e-36	2.4773e-37	2.51172e-38	2.461e-39	2.33395e-40	2.14563e-41	1.91468e-42	1.66062e-43	1.4015e-44	1.15227e-45	9.2384e-47	7.2302e-48	5.52855e-49	4.13383e-50	3.02502e-51	2.16805e-52	1.52296e-53	1.04926e-54	7.09471e-56	4.71093e-57	3.07363e-58	1.97155e-59	1.24395e-60	7.7101e-62	0	
0	4.35537e-75	3.46255e-73	2.57762e-71	1.79951e-69	1.17916e-67	7.2576e-66	4.19827e-64	2.28355e-62	1.16834e-60	5.62403e-59	2.54747e-57	1.08583e-55	4.35488e-54	1.64311e-52	5.83053e-51	1.94502e-49	6.09664e-48	1.79445e-46	4.95579e-45	1.28307e-43	3.11096e-42	7.05551e-41	1.49474e-39	2.95356e-38	5.43393e-37	9.2903e-36	1.4728e-34	2.15971e-33	2.92139e-32	3.63407e-31	4.14299e-30	4.31207e-29	4.07992e-28	3.49264e-27	2.69109e-26	1.8557e-25	1.13826e-24	6.17093e-24	2.93737e-23	1.21944e-22	4.38514e-22	1.35629e-21	3.58458e-21	8.09108e-21	1.59361e-20	2.90605e-20	5.14214e-20	8.25742e-20	1.06217e-19	1.00821e-19	7.4551e-20	4.72284e-20	2.77584e-20	1.53646e-20	7.79481e-21	3.53574e-21	1.42086e-21	5.06495e-22	1.61085e-22	4.60367e-23	1.19098e-23	2.80867e-24	6.07769e-25	1.21408e-25	2.25132e-26	3.89506e-27	6.31655e-28	9.6419e-29	1.39066e-29	1.90179e-30	2.4738e-31	3.06959e-32	3.64296e-33	4.1451e-34	4.53194e-35	4.77072e-36	4.8445e-37	4.75368e-38	4.51464e-39	4.15595e-40	3.7134e-41	3.22465e-42	2.72473e-43	2.24273e-44	1.8001e-45	1.41029e-46	1.07948e-47	8.07945e-49	5.91793e-50	4.24531e-51	2.98479e-52	2.05818e-53	1.39282e-54	9.25584e-56	6.04366e-57	3.8796e-58	2.44964e-59	1.51934e-60	0	
0	2.24042e-73	1.70914e-71	1.22279e-69	8.21622e-68	5.18875e-66	3.08174e-64	1.72224e-62	9.05989e-61	4.48756e-59	2.0933e-57	9.19644e-56	3.80507e-54	1.48254e-52	5.43808e-51	1.87732e-49	6.09664e-48	1.86149e-46	5.34023e-45	1.43827e-43	3.63333e-42	8.59982e-41	1.90488e-39	3.94317e-38	7.61631e-37	1.37028e-35	2.29183e-34	3.5556e-33	5.10418e-32	6.76117e-31	8.23872e-30	9.20319e-29	9.38822e-28	8.70825e-27	7.30997e-26	5.52416e-25	3.73688e-24	2.24903e-23	1.19659e-22	5.59135e-22	2.27956e-21	8.05534e-21	2.45072e-20	6.38021e-20	1.42096e-19	2.76442e-19	4.97515e-19	8.67127e-19	1.37279e-18	1.74813e-18	1.65336e-18	1.22515e-18	7.81691e-19	4.63981e-19	2.592e-19	1.32474e-19	6.04611e-20	2.44335e-20	8.75697e-21	2.79967e-21	8.04153e-22	2.09025e-22	4.95129e-23	1.07582e-23	2.15721e-24	4.0142e-25	6.96748e-26	1.13328e-26	1.73469e-27	2.5084e-28	3.43862e-29	4.48295e-30	5.5744e-31	6.62884e-32	7.55676e-33	8.27672e-34	8.72755e-35	8.87679e-36	8.72374e-37	8.29718e-38	7.64866e-39	6.84333e-40	5.95025e-41	5.03396e-42	4.14837e-43	3.33343e-44	2.61445e-45	2.00328e-46	1.5009e-47	1.10044e-48	7.90169e-50	5.56063e-51	3.83776e-52	2.59934e-53	1.72881e-54	1.12975e-55	7.2579e-57	4.58624e-58	2.84654e-59	0	
0	1.06588e-71	7.81492e-70	5.38136e-68	3.48488e-66	2.12372e-64	1.21858e-62	6.58639e-61	3.35438e-59	1.61007e-57	7.28447e-56	3.10655e-54	1.24869e-52	4.72987e-51	1.68789e-49	5.67248e-48	1.79445e-46	5.34023e-45	1.49402e-43	3.9261e-42	9.68196e-41	2.23815e-39	4.84396e-38	9.80149e-37	1.85131e-35	3.2583e-34	5.33297e-33	8.09931e-32	1.13854e-30	1.47727e-29	1.76375e-28	1.93093e-27	1.93094e-26	1.7562e-25	1.44579e-24	1.07172e-23	7.11264e-23	4.20045e-22	2.19334e-21	1.00609e-20	4.02806e-20	1.39866e-19	4.18534e-19	1.07323e-18	2.35812e-18	4.53062e-18	8.04518e-18	1.38096e-17	2.1553e-17	2.71736e-17	2.56136e-17	1.9027e-17	1.22323e-17	7.33474e-18	4.13608e-18	2.12986e-18	9.78237e-19	3.97646e-19	1.43327e-19	4.60758e-20	1.33044e-20	3.47545e-21	8.27065e-22	1.80475e-22	3.63316e-23	6.78533e-24	1.18169e-24	1.92802e-25	2.95967e-26	4.29123e-27	5.8973e-28	7.70637e-29	9.6037e-30	1.1444e-30	1.30715e-31	1.43434e-32	1.51513e-33	1.54362e-34	1.51942e-35	1.44732e-36	1.33614e-37	1.19712e-38	1.04228e-39	8.82902e-41	7.28472e-42	5.86058e-43	4.60174e-44	3.52988e-45	2.64746e-46	1.94306e-47	1.39658e-48	9.83749e-50	6.79576e-51	4.60692e-52	3.06669e-53	2.00571e-54	1.28958e-55	8.15523e-57	5.06542e-58	0	
0	4.69094e-70	3.31042e-68	2.19701e-66	1.37295e-64	8.08343e-63	4.48595e-61	2.3474e-59	1.15852e-57	5.39352e-56	2.36877e-54	9.81387e-53	3.83506e-51	1.41327e-49	4.90973e-48	1.60729e-46	4.95579e-45	1.43827e-43	3.9261e-42	1.00717e-40	2.42574e-39	5.47899e-38	1.1591e-36	2.29348e-35	4.23762e-34	7.29843e-33	1.16935e-31	1.739e-30	2.39442e-29	3.04392e-28	3.56158e-27	3.82217e-26	3.74753e-25	3.34249e-24	2.69899e-23	1.96268e-22	1.27801e-21	7.40618e-21	3.79547e-20	1.70903e-19	6.71898e-19	2.29228e-18	6.74602e-18	1.70364e-17	3.69246e-17	7.00467e-17	1.22697e-16	2.0738e-16	3.19064e-16	3.98318e-16	3.74267e-16	2.78827e-16	1.80703e-16	1.09496e-16	6.23364e-17	3.23467e-17	1.49542e-17	6.11615e-18	2.2177e-18	7.17083e-19	2.08208e-19	5.46738e-20	1.30741e-20	2.8657e-21	5.79274e-22	1.08596e-22	1.89786e-23	3.10651e-24	4.78307e-25	6.95431e-26	9.58199e-27	1.25519e-27	1.56781e-28	1.87227e-29	2.1429e-30	2.35595e-31	2.49321e-32	2.54451e-33	2.50878e-34	2.39352e-35	2.21299e-36	1.98561e-37	1.73118e-38	1.46841e-39	1.21312e-40	9.77154e-42	7.6817e-43	5.89914e-44	4.4293e-45	3.25425e-46	2.34139e-47	1.6509e-48	1.14153e-49	7.74573e-51	5.16071e-52	3.37819e-53	2.17385e-54	1.37585e-55	8.55223e-57	0	
0	1.90976e-68	1.29898e-66	8.31927e-65	5.0228e-63	2.86019e-61	1.53674e-59	7.79277e-58	3.73036e-56	1.68587e-54	7.1931e-53	2.89732e-51	1.10151e-49	3.95171e-48	1.33731e-46	4.26709e-45	1.28307e-43	3.63333e-42	9.68196e-41	2.42574e-39	5.7084e-38	1.26031e-36	2.60721e-35	5.04645e-34	9.12434e-33	1.53829e-31	2.41334e-30	3.51529e-29	4.74208e-28	5.90771e-27	6.77558e-26	7.12896e-25	6.85425e-24	5.99596e-23	4.74934e-22	3.38833e-21	2.16483e-20	1.23108e-19	6.19169e-19	2.73665e-18	1.0564e-17	3.54066e-17	1.02462e-16	2.54798e-16	5.4466e-16	1.01995e-15	1.76188e-15	2.93162e-15	4.44601e-15	5.49633e-15	5.14942e-15	3.84904e-15	2.51591e-15	1.5411e-15	8.85905e-16	4.63312e-16	2.15652e-16	8.87702e-17	3.23916e-17	1.05381e-17	3.0777e-18	8.1262e-19	1.9531e-19	4.30106e-20	8.73167e-21	1.64341e-21	2.88255e-22	4.73424e-23	7.31207e-24	1.06623e-24	1.4731e-25	1.93459e-26	2.4222e-27	2.8991e-28	3.32521e-29	3.66318e-30	3.88401e-31	3.97113e-32	3.92214e-33	3.74812e-34	3.47088e-35	3.11895e-36	2.72322e-37	2.31308e-38	1.91347e-39	1.54325e-40	1.21468e-41	9.33916e-43	7.02019e-44	5.16348e-45	3.719e-46	2.62492e-47	1.81683e-48	1.23397e-49	8.22912e-51	5.39161e-52	3.47249e-53	2.19963e-54	1.36836e-55	0	
0	7.19063e-67	4.72e-65	2.92061e-63	1.70549e-61	9.40275e-60	4.89584e-58	2.40806e-56	1.11902e-54	4.91315e-53	2.03808e-51	7.98672e-50	2.95606e-48	1.03306e-46	3.40753e-45	1.06034e-43	3.11096e-42	8.59982e-41	2.23815e-39	5.47899e-38	1.26031e-36	2.72092e-35	5.50618e-34	1.0429e-32	1.84579e-31	3.04703e-30	4.68206e-29	6.68151e-28	8.83254e-27	1.07855e-25	1.21272e-24	1.25117e-23	1.17979e-22	1.01233e-21	7.86634e-21	5.50615e-20	3.4518e-19	1.9262e-18	9.50725e-18	4.1243e-17	1.56299e-16	5.14558e-16	1.46397e-15	3.58414e-15	7.5547e-15	1.3962e-14	2.37778e-14	3.89402e-14	5.82059e-14	7.12614e-14	6.65866e-14	4.99601e-14	3.29541e-14	2.04129e-14	1.18509e-14	6.24771e-15	2.92869e-15	1.21377e-15	4.45867e-16	1.45999e-16	4.2904e-17	1.13937e-17	2.75308e-18	6.09258e-19	1.24245e-19	2.34815e-20	4.1344e-21	6.81422e-22	1.0559e-22	1.54438e-23	2.13978e-24	2.81762e-25	3.53661e-26	4.2429e-27	4.87735e-28	5.38439e-29	5.72039e-30	5.8598e-31	5.79797e-32	5.55026e-33	5.14817e-34	4.63344e-35	4.05165e-36	3.4464e-37	2.85494e-38	2.30563e-39	1.81707e-40	1.39878e-41	1.0527e-42	7.75166e-44	5.58929e-45	3.9492e-46	2.73624e-47	1.86026e-48	1.24177e-49	8.1435e-51	5.24959e-52	3.32823e-53	2.07214e-54	0	
0	2.50282e-65	1.58735e-63	9.50013e-62	5.3712e-60	2.8698e-58	1.44938e-56	6.9206e-55	3.12444e-53	1.33374e-51	5.38278e-50	2.05358e-48	7.40423e-47	2.52213e-45	8.11321e-44	2.4634e-42	7.05551e-41	1.90488e-39	4.84396e-38	1.1591e-36	2.60721e-35	5.50618e-34	1.09035e-32	2.02153e-31	3.50327e-30	5.66422e-29	8.52684e-28	1.19239e-26	1.54497e-25	1.84949e-24	2.03908e-23	2.06313e-22	1.90814e-21	1.60613e-20	1.22441e-19	8.40875e-19	5.17231e-18	2.83213e-17	1.37169e-16	5.83957e-16	2.17225e-15	7.02292e-15	1.96398e-14	4.73266e-14	9.83415e-14	1.79318e-13	3.00982e-13	4.85008e-13	7.14445e-13	8.66305e-13	8.07555e-13	6.08515e-13	4.0527e-13	2.53955e-13	1.48931e-13	7.91657e-14	3.73856e-14	1.5606e-14	5.77356e-15	1.90362e-15	5.63073e-16	1.50444e-16	3.65569e-17	8.13189e-18	1.66619e-18	3.16268e-19	5.59087e-20	9.24882e-21	1.43808e-21	2.11007e-22	2.93225e-23	3.87191e-24	4.87268e-25	5.86022e-26	6.75221e-27	7.47059e-28	7.95337e-29	8.16338e-30	8.09251e-31	7.76072e-32	7.21087e-33	6.50056e-34	5.69326e-35	4.85007e-36	4.02352e-37	3.25387e-38	2.56779e-39	1.97922e-40	1.49137e-41	1.09949e-42	7.9369e-44	5.61415e-45	3.89397e-46	2.6501e-47	1.77077e-48	1.16239e-49	7.50021e-51	4.75944e-52	2.96572e-53	0	
0	8.04775e-64	4.93701e-62	2.86087e-60	1.56756e-58	8.1241e-57	3.98324e-55	1.84784e-53	8.11108e-52	3.3687e-50	1.32363e-48	4.9193e-47	1.72884e-45	5.74329e-44	1.80272e-42	5.34345e-41	1.49474e-39	3.94317e-38	9.80149e-37	2.29348e-35	5.04645e-34	1.0429e-32	2.02153e-31	3.66982e-30	6.22885e-29	9.86638e-28	1.45543e-26	1.99482e-25	2.5338e-24	2.97407e-23	3.21552e-22	3.19096e-21	2.89491e-20	2.39044e-19	1.78784e-18	1.20465e-17	7.27023e-17	3.90582e-16	1.85606e-15	7.75303e-15	2.83027e-14	8.98369e-14	2.46871e-13	5.85374e-13	1.19879e-12	2.15604e-12	3.56552e-12	5.65178e-12	8.20323e-12	9.85209e-12	9.16497e-12	6.93955e-12	4.66928e-12	2.96104e-12	1.7545e-12	9.40599e-13	4.47663e-13	1.88304e-13	7.01937e-14	2.3314e-14	6.94399e-15	1.86731e-15	4.56442e-16	1.02086e-16	2.10213e-17	4.00842e-18	7.11577e-19	1.18172e-19	1.84405e-20	2.71482e-21	3.78446e-22	5.01185e-23	6.32462e-24	7.62613e-25	8.8084e-26	9.7681e-27	1.04221e-27	1.07196e-28	1.06476e-29	1.02303e-30	9.52255e-32	8.59928e-33	7.54371e-34	6.43657e-35	5.34771e-36	4.33101e-37	3.42257e-38	2.6416e-39	1.99304e-40	1.47116e-41	1.06326e-42	7.52958e-44	5.22832e-45	3.56204e-46	2.3826e-47	1.56559e-48	1.01116e-49	6.42262e-51	4.00563e-52	0	
0	2.38838e-62	1.4187e-60	7.96752e-59	4.2348e-57	2.13071e-55	1.015e-53	4.57815e-52	1.95524e-50	7.90607e-49	3.02626e-47	1.09632e-45	3.75765e-44	1.21807e-42	3.73252e-41	1.08057e-39	2.95356e-38	7.61631e-37	1.85131e-35	4.23762e-34	9.12434e-33	1.84579e-31	3.50327e-30	6.22885e-29	1.03574e-27	1.60762e-26	2.3243e-25	3.12294e-24	3.88929e-23	4.47666e-22	4.74697e-21	4.62061e-20	4.11213e-19	3.33113e-18	2.44423e-17	1.61577e-16	9.5668e-16	5.04213e-15	2.35049e-14	9.63159e-14	3.44959e-13	1.07467e-12	2.90096e-12	6.76632e-12	1.36522e-11	2.42103e-11	3.94329e-11	6.14655e-11	8.78873e-11	1.04552e-10	9.70914e-11	7.39163e-11	5.0278e-11	3.22798e-11	1.93297e-11	1.04548e-11	5.01686e-12	2.12757e-12	7.99527e-13	2.67637e-13	8.03038e-14	2.17424e-14	5.34808e-15	1.20301e-15	2.49024e-16	4.7714e-17	8.5078e-18	1.41868e-18	2.22223e-19	3.28314e-20	4.59177e-21	6.09975e-22	7.71976e-23	9.33375e-24	1.08085e-24	1.20152e-25	1.28492e-26	1.32448e-27	1.31832e-28	1.26915e-29	1.18358e-30	1.07075e-31	9.40927e-33	8.04155e-34	6.69172e-35	5.42769e-36	4.29545e-37	3.31993e-38	2.50819e-39	1.85381e-40	1.34148e-41	9.51127e-43	6.61201e-44	4.50978e-45	3.0198e-46	1.98636e-47	1.28423e-48	8.16509e-50	5.09704e-51	0	
0	6.53454e-61	3.76205e-59	2.04952e-57	1.05759e-55	5.17011e-54	2.3947e-52	1.05095e-50	4.37001e-49	1.72146e-47	6.42315e-46	2.26944e-44	7.59031e-43	2.40209e-41	7.18929e-40	2.03373e-38	5.43393e-37	1.37028e-35	3.2583e-34	7.29843e-33	1.53829e-31	3.04703e-30	5.66422e-29	9.86638e-28	1.60762e-26	2.44562e-25	3.46621e-24	4.56621e-23	5.57644e-22	6.29496e-21	6.54717e-20	6.25132e-19	5.4576e-18	4.33716e-17	3.12203e-16	2.02463e-15	1.17593e-14	6.07911e-14	2.77943e-13	1.11697e-12	3.9236e-12	1.19927e-11	3.17875e-11	7.29023e-11	1.44866e-10	2.53216e-10	4.06047e-10	6.2216e-10	8.76177e-10	1.03248e-09	9.57481e-10	7.3338e-10	5.04633e-10	3.28145e-10	1.98642e-10	1.08432e-10	5.24885e-11	2.24549e-11	8.51186e-12	2.87319e-12	8.68886e-13	2.36964e-13	5.86756e-14	1.3279e-14	2.76405e-15	5.32303e-16	9.5359e-17	1.597e-17	2.51158e-18	3.72445e-19	5.2271e-20	6.96633e-21	8.84342e-22	1.0723e-22	1.24509e-23	1.38764e-24	1.48756e-25	1.53688e-26	1.53306e-27	1.47896e-28	1.38196e-29	1.25258e-30	1.1027e-31	9.44036e-33	7.86869e-34	6.39244e-35	5.06664e-36	3.9217e-37	2.96698e-38	2.19586e-39	1.59107e-40	1.1295e-41	7.86154e-43	5.36831e-44	3.59874e-45	2.36976e-46	1.53373e-47	9.76137e-49	6.09937e-50	0	
0	1.64585e-59	9.19223e-58	4.86203e-56	2.43775e-54	1.15877e-52	5.22242e-51	2.23156e-49	9.04015e-48	3.47143e-46	1.26332e-44	4.35569e-43	1.42227e-41	4.39634e-40	1.28575e-38	3.55553e-37	9.2903e-36	2.29183e-34	5.33297e-33	1.16935e-31	2.41334e-30	4.68206e-29	8.52684e-28	1.45543e-26	2.3243e-25	3.46621e-24	4.81667e-23	6.22214e-22	7.45222e-21	8.25106e-20	8.4177e-19	7.88421e-18	6.75223e-17	5.26394e-16	3.71698e-15	2.36439e-14	1.34689e-13	6.82831e-13	3.06118e-12	1.2061e-11	4.15368e-11	1.24507e-10	3.23895e-10	7.30063e-10	1.42816e-09	2.45954e-09	3.88137e-09	5.84374e-09	8.10328e-09	9.45904e-09	8.76331e-09	6.75789e-09	4.70727e-09	3.10161e-09	1.89863e-09	1.04643e-09	5.1128e-10	2.20793e-10	8.44784e-11	2.87722e-11	8.77423e-12	2.41146e-12	6.0134e-13	1.36969e-13	2.86786e-14	5.5528e-15	9.99691e-16	1.68188e-16	2.65629e-17	3.95459e-18	5.5705e-19	7.44954e-20	9.48733e-21	1.15387e-21	1.34363e-22	1.5015e-23	1.61373e-24	1.67127e-25	1.67094e-26	1.61549e-27	1.51269e-28	1.37378e-29	1.21169e-30	1.03922e-31	8.67708e-33	7.06087e-34	5.60535e-35	4.3453e-36	3.29229e-37	2.44007e-38	1.77042e-39	1.25848e-40	8.77031e-42	5.99618e-43	4.02439e-44	2.65308e-45	1.71899e-46	1.09522e-47	6.85033e-49	0	
0	3.80969e-58	2.06595e-56	1.0618e-54	5.17671e-53	2.39443e-51	1.05074e-49	4.37437e-48	1.72749e-46	6.47019e-45	2.29779e-43	7.73486e-42	2.46702e-40	7.45182e-39	2.13049e-37	5.76165e-36	1.4728e-34	3.5556e-33	8.09931e-32	1.739e-30	3.51529e-29	6.68151e-28	1.19239e-26	1.99482e-25	3.12294e-24	4.56621e-23	6.22214e-22	7.88269e-21	9.25984e-20	1.00564e-18	1.00638e-17	9.24637e-17	7.76789e-16	5.94009e-15	4.11405e-14	2.56655e-13	1.43368e-12	7.12597e-12	3.13143e-11	1.20915e-10	4.08078e-10	1.19898e-09	3.05951e-09	6.77399e-09	1.30389e-08	2.21143e-08	3.43291e-08	5.07644e-08	6.92913e-08	8.01259e-08	7.41915e-08	5.76461e-08	4.0678e-08	2.71707e-08	1.6825e-08	9.36758e-09	4.62283e-09	2.01667e-09	7.79396e-10	2.68015e-10	8.24686e-11	2.28527e-11	5.74169e-12	1.31679e-12	2.77438e-13	5.40263e-14	9.77785e-15	1.65303e-15	2.62249e-16	3.92059e-17	5.54416e-18	7.44134e-19	9.50927e-20	1.16025e-20	1.35514e-21	1.51869e-22	1.6366e-23	1.69928e-24	1.70307e-25	1.65034e-26	1.5487e-27	1.40942e-28	1.2456e-29	1.07034e-30	8.95317e-32	7.29824e-33	5.80347e-34	4.50611e-35	3.41939e-36	2.53803e-37	1.84413e-38	1.31267e-39	9.16013e-41	6.27073e-42	4.21386e-43	2.78132e-44	1.80416e-45	1.15077e-46	7.20538e-48	0	
0	8.08806e-57	4.26214e-55	2.13015e-53	1.01061e-51	4.55164e-50	1.94609e-48	7.89832e-47	3.04243e-45	1.11206e-43	3.85599e-42	1.26791e-40	3.95189e-39	1.16698e-37	3.26299e-36	8.63313e-35	2.15971e-33	5.10418e-32	1.13854e-30	2.39442e-29	4.74208e-28	8.83254e-27	1.54497e-25	2.5338e-24	3.88929e-23	5.57644e-22	7.45222e-21	9.25984e-20	1.06695e-18	1.13661e-17	1.11575e-16	1.00556e-15	8.28609e-15	6.21466e-14	4.22107e-13	2.58205e-12	1.41399e-11	6.88835e-11	2.96603e-10	1.12193e-09	3.70867e-09	1.06743e-08	2.67013e-08	5.80346e-08	1.09854e-07	1.834e-07	2.79925e-07	4.06378e-07	5.45825e-07	6.25267e-07	5.78913e-07	4.53581e-07	3.24494e-07	2.19823e-07	1.37753e-07	7.75228e-08	3.867e-08	1.70556e-08	6.66349e-09	2.31524e-09	7.19281e-10	2.01081e-10	5.09279e-11	1.17653e-11	2.49543e-12	4.88913e-13	8.8982e-14	1.51211e-14	2.41041e-15	3.61958e-16	5.13971e-17	6.92519e-18	8.88178e-19	1.08738e-19	1.2741e-20	1.43217e-21	1.54777e-22	1.61139e-23	1.61911e-24	1.5728e-25	1.47934e-26	1.34927e-27	1.19494e-28	1.02887e-29	8.62275e-31	7.0418e-32	5.60941e-33	4.36278e-34	3.316e-35	2.46512e-36	1.79384e-37	1.27873e-38	8.9357e-40	6.12532e-41	4.1215e-42	2.72377e-43	1.76898e-44	1.12966e-45	7.08106e-47	0	
0	1.57123e-55	8.05223e-54	3.91632e-52	1.80929e-50	7.93995e-49	3.30967e-47	1.31027e-45	4.92576e-44	1.75798e-42	5.95459e-41	1.91346e-39	5.83073e-38	1.68396e-36	4.60666e-35	1.19285e-33	2.92139e-32	6.76117e-31	1.47727e-29	3.04392e-28	5.90771e-27	1.07855e-25	1.84949e-24	2.97407e-23	4.47666e-22	6.29496e-21	8.25106e-20	1.00564e-18	1.13661e-17	1.18772e-16	1.14365e-15	1.01096e-14	8.1703e-14	6.0092e-13	4.00188e-12	2.39972e-11	1.28791e-10	6.14714e-10	2.59244e-09	9.60131e-09	3.10682e-08	8.75382e-08	2.145e-07	4.57333e-07	8.50789e-07	1.39742e-06	2.0961e-06	2.98595e-06	3.94506e-06	4.47707e-06	4.14699e-06	3.27926e-06	2.38027e-06	1.63615e-06	1.03806e-06	5.90877e-07	2.98184e-07	1.33091e-07	5.2612e-08	1.8485e-08	5.80235e-09	1.63746e-09	4.18294e-10	9.73906e-11	2.08041e-11	4.10263e-12	7.51154e-13	1.28352e-13	2.05649e-14	3.10276e-15	4.42529e-16	5.98717e-17	7.70834e-18	9.47131e-19	1.11354e-19	1.25571e-20	1.36117e-21	1.42117e-22	1.43185e-23	1.39447e-24	1.31482e-25	1.202e-26	1.06688e-27	9.20549e-29	7.73059e-30	6.32544e-31	5.04812e-32	3.93323e-33	2.99462e-34	2.22988e-35	1.62522e-36	1.16029e-37	8.12002e-39	5.57408e-40	3.75574e-41	2.48534e-42	1.6162e-43	1.03338e-44	6.4851e-46	0	
0	2.7855e-54	1.3893e-52	6.58026e-51	2.96224e-49	1.26743e-47	5.1537e-46	1.99133e-44	7.30989e-43	2.54861e-41	8.43674e-40	2.65064e-38	7.89993e-37	2.23231e-35	5.97686e-34	1.51519e-32	3.63407e-31	8.23872e-30	1.76375e-28	3.56158e-27	6.77558e-26	1.21272e-24	2.03908e-23	3.21552e-22	4.74697e-21	6.54717e-20	8.4177e-19	1.00638e-17	1.11575e-16	1.14365e-15	1.08011e-14	9.36404e-14	7.42111e-13	5.35147e-12	3.49345e-11	2.05293e-10	1.07942e-09	5.04556e-09	2.08307e-08	7.54937e-08	2.3897e-07	6.58656e-07	1.57969e-06	3.30122e-06	6.03139e-06	9.74088e-06	1.43522e-05	2.00522e-05	2.60509e-05	2.92891e-05	2.71569e-05	2.16928e-05	1.59882e-05	1.11565e-05	7.1699e-06	4.13112e-06	2.11118e-06	9.54581e-07	3.82185e-07	1.35903e-07	4.31351e-08	1.22967e-08	3.17023e-09	7.44312e-10	1.60212e-10	3.18151e-11	5.86245e-12	1.00766e-12	1.62332e-13	2.46163e-14	3.52743e-15	4.7934e-16	6.19678e-17	7.64338e-18	9.01885e-19	1.0205e-19	1.10976e-20	1.1622e-21	1.1743e-22	1.14677e-23	1.08407e-24	9.93496e-26	8.83887e-27	7.64367e-28	6.43277e-29	5.27432e-30	4.21753e-31	3.29227e-32	2.51116e-33	1.87313e-34	1.3675e-35	9.77874e-37	6.85405e-38	4.71211e-39	3.17956e-40	2.10701e-41	1.37203e-42	8.78414e-44	5.51944e-45	0	
0	4.49259e-53	2.18229e-51	1.00724e-49	4.42114e-48	1.84541e-46	7.32421e-45	2.76354e-43	9.9108e-42	3.37722e-40	1.0931e-38	3.35915e-37	9.79595e-36	2.70935e-34	7.10232e-33	1.76334e-31	4.14299e-30	9.20319e-29	1.93093e-27	3.82217e-26	7.12896e-25	1.25117e-23	2.06313e-22	3.19096e-21	4.62061e-20	6.25132e-19	7.88421e-18	9.24637e-17	1.00556e-15	1.01096e-14	9.36404e-14	7.96077e-13	6.18555e-12	4.37224e-11	2.79699e-10	1.61019e-09	8.29087e-09	3.79354e-08	1.53236e-07	5.43097e-07	1.68052e-06	4.5273e-06	1.06181e-05	2.17302e-05	3.89607e-05	6.18347e-05	8.94515e-05	0.000122521	0.000156464	0.00017429	0.000161861	0.000130726	9.79029e-05	6.93815e-05	4.51903e-05	2.63786e-05	1.36663e-05	6.26688e-06	2.54387e-06	9.16386e-07	2.94344e-07	8.48256e-08	2.20855e-08	5.23195e-09	1.13541e-09	2.27163e-10	4.21466e-11	7.29025e-12	1.18133e-12	1.80111e-13	2.59397e-14	3.54151e-15	4.59848e-16	5.69533e-17	6.74621e-18	7.6612e-19	8.35986e-20	8.78326e-21	8.90193e-22	8.71845e-23	8.26452e-24	7.59389e-25	6.77297e-26	5.8711e-27	4.95227e-28	4.06929e-29	3.26074e-30	2.55049e-31	1.94911e-32	1.45658e-33	1.06528e-34	7.6307e-36	5.3573e-37	3.68899e-38	2.49303e-39	1.65453e-40	1.07895e-41	6.91736e-43	4.35221e-44	0	
0	6.56888e-52	3.10975e-50	1.39959e-48	5.99359e-47	2.44201e-45	9.46513e-44	3.48928e-42	1.2231e-40	4.07541e-39	1.2903e-37	3.87998e-36	1.10753e-34	2.99928e-33	7.70044e-32	1.87296e-30	4.31207e-29	9.38822e-28	1.93094e-26	3.74753e-25	6.85425e-24	1.17979e-22	1.90814e-21	2.89491e-20	4.11213e-19	5.4576e-18	6.75223e-17	7.76789e-16	8.28609e-15	8.1703e-14	7.42111e-13	6.18555e-12	4.71105e-11	3.26317e-10	2.04494e-09	1.15281e-08	5.81008e-08	2.60087e-07	1.02729e-06	3.55822e-06	1.07549e-05	2.82954e-05	6.48357e-05	0.000129819	0.000228232	0.000355766	0.000505112	0.000678023	0.000850914	0.000939216	0.000874177	0.000714462	0.000544035	0.0003917	0.000258706	0.000153132	8.05214e-05	3.74921e-05	1.54468e-05	5.64247e-06	1.83568e-06	5.35205e-07	1.40829e-07	3.36842e-08	7.37438e-09	1.48731e-09	2.77991e-10	4.84129e-11	7.89434e-12	1.21063e-12	1.753e-13	2.40543e-14	3.13806e-15	3.9037e-16	4.64313e-17	5.2934e-18	5.7973e-19	6.112e-20	6.21487e-21	6.10566e-22	5.80481e-23	5.34873e-24	4.78325e-25	4.15688e-26	3.51485e-27	2.89488e-28	2.32486e-29	1.82234e-30	1.39552e-31	1.04493e-32	7.65674e-34	5.49463e-35	3.86444e-36	2.66555e-37	1.80436e-38	1.19939e-39	7.83348e-41	5.02972e-42	3.16904e-43	0	
0	8.67275e-51	4.00399e-49	1.75829e-47	7.35049e-46	2.92497e-44	1.10774e-42	3.99175e-41	1.3683e-39	4.46002e-38	1.38183e-36	4.06753e-35	1.13691e-33	3.01563e-32	7.58541e-31	1.80799e-29	4.07992e-28	8.70825e-27	1.7562e-25	3.34249e-24	5.99596e-23	1.01233e-21	1.60613e-20	2.39044e-19	3.33113e-18	4.33716e-17	5.26394e-16	5.94009e-15	6.21466e-14	6.0092e-13	5.35147e-12	4.37224e-11	3.26317e-10	2.21417e-09	1.35873e-08	7.49718e-08	3.69658e-07	1.618e-06	6.24522e-06	2.11261e-05	6.23289e-05	0.000160016	0.000357903	0.00070049	0.00120667	0.00184649	0.00257235	0.0033834	0.00417248	0.00456447	0.00426041	0.00352618	0.00273121	0.00199831	0.00133903	0.000804471	0.000429845	0.000203458	8.51699e-05	3.15771e-05	1.04141e-05	3.07429e-06	8.18151e-07	1.9772e-07	4.36968e-08	8.88957e-09	1.6748e-09	2.93814e-10	4.82352e-11	7.44357e-12	1.08412e-12	1.49568e-13	1.96112e-14	2.45117e-15	2.92843e-16	3.3525e-17	3.6861e-18	3.90063e-19	3.98021e-20	3.92329e-21	3.74176e-22	3.45813e-23	3.10138e-24	2.70261e-25	2.29115e-26	1.89174e-27	1.52287e-28	1.19644e-29	9.1823e-31	6.89006e-32	5.05899e-33	3.63756e-34	2.56319e-35	1.77123e-36	1.2011e-37	7.99758e-39	5.23205e-40	3.36479e-41	2.12326e-42	0	
0	1.02931e-49	4.63723e-48	1.9881e-46	8.118e-45	3.15669e-43	1.1687e-41	4.11865e-40	1.3812e-38	4.406e-37	1.3364e-35	3.85223e-34	1.0547e-32	2.74102e-31	6.75689e-30	1.57866e-28	3.49264e-27	7.30997e-26	1.44579e-24	2.69899e-23	4.74934e-22	7.86634e-21	1.22441e-19	1.78784e-18	2.44423e-17	3.12203e-16	3.71698e-15	4.11405e-14	4.22107e-13	4.00188e-12	3.49345e-11	2.79699e-10	2.04494e-09	1.35873e-08	8.16089e-08	4.40527e-07	2.12379e-06	9.08411e-06	3.42443e-05	0.000113069	0.000325433	0.000814764	0.00177758	0.00339815	0.00573163	0.00860659	0.0117631	0.015161	0.0183738	0.0199267	0.018663	0.0156518	0.0123346	0.00917231	0.00623878	0.0038079	0.00206975	0.000996921	0.000424394	0.000159829	5.34763e-05	1.59961e-05	4.30873e-06	1.05287e-06	2.3506e-07	4.82677e-08	9.17195e-09	1.62183e-09	2.68207e-10	4.16702e-11	6.10732e-12	8.47524e-13	1.11734e-13	1.40369e-14	1.68504e-15	1.93775e-16	2.13961e-17	2.2732e-18	2.32836e-19	2.3033e-20	2.2042e-21	2.04372e-22	1.83853e-23	1.60685e-24	1.36605e-25	1.13094e-26	9.12761e-28	7.18883e-29	5.53029e-30	4.1592e-31	3.06058e-32	2.20531e-33	1.55714e-34	1.07815e-35	7.32501e-37	4.88641e-38	3.20242e-39	2.06308e-40	1.30399e-41	0	
