1.63622e-63	1.35267e-64	1.10042e-65	8.81289e-67	6.96313e-68	9.60356e-69	1.38707e-67	4.36324e-66	1.31917e-64	3.82003e-63	1.05891e-61	2.80808e-60	7.11926e-59	1.72434e-57	3.98692e-56	8.79245e-55	1.84776e-53	3.69672e-52	7.03326e-51	1.27105e-49	2.17915e-48	3.53947e-47	5.43841e-46	7.89199e-45	1.07974e-43	1.39008e-42	1.68051e-41	1.90341e-40	2.0148e-39	1.98773e-38	1.8223e-37	1.54742e-36	1.2128e-35	8.73983e-35	5.76716e-34	3.46943e-33	1.894e-32	9.33772e-32	4.13729e-31	1.63935e-30	5.78108e-30	1.80593e-29	4.97754e-29	1.20852e-28	2.59792e-28	5.0344e-28	9.05456e-28	1.53309e-27	2.3699e-27	3.15715e-27	3.47814e-27	3.17678e-27	2.47942e-27	1.71806e-27	1.08966e-27	6.4179e-28	3.51194e-28	1.77551e-28	8.25103e-29	3.517e-29	1.37594e-29	4.95301e-30	1.64622e-30	5.07146e-31	1.45385e-31	3.89331e-32	9.77518e-33	2.30908e-33	5.14832e-34	1.08671e-34	2.17773e-35	4.154e-36	7.56052e-37	1.31594e-37	2.19498e-38	3.51541e-39	5.41577e-40	8.03928e-41	1.15168e-41	1.59455e-42	2.13668e-43	2.77456e-44	3.49563e-45	4.27787e-46	5.09054e-47	5.89618e-48	6.65364e-49	7.3218e-50	7.86345e-51	8.24882e-52	8.45829e-53	8.48392e-54	8.32972e-55	8.01057e-56	7.5503e-57	6.97888e-58	6.32953e-59	5.63575e-60	4.92887e-61	4.23613e-62	
1.35267e-64	1.12364e-65	9.18485e-67	7.39105e-68	5.86495e-69	7.21739e-70	8.74205e-69	2.74857e-67	8.31464e-66	2.40914e-64	6.6821e-63	1.77311e-61	4.49822e-60	1.09023e-58	2.52252e-57	5.56699e-56	1.1708e-54	2.34418e-53	4.46357e-52	8.07338e-51	1.38536e-49	2.25224e-48	3.46391e-47	5.03174e-46	6.89144e-45	8.88202e-44	1.07502e-42	1.21911e-41	1.29212e-40	1.2765e-39	1.17196e-38	9.96707e-38	7.82461e-37	5.64861e-36	3.73441e-35	2.25115e-34	1.23165e-33	6.08674e-33	2.70383e-32	1.07432e-31	3.79964e-31	1.19058e-30	3.29187e-30	8.01853e-30	1.72965e-29	3.3641e-29	6.07314e-29	1.03191e-28	1.60035e-28	2.13897e-28	2.36472e-28	2.16721e-28	1.69613e-28	1.17726e-28	7.47148e-29	4.40148e-29	2.40952e-29	1.21937e-29	5.67585e-30	2.42466e-30	9.51109e-31	3.43404e-31	1.14512e-31	3.54017e-32	1.01865e-32	2.7385e-33	6.90357e-34	1.63758e-34	3.66686e-35	7.77418e-36	1.56493e-36	2.99875e-37	5.48326e-38	9.58877e-39	1.607e-39	2.58607e-40	4.0033e-41	5.97147e-42	8.59627e-43	1.19603e-43	1.61055e-44	2.10166e-45	2.66093e-46	3.27247e-47	3.9134e-48	4.55516e-49	5.16575e-50	5.71257e-51	6.16544e-52	6.49947e-53	6.6973e-54	6.75059e-55	6.66038e-56	6.43652e-57	6.09629e-58	5.66235e-59	5.16043e-60	4.61704e-61	4.05743e-62	3.50396e-63	
1.10042e-65	9.18485e-67	7.54381e-68	6.09944e-69	4.86143e-70	5.44982e-71	5.43226e-70	1.70646e-68	5.165e-67	1.49739e-65	4.15567e-64	1.10338e-62	2.80095e-61	6.79307e-60	1.5728e-58	3.47348e-57	7.31042e-56	1.4648e-54	2.79135e-53	5.05294e-52	8.67809e-51	1.41209e-49	2.17381e-48	3.1608e-47	4.33345e-46	5.59115e-45	6.77481e-44	7.69194e-43	8.16283e-42	8.07487e-41	7.42398e-40	6.32333e-39	4.97211e-38	3.59564e-37	2.38167e-36	1.4387e-35	7.88965e-35	3.90921e-34	1.74167e-33	6.94366e-33	2.46532e-32	7.75898e-32	2.15599e-31	5.28054e-31	1.14565e-30	2.24135e-30	4.07196e-30	6.9741e-30	1.09167e-29	1.47055e-29	1.63056e-29	1.49346e-29	1.16626e-29	8.07309e-30	5.10967e-30	3.00285e-30	1.64097e-30	8.29717e-31	3.86243e-31	1.65155e-31	6.48923e-32	2.34827e-32	7.85196e-33	2.43502e-33	7.03058e-34	1.89705e-34	4.80098e-35	1.14347e-35	2.57129e-36	5.47518e-37	1.10706e-37	2.13102e-38	3.91463e-39	6.87774e-40	1.15812e-40	1.87262e-41	2.91284e-42	4.36597e-43	6.31569e-44	8.83025e-45	1.1949e-45	1.56693e-46	1.99367e-47	2.46395e-48	2.96106e-49	3.46364e-50	3.94728e-51	4.38663e-52	4.75768e-53	5.04008e-54	5.21898e-55	5.28627e-56	5.24112e-57	5.08966e-58	4.84408e-59	4.52111e-60	4.1403e-61	3.72221e-62	3.28681e-63	2.85208e-64	
8.81289e-67	7.39105e-68	6.09944e-69	4.95506e-70	3.96705e-71	4.12723e-72	3.32983e-71	1.0446e-69	3.1634e-68	9.1761e-67	2.54808e-65	6.76947e-64	1.71949e-62	4.17288e-61	9.66783e-60	2.13656e-58	4.49989e-57	9.02318e-56	1.72079e-54	3.11751e-53	5.35863e-52	8.7273e-51	1.34478e-49	1.95737e-48	2.68663e-47	3.47098e-46	4.2126e-45	4.79296e-44	5.10127e-43	5.06811e-42	4.69065e-41	4.03752e-40	3.22874e-39	2.39864e-38	1.65753e-37	1.06826e-36	6.44318e-36	3.64584e-35	1.93331e-34	9.54129e-34	4.32421e-33	1.76674e-32	6.36938e-32	1.98279e-31	5.25148e-31	1.19933e-30	2.53928e-30	5.37924e-30	1.05391e-29	1.62735e-29	1.76713e-29	1.41972e-29	9.18324e-30	5.19018e-30	2.70648e-30	1.32299e-30	6.01124e-31	2.5109e-31	9.60722e-32	3.37952e-32	1.10139e-32	3.3552e-33	9.63327e-34	2.62392e-34	6.81067e-35	1.68889e-35	4.00566e-36	9.08957e-37	1.9734e-37	4.09937e-38	8.15039e-39	1.55186e-39	2.83207e-40	4.959e-41	8.34144e-42	1.3496e-42	2.10311e-43	3.16078e-44	4.58748e-45	6.43816e-46	8.74772e-47	1.1521e-47	1.47246e-48	1.8282e-49	2.20737e-50	2.59432e-51	2.97077e-52	3.31737e-53	3.61542e-54	3.84862e-55	4.00459e-56	4.07593e-57	4.06074e-58	3.96252e-59	3.78958e-60	3.554e-61	3.27034e-62	2.95424e-63	2.62117e-64	2.28536e-65	
6.96313e-68	5.86495e-69	4.86143e-70	3.96705e-71	3.18987e-72	3.1291e-73	2.01451e-72	6.30712e-71	1.911e-69	5.54625e-68	1.54099e-66	4.09636e-65	1.04116e-63	2.52845e-62	5.86267e-61	1.29692e-59	2.73521e-58	5.49598e-57	1.05171e-55	1.91674e-54	3.3302e-53	5.53038e-52	8.82538e-51	1.36595e-49	2.07902e-48	3.16355e-47	4.87804e-46	7.64334e-45	1.20336e-43	1.86424e-42	2.77757e-41	3.90251e-40	5.09264e-39	6.10185e-38	6.65158e-37	6.54506e-36	5.77093e-35	4.52666e-34	3.13539e-33	1.90284e-32	1.00335e-31	4.55323e-31	1.75862e-30	5.71133e-30	1.54903e-29	3.58218e-29	7.65272e-29	1.63568e-28	3.21933e-28	4.9624e-28	5.35215e-28	4.25404e-28	2.71326e-28	1.50863e-28	7.72289e-29	3.68998e-29	1.62541e-29	6.50147e-30	2.34372e-30	7.61339e-31	2.23771e-31	5.98601e-32	1.46668e-32	3.31198e-33	6.93279e-34	1.35245e-34	2.47093e-35	4.24726e-36	6.89791e-37	1.0628e-37	1.55962e-38	2.18842e-39	2.94797e-40	3.82832e-41	4.81404e-42	5.88941e-43	7.04432e-44	8.27908e-45	9.60657e-46	1.10505e-46	1.26396e-47	1.43991e-48	1.63405e-49	1.84522e-50	2.06935e-51	2.29934e-52	2.52535e-53	2.73569e-54	2.91801e-55	3.06064e-56	3.15391e-57	3.19114e-58	3.16936e-59	3.0895e-60	2.95611e-61	2.77682e-62	2.56142e-63	2.32089e-64	2.0664e-65	1.80852e-66	
9.60356e-69	7.21739e-70	5.44982e-71	4.12723e-72	3.1291e-73	2.72747e-74	1.20636e-73	3.76263e-72	1.14262e-70	3.33089e-69	9.33791e-68	2.52812e-66	6.66699e-65	1.73948e-63	4.60015e-62	1.26896e-60	3.72408e-59	1.15865e-57	3.72487e-56	1.19775e-54	3.75019e-53	1.12294e-51	3.18048e-50	8.46326e-49	2.10662e-47	4.88912e-46	1.05508e-44	2.11163e-43	3.90903e-42	6.67411e-41	1.04767e-39	1.5068e-38	1.97788e-37	2.35934e-36	2.54536e-35	2.47044e-34	2.14457e-33	1.65459e-32	1.12677e-31	6.72281e-31	3.48578e-30	1.55626e-29	5.91865e-29	1.89521e-28	5.07778e-28	1.16233e-27	2.45828e-27	5.18758e-27	1.00737e-26	1.5364e-26	1.64851e-26	1.30856e-26	8.36206e-27	4.67209e-27	2.40756e-27	1.15798e-27	5.12966e-28	2.06119e-28	7.45856e-29	2.43078e-29	7.16521e-30	1.92168e-30	4.719e-31	1.06756e-31	2.23761e-32	4.36793e-33	7.97838e-34	1.36947e-34	2.21754e-35	3.39932e-36	4.94884e-37	6.8623e-38	9.08763e-39	1.15214e-39	1.40158e-40	1.63938e-41	1.84727e-42	2.00883e-43	2.11171e-44	2.14922e-45	2.12087e-46	2.03203e-47	1.89279e-48	1.71624e-49	1.51667e-50	1.3079e-51	1.10194e-52	9.0823e-54	7.33283e-55	5.80785e-56	4.51986e-57	3.46246e-58	2.61627e-59	1.95447e-60	1.44727e-61	1.0653e-62	7.8178e-64	5.73647e-65	4.21969e-66	3.11792e-67	
1.38707e-67	8.74205e-69	5.43226e-70	3.32983e-71	2.01451e-72	1.20636e-73	1.93736e-74	5.98583e-73	3.20115e-71	1.79226e-69	1.00299e-67	5.44762e-66	2.82651e-64	1.38996e-62	6.45301e-61	2.82253e-59	1.16169e-57	4.49488e-56	1.63365e-54	5.57238e-53	1.78219e-51	5.33869e-50	1.49611e-48	3.91698e-47	9.56588e-46	2.17537e-44	4.59757e-43	9.01067e-42	1.63362e-40	2.73219e-39	4.2024e-38	5.92388e-37	7.62359e-36	8.91839e-35	9.43858e-34	8.98915e-33	7.65941e-32	5.80206e-31	3.88064e-30	2.27486e-29	1.15943e-28	5.09157e-28	1.90649e-27	6.01889e-27	1.59296e-26	3.6089e-26	7.55498e-26	1.57391e-25	3.01562e-25	4.55125e-25	4.85859e-25	3.85216e-25	2.46689e-25	1.38537e-25	7.18777e-26	3.48065e-26	1.55079e-26	6.26097e-27	2.2747e-27	7.44004e-28	2.20041e-28	5.92e-29	1.4581e-29	3.30801e-30	6.95226e-31	1.36058e-31	2.49117e-32	4.2857e-33	6.95438e-34	1.06817e-34	1.55797e-35	2.16411e-36	2.87055e-37	3.64484e-38	4.44014e-39	5.2002e-40	5.86651e-41	6.38623e-42	6.71931e-43	6.84357e-44	6.75668e-45	6.47513e-46	6.03065e-47	5.46488e-48	4.82354e-49	4.15107e-50	3.48639e-51	2.86024e-52	2.29406e-53	1.80024e-54	1.38326e-55	1.04145e-56	7.68817e-58	5.56852e-59	3.95963e-60	2.76579e-61	1.8988e-62	1.28194e-63	8.51545e-65	5.56827e-66	
4.36324e-66	2.74857e-67	1.70646e-68	1.0446e-69	6.30712e-71	3.76263e-72	5.98583e-73	2.60287e-71	1.68783e-69	1.03132e-67	5.93578e-66	3.21809e-64	1.64338e-62	7.90382e-61	3.57929e-59	1.5257e-57	6.11877e-56	2.30749e-54	8.17719e-53	2.72091e-51	8.49313e-50	2.4843e-48	6.80131e-47	1.74035e-45	4.15587e-44	9.2449e-43	1.91207e-41	3.66865e-40	6.51377e-39	1.06728e-37	1.60877e-36	2.22316e-35	2.80559e-34	3.21943e-33	3.34309e-32	3.12483e-31	2.61388e-30	1.94434e-29	1.27739e-28	7.35789e-28	3.68656e-27	1.59253e-26	5.87134e-26	1.82762e-25	4.77803e-25	1.07127e-24	2.21945e-24	4.56437e-24	8.62939e-24	1.28891e-23	1.36909e-23	1.08437e-23	6.96041e-24	3.92976e-24	2.05319e-24	1.0011e-24	4.48642e-25	1.82001e-25	6.6396e-26	2.17972e-26	6.46883e-27	1.74607e-27	4.31396e-28	9.81603e-29	2.06876e-29	4.05931e-30	7.45097e-31	1.28483e-31	2.08946e-32	3.21597e-33	4.6997e-34	6.54006e-35	8.68983e-36	1.10516e-36	1.34837e-37	1.58146e-38	1.78654e-39	1.94734e-40	2.05144e-41	2.09183e-42	2.06759e-43	1.98356e-44	1.8493e-45	1.67745e-46	1.48199e-47	1.27653e-48	1.07306e-49	8.81069e-51	7.07226e-52	5.55411e-53	4.27075e-54	3.21764e-55	2.37687e-56	1.72261e-57	1.22558e-58	8.56491e-60	5.88257e-61	3.97283e-62	2.63959e-63	1.72616e-64	
1.31917e-64	8.31464e-66	5.165e-67	3.1634e-68	1.911e-69	1.14262e-70	3.20115e-71	1.68783e-69	1.06021e-67	6.27886e-66	3.5055e-64	1.84506e-62	9.15436e-61	4.28084e-59	1.88623e-57	7.82826e-56	3.05866e-54	1.12444e-52	3.88668e-51	1.26212e-49	3.8467e-48	1.09918e-46	2.94107e-45	7.35848e-44	1.71883e-42	3.74168e-41	7.5758e-40	1.42347e-38	2.47596e-37	3.97557e-36	5.87439e-35	7.96009e-34	9.85312e-33	1.1093e-31	1.13044e-30	1.03721e-29	8.51873e-29	6.22327e-28	4.01646e-27	2.27348e-26	1.11987e-25	4.75894e-25	1.72761e-24	5.30238e-24	1.36932e-23	3.03806e-23	6.22812e-23	1.26431e-22	2.35873e-22	3.48701e-22	3.68584e-22	2.91671e-22	1.87695e-22	1.06562e-22	5.60754e-23	2.75322e-23	1.24115e-23	5.05964e-24	1.85361e-24	6.10854e-25	1.81935e-25	4.92751e-26	1.22137e-26	2.78765e-27	5.89213e-28	1.15932e-28	2.13345e-29	3.68778e-30	6.01091e-31	9.27131e-32	1.35759e-32	1.89276e-33	2.51937e-34	3.20945e-35	3.92189e-36	4.60673e-37	5.21146e-38	5.68813e-39	5.99985e-40	6.12543e-41	6.06147e-42	5.82157e-43	5.43329e-44	4.93341e-45	4.3628e-46	3.76149e-47	3.16478e-48	2.60081e-49	2.0894e-50	1.64221e-51	1.26375e-52	9.52844e-54	7.04382e-55	5.10855e-56	3.63708e-57	2.54346e-58	1.74803e-59	1.18129e-60	7.85342e-62	5.13882e-63	
3.82003e-63	2.40914e-64	1.49739e-65	9.1761e-67	5.54625e-68	3.33089e-69	1.79226e-69	1.03132e-67	6.27886e-66	3.60688e-64	1.95492e-62	9.99678e-61	4.82253e-59	2.19422e-57	9.41326e-56	3.80607e-54	1.44967e-52	5.19815e-51	1.75347e-49	5.55965e-48	1.65529e-46	4.62268e-45	1.20937e-43	2.95974e-42	6.76522e-41	1.44167e-39	2.85845e-38	5.26143e-37	8.96795e-36	1.4115e-34	2.04504e-33	2.71791e-32	3.30055e-31	3.6464e-30	3.64731e-29	3.28548e-28	2.64978e-27	1.90132e-26	1.20557e-25	6.70632e-25	3.24775e-24	1.35774e-23	4.85337e-23	1.46875e-22	3.7466e-22	8.22472e-22	1.66811e-21	3.34234e-21	6.15343e-21	9.00465e-21	9.47244e-21	7.49028e-21	4.83344e-21	2.7601e-21	1.46314e-21	7.23471e-22	3.28094e-22	1.34417e-22	4.94583e-23	1.63636e-23	4.89188e-24	1.32961e-24	3.30678e-25	7.57157e-26	1.60521e-26	3.16739e-27	5.8444e-28	1.01277e-28	1.65465e-29	2.55779e-30	3.75308e-31	5.24274e-32	6.99116e-33	8.92146e-34	1.09196e-34	1.28461e-35	1.45536e-36	1.59068e-37	1.68006e-38	1.71738e-39	1.70148e-40	1.63602e-41	1.52857e-42	1.3894e-43	1.22994e-44	1.06145e-45	8.93898e-47	7.35264e-48	5.91198e-49	4.65056e-50	3.58168e-51	2.70264e-52	1.99942e-53	1.45115e-54	1.0339e-55	7.23518e-57	4.97584e-58	3.36477e-59	2.23838e-60	1.46557e-61	
1.05891e-61	6.6821e-63	4.15567e-64	2.54808e-65	1.54099e-66	9.33791e-68	1.00299e-67	5.93578e-66	3.5055e-64	1.95492e-62	1.02943e-60	5.1183e-59	2.40239e-57	1.06424e-55	4.448e-54	1.75318e-52	6.51312e-51	2.27914e-49	7.50661e-48	2.32502e-46	6.76529e-45	1.84726e-43	4.72713e-42	1.13205e-40	2.53298e-39	5.28576e-38	1.02663e-36	1.85168e-35	3.09364e-34	4.77415e-33	6.78386e-32	8.84472e-31	1.05393e-29	1.1428e-28	1.12216e-27	9.92531e-27	7.8615e-26	5.54105e-25	3.45196e-24	1.8872e-23	8.9856e-23	3.69548e-22	1.30072e-21	3.88113e-21	9.77869e-21	2.12374e-20	4.2606e-20	8.42531e-20	1.53075e-19	2.21751e-19	2.32175e-19	1.83484e-19	1.18757e-19	6.82278e-20	3.64411e-20	1.81487e-20	8.28047e-21	3.40977e-21	1.26024e-21	4.18681e-22	1.25652e-22	3.42787e-23	8.55533e-24	1.96548e-24	4.18007e-25	8.27254e-26	1.53068e-26	2.65943e-27	4.35554e-28	6.74827e-29	9.92308e-30	1.38896e-30	1.85568e-31	2.37227e-32	2.90848e-33	3.42706e-34	3.88846e-35	4.25609e-36	4.50137e-37	4.60734e-38	4.57035e-39	4.39971e-40	4.11542e-41	3.7448e-42	3.31847e-43	2.86675e-44	2.41657e-45	1.98957e-46	1.60117e-47	1.26063e-48	9.71701e-50	7.33815e-51	5.43304e-52	3.94622e-53	2.81362e-54	1.97037e-55	1.35602e-56	9.17591e-58	6.10818e-59	4.00185e-60	
2.80808e-60	1.77311e-61	1.10338e-62	6.76947e-64	4.09636e-65	2.52812e-66	5.44762e-66	3.21809e-64	1.84506e-62	9.99678e-61	5.1183e-59	2.47603e-57	1.13153e-55	4.88343e-54	1.98963e-52	7.64897e-51	2.7731e-49	9.47474e-48	3.04838e-46	9.22743e-45	2.62517e-43	7.01125e-42	1.75562e-40	4.11555e-39	9.01728e-38	1.84323e-36	3.50795e-35	6.20163e-34	1.01586e-32	1.53745e-31	2.14306e-30	2.74156e-29	3.20613e-28	3.41259e-27	3.29002e-26	2.85759e-25	2.22305e-24	1.53922e-23	9.42165e-23	5.06224e-22	2.36973e-21	9.58737e-21	3.32262e-20	9.77469e-20	2.43235e-19	5.22542e-19	1.03675e-18	2.02317e-18	3.62748e-18	5.20248e-18	5.42197e-18	4.28316e-18	2.78122e-18	1.60801e-18	8.65517e-19	4.34211e-19	1.9934e-19	8.25156e-20	3.06395e-20	1.0223e-20	3.08059e-21	8.43674e-22	2.11344e-22	4.87237e-23	1.03965e-23	2.06389e-24	3.82995e-25	6.67226e-26	1.09554e-26	1.70142e-27	2.50745e-28	3.51709e-29	4.70814e-30	6.02995e-31	7.40582e-32	8.74072e-33	9.93303e-34	1.08883e-34	1.15321e-35	1.18195e-36	1.17397e-37	1.13153e-38	1.05966e-39	9.65316e-41	8.56348e-42	7.40549e-43	6.24882e-44	5.14964e-45	4.14822e-46	3.26889e-47	2.52187e-48	1.90608e-49	1.41238e-50	1.02667e-51	7.32568e-53	5.13395e-54	3.53576e-55	2.39424e-56	1.59487e-57	1.04559e-58	
7.11926e-59	4.49822e-60	2.80095e-61	1.71949e-62	1.04116e-63	6.66699e-65	2.82651e-64	1.64338e-62	9.15436e-61	4.82253e-59	2.40239e-57	1.13153e-55	5.03775e-54	2.11943e-52	8.42236e-51	3.15981e-49	1.11851e-47	3.7331e-46	1.1738e-44	3.47391e-43	9.66687e-42	2.5263e-40	6.19214e-39	1.42138e-37	3.05055e-36	6.10995e-35	1.13972e-33	1.97542e-32	3.1733e-31	4.711e-30	6.44292e-29	8.0887e-28	9.28504e-27	9.70263e-26	9.18504e-25	7.83484e-24	5.98677e-23	4.07215e-22	2.4491e-21	1.29323e-20	5.95167e-20	2.36859e-19	8.08183e-19	2.34393e-18	5.75996e-18	1.22382e-17	2.40083e-17	4.62288e-17	8.17965e-17	1.16149e-16	1.20504e-16	9.51725e-17	6.20171e-17	3.60944e-17	1.95829e-17	9.89777e-18	4.5727e-18	1.90307e-18	7.10065e-19	2.37986e-19	7.20223e-20	1.98053e-20	4.98063e-21	1.15247e-21	2.46761e-22	4.91455e-23	9.14756e-24	1.59815e-24	2.63101e-25	4.09618e-26	6.05072e-27	8.50556e-28	1.14092e-28	1.46405e-29	1.80138e-30	2.12973e-31	2.42418e-32	2.66143e-33	2.82294e-34	2.89734e-35	2.88162e-36	2.78099e-37	2.60755e-38	2.37818e-39	2.1121e-40	1.82847e-41	1.54448e-42	1.27408e-43	1.02731e-44	8.10301e-46	6.25692e-47	4.73323e-48	3.51022e-49	2.5537e-50	1.8236e-51	1.27899e-52	8.81497e-54	5.97339e-55	3.98184e-56	2.61226e-57	
1.72434e-57	1.09023e-58	6.79307e-60	4.17288e-61	2.52845e-62	1.73948e-63	1.38996e-62	7.90382e-61	4.28084e-59	2.19422e-57	1.06424e-55	4.88343e-54	2.11943e-52	8.69697e-51	3.37272e-49	1.23544e-47	4.27196e-46	1.3934e-44	4.28363e-43	1.24e-41	3.37631e-40	8.63685e-39	2.0729e-37	4.66078e-36	9.80101e-35	1.924e-33	3.51853e-32	5.98045e-31	9.42332e-30	1.37254e-28	1.84207e-27	2.26987e-26	2.5579e-25	2.62445e-24	2.43974e-23	2.04393e-22	1.5341e-21	1.0251e-20	6.05749e-20	3.14336e-19	1.42209e-18	5.56656e-18	1.8698e-17	5.34552e-17	1.29706e-16	2.72508e-16	5.28465e-16	1.00392e-15	1.75288e-15	2.4645e-15	2.54568e-15	2.01049e-15	1.3151e-15	7.70717e-16	4.21583e-16	2.14708e-16	9.98375e-17	4.1783e-17	1.56688e-17	5.27655e-18	1.60409e-18	4.43014e-19	1.11866e-19	2.5985e-20	5.58405e-21	1.11592e-21	2.0837e-22	3.65119e-23	6.02758e-24	9.40858e-25	1.39317e-25	1.96284e-26	2.63854e-27	3.39263e-28	4.18222e-29	4.95341e-30	5.64784e-31	6.21056e-32	6.59753e-33	6.78129e-34	6.7539e-35	6.52672e-36	6.12746e-37	5.59529e-38	4.97509e-39	4.31184e-40	3.6461e-41	3.0109e-42	2.43017e-43	1.91868e-44	1.48294e-45	1.12283e-46	8.33433e-48	6.06841e-49	4.33702e-50	3.04421e-51	2.09974e-52	1.42394e-53	9.49885e-55	6.23608e-56	
3.98692e-56	2.52252e-57	1.5728e-58	9.66783e-60	5.86267e-61	4.60015e-62	6.45301e-61	3.57929e-59	1.88623e-57	9.41326e-56	4.448e-54	1.98963e-52	8.42236e-51	3.37272e-49	1.27705e-47	4.56955e-46	1.54418e-44	4.9244e-43	1.48071e-41	4.19402e-40	1.11779e-38	2.79985e-37	6.58203e-36	1.45003e-34	2.98852e-33	5.75143e-32	1.03141e-30	1.71952e-29	2.65814e-28	3.7992e-27	5.0044e-26	6.05341e-25	6.6974e-24	6.74754e-23	6.16013e-22	5.06871e-21	3.73691e-20	2.45297e-19	1.42408e-18	7.26148e-18	3.22907e-17	1.24302e-16	4.10968e-16	1.15796e-15	2.77384e-15	5.76136e-15	1.1042e-14	2.06913e-14	3.56494e-14	4.96295e-14	5.10444e-14	4.03212e-14	2.64838e-14	1.56339e-14	8.62413e-15	4.42658e-15	2.07209e-15	8.7224e-16	3.28836e-16	1.11294e-16	3.39962e-17	9.43203e-18	2.39205e-18	5.57919e-19	1.20355e-19	2.41381e-20	4.52228e-21	7.94895e-22	1.31608e-22	2.05987e-23	3.05789e-24	4.31853e-25	5.81814e-26	7.49665e-27	9.25973e-28	1.09877e-28	1.25503e-29	1.3824e-30	1.47088e-31	1.51416e-32	1.51023e-33	1.46146e-34	1.37388e-35	1.25616e-36	1.11828e-37	9.70338e-39	8.21447e-40	6.79077e-41	5.48674e-42	4.33629e-43	3.35477e-44	2.54251e-45	1.88893e-46	1.37658e-47	9.84672e-49	6.91727e-50	4.77501e-51	3.2407e-52	2.16346e-53	1.42137e-54	
8.79245e-55	5.56699e-56	3.47348e-57	2.13656e-58	1.29692e-59	1.26896e-60	2.82253e-59	1.5257e-57	7.82826e-56	3.80607e-54	1.75318e-52	7.64897e-51	3.15981e-49	1.23544e-47	4.56955e-46	1.59794e-44	5.27944e-43	1.64674e-41	4.84496e-40	1.34325e-38	3.50544e-37	8.6003e-36	1.98093e-34	4.27706e-33	8.6417e-32	1.63082e-30	2.86848e-29	4.69153e-28	7.11646e-27	9.98246e-26	1.29071e-24	1.53278e-23	1.66511e-22	1.64737e-21	1.47701e-20	1.19364e-19	8.6437e-19	5.57334e-18	3.17852e-17	1.59237e-16	6.95887e-16	2.63389e-15	8.56955e-15	2.37927e-14	5.62535e-14	1.1548e-13	2.18674e-13	4.04116e-13	6.86976e-13	9.46999e-13	9.69933e-13	7.66505e-13	5.05713e-13	3.00813e-13	1.67388e-13	8.6609e-14	4.08223e-14	1.72888e-14	6.55463e-15	2.23026e-15	6.8475e-16	1.90907e-16	4.86397e-17	1.1394e-17	2.46794e-18	4.96845e-19	9.34132e-20	1.64736e-20	2.73582e-21	4.29425e-22	6.39185e-23	9.04951e-24	1.22205e-24	1.57809e-25	1.95327e-26	2.32233e-27	2.65753e-28	2.93239e-29	3.12531e-30	3.22238e-31	3.21892e-32	3.11948e-33	2.93662e-34	2.68856e-35	2.39653e-36	2.08202e-37	1.76463e-38	1.46044e-39	1.18128e-40	9.34578e-42	7.23773e-43	5.49072e-44	4.08314e-45	2.97838e-46	2.13234e-47	1.49925e-48	1.0358e-49	7.03548e-51	4.7005e-52	3.09056e-53	
1.84776e-53	1.1708e-54	7.31042e-56	4.49989e-57	2.73521e-58	3.72408e-59	1.16169e-57	6.11877e-56	3.05866e-54	1.44967e-52	6.51312e-51	2.7731e-49	1.11851e-47	4.27196e-46	1.54418e-44	5.27944e-43	1.70607e-41	5.20691e-40	1.49951e-38	4.07069e-37	1.04052e-35	2.50118e-34	5.64616e-33	1.19508e-31	2.36771e-30	4.38244e-29	7.56199e-28	1.21356e-26	1.80657e-25	2.48738e-24	3.15728e-23	3.68125e-22	3.9268e-21	3.81508e-20	3.35926e-19	2.66623e-18	1.89626e-17	1.20088e-16	6.72679e-16	3.3103e-15	1.42135e-14	5.28816e-14	1.69268e-13	4.62956e-13	1.08005e-12	2.19068e-12	4.09731e-12	7.4658e-12	1.25207e-11	1.70906e-11	1.74335e-11	1.37867e-11	9.14024e-12	5.48056e-12	3.07731e-12	1.60549e-12	7.62189e-13	3.24874e-13	1.23906e-13	4.24012e-14	1.30897e-14	3.66847e-15	9.39284e-16	2.21052e-16	4.80873e-17	9.72001e-18	1.83434e-18	3.24616e-19	5.40849e-20	8.51499e-21	1.271e-21	1.80421e-22	2.44244e-23	3.16134e-24	3.9215e-25	4.67206e-26	5.35685e-27	5.92182e-28	6.32251e-29	6.52979e-30	6.53317e-31	6.34099e-32	5.97797e-33	5.48064e-34	4.89184e-35	4.25532e-36	3.61106e-37	2.99213e-38	2.42296e-39	1.91905e-40	1.48776e-41	1.12981e-42	8.41009e-44	6.14049e-45	4.40028e-46	3.09663e-47	2.14126e-48	1.45564e-49	9.73331e-51	6.40471e-52	
3.69672e-52	2.34418e-53	1.4648e-54	9.02318e-56	5.49598e-57	1.15865e-57	4.49488e-56	2.30749e-54	1.12444e-52	5.19815e-51	2.27914e-49	9.47474e-48	3.7331e-46	1.3934e-44	4.9244e-43	1.64674e-41	5.20691e-40	1.55549e-38	4.38619e-37	1.16627e-35	2.92079e-34	6.88088e-33	1.5227e-31	3.1603e-30	6.14089e-29	1.11502e-27	1.88779e-26	2.9731e-25	4.34409e-24	5.87145e-23	7.31691e-22	8.37654e-21	8.77398e-20	8.37092e-19	7.23828e-18	5.64176e-17	3.94035e-16	2.45043e-15	1.34789e-14	6.51384e-14	2.74709e-13	1.00432e-12	3.16153e-12	8.51503e-12	1.95945e-11	3.92544e-11	7.24898e-11	1.30196e-10	2.15373e-10	2.91091e-10	2.95764e-10	2.34129e-10	1.56043e-10	9.43576e-11	5.34808e-11	2.81434e-11	1.34618e-11	5.77714e-12	2.21756e-12	7.63542e-13	2.37109e-13	6.68259e-14	1.72013e-14	4.06833e-15	8.89126e-16	1.80496e-16	3.4199e-17	6.07452e-18	1.01557e-18	1.60401e-19	2.40139e-20	3.41833e-21	4.63964e-22	6.01997e-23	7.48473e-24	8.9367e-25	1.02676e-25	1.13727e-26	1.21646e-27	1.25855e-28	1.26131e-29	1.22617e-30	1.15774e-31	1.06297e-32	9.50104e-34	8.27588e-35	7.03197e-36	5.83394e-37	4.72983e-38	3.75046e-39	2.91081e-40	2.21285e-41	1.64891e-42	1.20513e-43	8.64432e-45	6.089e-46	4.21426e-47	2.8674e-48	1.91896e-49	1.26376e-50	
7.03326e-51	4.46357e-52	2.79135e-53	1.72079e-54	1.05171e-55	3.72487e-56	1.63365e-54	8.17719e-53	3.88668e-51	1.75347e-49	7.50661e-48	3.04838e-46	1.1738e-44	4.28363e-43	1.48071e-41	4.84496e-40	1.49951e-38	4.38619e-37	1.21143e-35	3.15595e-34	7.74598e-33	1.78887e-31	3.88163e-30	7.90121e-29	1.5061e-27	2.68316e-26	4.45792e-25	6.89081e-24	9.8833e-23	1.31142e-21	1.60455e-20	1.80365e-19	1.85509e-18	1.73791e-17	1.47561e-16	1.12931e-15	7.74404e-15	4.72797e-14	2.55304e-13	1.21118e-12	5.01498e-12	1.80081e-11	5.57244e-11	1.47726e-10	3.35162e-10	6.62875e-10	1.20808e-09	2.13798e-09	3.48769e-09	4.6672e-09	4.72412e-09	3.74467e-09	2.51018e-09	1.53151e-09	8.76604e-10	4.65476e-10	2.24435e-10	9.70235e-11	3.75022e-11	1.29993e-11	4.06277e-12	1.15204e-12	2.9825e-13	7.09199e-14	1.55769e-14	3.17682e-15	6.04499e-16	1.07799e-16	1.80886e-17	2.8667e-18	4.30543e-19	6.14685e-20	8.36614e-21	1.08834e-21	1.35646e-22	1.62332e-23	1.86914e-24	2.07456e-25	2.22336e-26	2.30456e-27	2.31369e-28	2.25301e-29	2.13069e-30	1.95929e-31	1.75383e-32	1.52983e-33	1.30165e-34	1.08129e-35	8.7775e-37	6.9684e-38	5.41461e-39	4.12089e-40	3.07401e-41	2.24904e-42	1.61486e-43	1.13861e-44	7.88789e-46	5.37187e-47	3.59824e-48	2.37172e-49	
1.27105e-49	8.07338e-51	5.05294e-52	3.11751e-53	1.91674e-54	1.19775e-54	5.57238e-53	2.72091e-51	1.26212e-49	5.55965e-48	2.32502e-46	9.22743e-45	3.47391e-43	1.24e-41	4.19402e-40	1.34325e-38	4.07069e-37	1.16627e-35	3.15595e-34	8.05756e-33	1.93868e-31	4.39007e-30	9.3426e-29	1.86551e-27	3.48891e-26	6.09943e-25	9.94597e-24	1.50908e-22	2.1248e-21	2.76802e-20	3.32522e-19	3.67003e-18	3.70625e-17	3.40909e-16	2.84181e-15	2.13506e-14	1.43708e-13	8.61078e-13	4.56268e-12	2.12388e-11	8.62945e-11	3.04176e-10	9.24681e-10	2.41138e-09	5.39085e-09	1.05199e-08	1.89111e-08	3.29619e-08	5.30083e-08	7.02254e-08	7.08221e-08	5.62364e-08	3.79368e-08	2.33678e-08	1.35142e-08	7.24478e-09	3.52316e-09	1.53522e-09	5.97938e-10	2.08791e-10	6.5717e-11	1.87599e-11	4.88729e-12	1.16894e-12	2.58142e-13	5.29104e-14	1.01146e-14	1.81141e-15	3.05155e-16	4.85382e-17	7.31461e-18	1.04761e-18	1.43006e-19	1.86549e-20	2.33111e-21	2.79655e-22	3.22746e-23	3.58997e-24	3.85542e-25	4.00406e-26	4.02742e-27	3.92876e-28	3.72176e-29	3.42791e-30	3.0732e-31	2.68467e-32	2.28749e-33	1.90284e-34	1.54668e-35	1.22945e-36	9.56476e-38	7.28799e-39	5.44271e-40	3.9864e-41	2.86535e-42	2.02237e-43	1.40242e-44	9.56004e-46	6.40955e-47	4.22856e-48	
2.17915e-48	1.38536e-49	8.67809e-51	5.35863e-52	3.3302e-53	3.75019e-53	1.78219e-51	8.49313e-50	3.8467e-48	1.65529e-46	6.76529e-45	2.62517e-43	9.66687e-42	3.37631e-40	1.11779e-38	3.50544e-37	1.04052e-35	2.92079e-34	7.74598e-33	1.93868e-31	4.57375e-30	1.01577e-28	2.1205e-27	4.15428e-26	7.62408e-25	1.30812e-23	2.09374e-22	3.11852e-21	4.31071e-20	5.51334e-19	6.50268e-18	7.04635e-17	6.98607e-16	6.30819e-15	5.16152e-14	3.80572e-13	2.51342e-12	1.47736e-11	7.67756e-11	3.50445e-10	1.39622e-09	4.82729e-09	1.44048e-08	3.69228e-08	8.12729e-08	1.5637e-07	2.77078e-07	4.75358e-07	7.53273e-07	9.87755e-07	9.92665e-07	7.89987e-07	5.36683e-07	3.33987e-07	1.95294e-07	1.05769e-07	5.19169e-08	2.28221e-08	8.96432e-09	3.15594e-09	1.00115e-09	2.87921e-10	7.55305e-11	1.81819e-11	4.03905e-12	8.32399e-13	1.59926e-13	2.87736e-14	4.86797e-15	7.77359e-16	1.17575e-16	1.68965e-17	2.31379e-18	3.02724e-19	3.79332e-20	4.56258e-21	5.27853e-22	5.88505e-23	6.33406e-24	6.59194e-25	6.64351e-26	6.49294e-27	6.16186e-28	5.68506e-29	5.10511e-30	4.46667e-31	3.81157e-32	3.1752e-33	2.58445e-34	2.05711e-35	1.60241e-36	1.22248e-37	9.14042e-39	6.70239e-40	4.82289e-41	3.40766e-42	2.3655e-43	1.61413e-44	1.08325e-45	7.15324e-47	
3.53947e-47	2.25224e-48	1.41209e-49	8.7273e-51	5.53038e-52	1.12294e-51	5.33869e-50	2.4843e-48	1.09918e-46	4.62268e-45	1.84726e-43	7.01125e-42	2.5263e-40	8.63685e-39	2.79985e-37	8.6003e-36	2.50118e-34	6.88088e-33	1.78887e-31	4.39007e-30	1.01577e-28	2.21291e-27	4.53244e-26	8.71334e-25	1.5694e-23	2.64303e-22	4.15265e-21	6.072e-20	8.24006e-19	1.03467e-17	1.19804e-16	1.27443e-15	1.24025e-14	1.09912e-13	8.82468e-13	6.38307e-12	4.13429e-11	2.38241e-10	1.21339e-09	5.42648e-09	2.11796e-08	7.175e-08	2.09937e-07	5.2834e-07	1.14384e-06	2.16768e-06	3.78254e-06	6.38206e-06	9.95865e-06	1.29213e-05	1.29424e-05	1.03293e-05	7.07313e-06	4.45133e-06	2.63406e-06	1.44259e-06	7.15453e-07	3.17624e-07	1.25962e-07	4.47587e-08	1.43251e-08	4.15424e-09	1.09827e-09	2.66276e-10	5.95421e-11	1.23449e-11	2.38489e-12	4.31258e-13	7.33005e-14	1.17554e-14	1.78503e-15	2.57465e-16	3.53774e-17	4.64332e-18	5.83568e-19	7.03871e-20	8.16458e-21	9.12523e-22	9.8444e-23	1.02679e-23	1.03699e-24	1.01551e-25	9.65556e-27	8.92455e-28	8.02798e-29	7.03561e-30	6.01323e-31	5.01688e-32	4.08943e-33	3.25955e-34	2.54249e-35	1.94218e-36	1.45397e-37	1.06743e-38	7.68992e-40	5.43949e-41	3.78003e-42	2.58207e-43	1.73459e-44	1.14657e-45	
5.43841e-46	3.46391e-47	2.17381e-48	1.34478e-49	8.82538e-51	3.18048e-50	1.49611e-48	6.80131e-47	2.94107e-45	1.20937e-43	4.72713e-42	1.75562e-40	6.19214e-39	2.0729e-37	6.58203e-36	1.98093e-34	5.64616e-33	1.5227e-31	3.88163e-30	9.3426e-29	2.1205e-27	4.53244e-26	9.10948e-25	1.7187e-23	3.03844e-22	5.02298e-21	7.74739e-20	1.11211e-18	1.4816e-17	1.82631e-16	2.07581e-15	2.16731e-14	2.06983e-13	1.79966e-12	1.41722e-11	1.00509e-10	6.38009e-10	3.60151e-09	1.79593e-08	7.86014e-08	3.00143e-07	9.9485e-07	2.84986e-06	7.03096e-06	1.49492e-05	2.78649e-05	4.782e-05	7.92523e-05	0.00012165	0.000156096	0.000155862	0.000124856	8.62836e-05	5.49846e-05	3.29698e-05	1.82839e-05	9.17549e-06	4.12016e-06	1.65222e-06	5.93434e-07	1.91878e-07	5.61778e-08	1.49835e-08	3.66225e-09	8.24975e-10	1.72195e-10	3.34699e-11	6.08619e-12	1.03975e-12	1.6753e-13	2.5549e-14	3.69978e-15	5.10252e-16	6.72013e-17	8.47288e-18	1.02502e-18	1.19233e-19	1.33615e-20	1.44505e-21	1.51077e-22	1.52919e-23	1.50069e-24	1.42975e-25	1.32404e-26	1.1932e-27	1.04754e-28	8.96811e-30	7.49413e-31	6.11811e-32	4.88373e-33	3.81476e-34	2.91803e-35	2.18737e-36	1.60789e-37	1.15976e-38	8.21324e-40	5.71406e-41	3.90746e-42	2.62777e-43	1.73874e-44	
7.89199e-45	5.03174e-46	3.1608e-47	1.95737e-48	1.36595e-49	8.46326e-49	3.91698e-47	1.74035e-45	7.35848e-44	2.95974e-42	1.13205e-40	4.11555e-39	1.42138e-37	4.66078e-36	1.45003e-34	4.27706e-33	1.19508e-31	3.1603e-30	7.90121e-29	1.86551e-27	4.15428e-26	8.71334e-25	1.7187e-23	3.18278e-22	5.52326e-21	8.96336e-20	1.35719e-18	1.91251e-17	2.50118e-16	3.02625e-15	3.37582e-14	3.45852e-13	3.24019e-12	2.7628e-11	2.13274e-10	1.48192e-09	9.21101e-09	5.08771e-08	2.48064e-07	1.06079e-06	3.95567e-06	1.28019e-05	3.5824e-05	8.64445e-05	0.0001801	0.000329486	0.000554979	0.000901682	0.00135914	0.00172307	0.00171553	0.00138117	0.00096505	0.000623963	0.000379873	0.000213761	0.000108785	4.95208e-05	2.01246e-05	7.32135e-06	2.396e-06	7.09395e-07	1.91155e-07	4.71588e-08	1.0713e-08	2.25316e-09	4.40972e-10	8.06878e-11	1.38629e-11	2.24523e-12	3.44032e-13	5.00372e-14	6.92867e-15	9.1593e-16	1.15884e-16	1.40647e-17	1.641e-18	1.84417e-19	1.99982e-20	2.09604e-21	2.12667e-22	2.09175e-23	1.99714e-24	1.85326e-25	1.67338e-26	1.47181e-27	1.26227e-28	1.05659e-29	8.63985e-31	6.90741e-32	5.40355e-33	4.13927e-34	3.10711e-35	2.28701e-36	1.65171e-37	1.17116e-38	8.15767e-40	5.58491e-41	3.76004e-42	2.49062e-43	
1.07974e-43	6.89144e-45	4.33345e-46	2.68663e-47	2.07902e-48	2.10662e-47	9.56588e-46	4.15587e-44	1.71883e-42	6.76522e-41	2.53298e-39	9.01728e-38	3.05055e-36	9.80101e-35	2.98852e-33	8.6417e-32	2.36771e-30	6.14089e-29	1.5061e-27	3.48891e-26	7.62408e-25	1.5694e-23	3.03844e-22	5.52326e-21	9.40906e-20	1.49897e-18	2.22806e-17	3.08201e-16	3.95617e-15	4.69756e-14	5.14152e-13	5.16682e-12	4.74641e-11	3.96644e-10	2.99911e-09	2.03972e-08	1.23985e-07	6.69057e-07	3.18351e-06	1.32707e-05	4.81934e-05	0.000151814	0.000413569	0.000972548	0.00197824	0.00353957	0.00583164	0.00925625	0.0136576	0.0170744	0.0169561	0.0137509	0.00974589	0.00641515	0.00397892	0.00227986	0.00118083	0.000546869	0.000225982	8.35287e-05	2.77431e-05	8.32599e-06	2.27116e-06	5.66486e-07	1.29956e-07	2.75732e-08	5.43899e-09	1.00226e-09	1.73297e-10	2.82297e-11	4.34836e-12	6.35489e-13	8.83862e-14	1.17319e-14	1.48994e-15	1.81469e-16	2.12423e-17	2.39457e-18	2.60415e-19	2.73686e-20	2.78395e-21	2.74486e-22	2.62672e-23	2.44277e-24	2.21023e-25	1.94782e-26	1.67365e-27	1.40345e-28	1.14959e-29	9.20587e-31	7.21295e-32	5.53368e-33	4.15985e-34	3.06617e-35	2.21742e-36	1.57433e-37	1.09796e-38	7.52599e-40	5.0728e-41	3.364e-42	
1.39008e-42	8.88202e-44	5.59115e-45	3.47098e-46	3.16355e-47	4.88912e-46	2.17537e-44	9.2449e-43	3.74168e-41	1.44167e-39	5.28576e-38	1.84323e-36	6.10995e-35	1.924e-33	5.75143e-32	1.63082e-30	4.38244e-29	1.11502e-27	2.68316e-26	6.09943e-25	1.30812e-23	2.64303e-22	5.02298e-21	8.96336e-20	1.49897e-18	2.34423e-17	3.42036e-16	4.64376e-15	5.84966e-14	6.81472e-13	7.31565e-12	7.20768e-11	6.48818e-10	5.30955e-09	3.92815e-08	2.61132e-07	1.54955e-06	8.15093e-06	3.77418e-05	0.000152827	0.000538199	0.00164188	0.00432922	0.00985863	0.0194482	0.0338048	0.0541045	0.0832752	0.119394	0.146501	0.145191	0.119208	0.0863081	0.0582543	0.0370641	0.0217711	0.0115521	0.00547696	0.00231441	0.000873488	0.000295693	9.02684e-05	2.49991e-05	6.31922e-06	1.46681e-06	3.14455e-07	6.25982e-08	1.16293e-08	2.02543e-09	3.32097e-10	5.14571e-11	7.56056e-12	1.05671e-12	1.40893e-13	1.79675e-14	2.19677e-15	2.58067e-16	2.91877e-17	3.18413e-18	3.35616e-19	3.42329e-20	3.38398e-21	3.24626e-22	3.02594e-23	2.74391e-24	2.42321e-25	2.08628e-26	1.7528e-27	1.43835e-28	1.15383e-29	9.05555e-31	6.95841e-32	5.2389e-33	3.86723e-34	2.80071e-35	1.99117e-36	1.39051e-37	9.54338e-39	6.44051e-40	4.27606e-41	
1.68051e-41	1.07502e-42	6.77481e-44	4.2126e-45	4.87804e-46	1.05508e-44	4.59757e-43	1.91207e-41	7.5758e-40	2.85845e-38	1.02663e-36	3.50795e-35	1.13972e-33	3.51853e-32	1.03141e-30	2.86848e-29	7.56199e-28	1.88779e-26	4.45792e-25	9.94597e-24	2.09374e-22	4.15265e-21	7.74739e-20	1.35719e-18	2.22806e-17	3.42036e-16	4.89813e-15	6.52589e-14	8.06501e-13	9.21475e-12	9.69754e-11	9.36122e-10	8.25035e-09	6.60415e-08	4.77355e-07	3.09571e-06	1.78871e-05	9.14074e-05	0.000410066	0.00160379	0.0054373	0.0159189	0.0401773	0.0874316	0.164739	0.273496	0.417181	0.60844	0.826327	0.977692	0.968307	0.819467	0.620634	0.439153	0.292227	0.179034	0.0988236	0.0486003	0.0212343	0.00825705	0.00286961	0.000896261	0.000253146	6.50815e-05	1.53281e-05	3.32759e-06	6.69693e-07	1.25607e-07	2.20616e-08	3.64445e-09	5.68483e-10	8.40319e-11	1.18091e-11	1.58239e-12	2.0272e-13	2.48898e-14	2.93535e-15	3.33194e-16	3.64714e-17	3.85633e-18	3.94512e-19	3.91068e-20	3.76139e-21	3.51482e-22	3.19473e-23	2.82765e-24	2.43965e-25	2.05384e-26	1.68864e-27	1.35711e-28	1.06697e-29	8.21265e-31	6.19324e-32	4.57883e-33	3.32103e-34	2.36451e-35	1.65352e-36	1.13637e-37	7.6789e-39	5.10464e-40	
1.90341e-40	1.21911e-41	7.69194e-43	4.79296e-44	7.64334e-45	2.11163e-43	9.01067e-42	3.66865e-40	1.42347e-38	5.26143e-37	1.85168e-35	6.20163e-34	1.97542e-32	5.98045e-31	1.71952e-29	4.69153e-28	1.21356e-26	2.9731e-25	6.89081e-24	1.50908e-22	3.11852e-21	6.072e-20	1.11211e-18	1.91251e-17	3.08201e-16	4.64376e-15	6.52589e-14	8.52998e-13	1.03386e-11	1.15795e-10	1.19387e-09	1.12818e-08	9.72348e-08	7.60143e-07	5.35672e-06	3.37924e-05	0.000189381	0.000935157	0.00403462	0.015086	0.0485453	0.133712	0.31405	0.627767	1.07089	1.58769	2.12287	2.63066	2.99964	3.16333	3.14953	2.97512	2.63348	2.16641	1.64175	1.12413	0.681485	0.361866	0.168233	0.0687882	0.024903	0.00804204	0.00233462	0.000613962	0.000147353	3.24994e-05	6.62903e-06	1.25773e-06	2.23118e-07	3.71807e-08	5.8445e-09	8.69869e-10	1.23e-10	1.65738e-11	2.13406e-12	2.63239e-13	3.11777e-14	3.55303e-15	3.90344e-16	4.14148e-17	4.25041e-18	4.22597e-19	4.07613e-20	3.81909e-21	3.48004e-22	3.08753e-23	2.66991e-24	2.25253e-25	1.85581e-26	1.49439e-27	1.1771e-28	9.07657e-30	6.8565e-31	5.07755e-32	3.68859e-33	2.63021e-34	1.84202e-35	1.26771e-36	8.5781e-38	5.70991e-39	
2.0148e-39	1.29212e-40	8.16283e-42	5.10127e-43	1.20336e-43	3.90903e-42	1.63362e-40	6.51377e-39	2.47596e-37	8.96795e-36	3.09364e-34	1.01586e-32	3.1733e-31	9.42332e-30	2.65814e-28	7.11646e-27	1.80657e-25	4.34409e-24	9.8833e-23	2.1248e-21	4.31071e-20	8.24006e-19	1.4816e-17	2.50118e-16	3.95617e-15	5.84966e-14	8.06501e-13	1.03386e-11	1.22834e-10	1.34777e-09	1.36016e-08	1.25673e-07	1.05752e-06	8.05613e-06	5.51774e-05	0.000337112	0.00182086	0.00860793	0.0352193	0.123165	0.362692	0.88178	1.72463	2.64449	3.2254	3.45391	3.53722	3.57603	3.5967	3.60523	3.60424	3.59436	3.57341	3.53443	3.45018	3.23135	2.70264	1.8562	1.03056	0.474467	0.186202	0.0636868	0.019296	0.00524429	0.00129176	0.000290922	6.03661e-05	1.1618e-05	2.08606e-06	3.51246e-07	5.57126e-08	8.35791e-09	1.19014e-09	1.6138e-10	2.08979e-11	2.59112e-12	3.08342e-13	3.52917e-14	3.89282e-15	4.14562e-16	4.26945e-17	4.2587e-18	4.12023e-19	3.87148e-20	3.53732e-21	3.14638e-22	2.7274e-23	2.30632e-24	1.90429e-25	1.53662e-26	1.21278e-27	9.36951e-29	7.09069e-30	5.26016e-31	3.82766e-32	2.73377e-33	1.91753e-34	1.32164e-35	8.95595e-37	5.96971e-38	
1.98773e-38	1.2765e-39	8.07487e-41	5.06811e-42	1.86424e-42	6.67411e-41	2.73219e-39	1.06728e-37	3.97557e-36	1.4115e-34	4.77415e-33	1.53745e-31	4.711e-30	1.37254e-28	3.7992e-27	9.98246e-26	2.48738e-24	5.87145e-23	1.31142e-21	2.76802e-20	5.51334e-19	1.03467e-17	1.82631e-16	3.02625e-15	4.69756e-14	6.81472e-13	9.21475e-12	1.15795e-10	1.34777e-09	1.44746e-08	1.42816e-07	1.28811e-06	1.05587e-05	7.81251e-05	0.000517581	0.0030406	0.0156519	0.069533	0.260893	0.797614	1.86082	3.00029	3.46361	3.57279	3.60796	3.62138	3.62673	3.62917	3.63035	3.6308	3.63073	3.63016	3.62889	3.62634	3.62072	3.60686	3.5713	3.4698	3.10024	2.14252	1.07231	0.420883	0.138564	0.0397876	0.0101926	0.00236423	0.000501979	9.84048e-05	1.79376e-05	3.05865e-06	4.9038e-07	7.42511e-08	1.06592e-08	1.45577e-09	1.89727e-10	2.36605e-11	2.83039e-12	3.25513e-13	3.60639e-14	3.85626e-15	3.98648e-16	3.99046e-17	3.87343e-18	3.65083e-19	3.34543e-20	2.98386e-21	2.59323e-22	2.19827e-23	1.81932e-24	1.47132e-25	1.16371e-26	9.00859e-28	6.83077e-29	5.07675e-30	3.70078e-31	2.64767e-32	1.86019e-33	1.28415e-34	8.71516e-36	5.81776e-37	
1.8223e-37	1.17196e-38	7.42398e-40	4.69065e-41	2.77757e-41	1.04767e-39	4.2024e-38	1.60877e-36	5.87439e-35	2.04504e-33	6.78386e-32	2.14306e-30	6.44292e-29	1.84207e-27	5.0044e-26	1.29071e-24	3.15728e-23	7.31691e-22	1.60455e-20	3.32522e-19	6.50268e-18	1.19804e-16	2.07581e-15	3.37582e-14	5.14152e-13	7.31565e-12	9.69754e-11	1.19387e-09	1.36016e-08	1.42816e-07	1.37545e-06	1.20824e-05	9.61548e-05	0.000687564	0.00437165	0.0243752	0.116791	0.464075	1.41693	2.83159	3.46987	3.59144	3.62138	3.62878	3.6309	3.63166	3.63197	3.63212	3.63219	3.63221	3.63221	3.63217	3.6321	3.63194	3.63159	3.63074	3.62841	3.62103	3.59429	3.49765	3.07779	1.90442	0.794519	0.257558	0.0707859	0.0171948	0.00377332	0.000758356	0.000140964	2.44191e-05	3.96652e-06	6.07259e-07	8.80069e-08	1.21192e-08	1.59104e-09	1.99711e-10	2.40309e-11	2.77845e-12	3.09325e-13	3.32236e-14	3.44874e-15	3.46542e-16	3.37581e-17	3.19244e-18	2.93456e-19	2.62512e-20	2.28782e-21	1.94449e-22	1.61331e-23	1.30782e-24	1.03673e-25	8.04298e-27	6.11118e-28	4.55091e-29	3.32374e-30	2.38225e-31	1.67663e-32	1.15938e-33	7.88114e-35	5.26923e-36	
1.54742e-36	9.96707e-38	6.32333e-39	4.03752e-40	3.90251e-40	1.5068e-38	5.92388e-37	2.22316e-35	7.96009e-34	2.71791e-32	8.84472e-31	2.74156e-29	8.0887e-28	2.26987e-26	6.05341e-25	1.53278e-23	3.68125e-22	8.37654e-21	1.80365e-19	3.67003e-18	7.04635e-17	1.27443e-15	2.16731e-14	3.45852e-13	5.16682e-12	7.20768e-11	9.36122e-10	1.12818e-08	1.25673e-07	1.28811e-06	1.20824e-05	0.000103028	0.000792016	0.00542853	0.0326557	0.167997	0.700019	2.05539	3.30975	3.57367	3.62096	3.62971	3.63161	3.63209	3.63222	3.63226	3.63228	3.63229	3.63229	3.63229	3.63229	3.63229	3.63229	3.63228	3.63225	3.6322	3.63204	3.63153	3.62964	3.62209	3.58751	3.43201	2.66507	1.25999	0.41151	0.109139	0.0252534	0.00526206	0.0010044	0.000177584	2.93205e-05	4.54942e-06	6.6679e-07	9.27115e-08	1.22739e-08	1.55207e-09	1.87992e-10	2.18648e-11	2.44733e-12	2.64154e-13	2.75443e-14	2.77932e-15	2.71797e-16	2.57964e-17	2.37929e-18	2.13518e-19	1.86641e-20	1.59081e-21	1.32341e-22	1.07555e-23	8.54668e-25	6.64583e-26	5.06073e-27	3.7766e-28	2.7638e-29	1.98475e-30	1.39947e-31	9.69461e-33	6.60146e-34	4.42099e-35	
1.2128e-35	7.82461e-37	4.97211e-38	3.22874e-39	5.09264e-39	1.97788e-37	7.62359e-36	2.80559e-34	9.85312e-33	3.30055e-31	1.05393e-29	3.20613e-28	9.28504e-27	2.5579e-25	6.6974e-24	1.66511e-22	3.9268e-21	8.77398e-20	1.85509e-18	3.70625e-17	6.98607e-16	1.24025e-14	2.06983e-13	3.24019e-12	4.74641e-11	6.48818e-10	8.25035e-09	9.72348e-08	1.05752e-06	1.05587e-05	9.61548e-05	0.000792016	0.00583349	0.0377629	0.208275	0.908183	2.52764	3.46802	3.60696	3.62812	3.63152	3.63213	3.63225	3.63228	3.63229	3.63229	3.6323	3.6323	3.6323	3.6323	3.6323	3.6323	3.6323	3.6323	3.63229	3.63229	3.63228	3.63224	3.63211	3.63152	3.62875	3.6149	3.53861	3.1147	1.70876	0.570104	0.146501	0.0323722	0.00642118	0.00116707	0.00019678	3.10445e-05	4.61228e-06	6.48634e-07	8.671e-08	1.10578e-08	1.34936e-09	1.57985e-10	1.77892e-11	1.93053e-12	2.02303e-13	2.05065e-14	2.01386e-15	1.91888e-16	1.77634e-17	1.59957e-18	1.40274e-19	1.19925e-20	1.00054e-21	8.15374e-23	6.49609e-24	5.06379e-25	3.86513e-26	2.89088e-27	2.12017e-28	1.5257e-29	1.07793e-30	7.48144e-32	5.1038e-33	3.42407e-34	
8.73983e-35	5.64861e-36	3.59564e-37	2.39864e-38	6.10185e-38	2.35934e-36	8.91839e-35	3.21943e-33	1.1093e-31	3.6464e-30	1.1428e-28	3.41259e-27	9.70263e-26	2.62445e-24	6.74754e-23	1.64737e-21	3.81508e-20	8.37092e-19	1.73791e-17	3.40909e-16	6.30819e-15	1.09912e-13	1.79966e-12	2.7628e-11	3.96644e-10	5.30955e-09	6.60415e-08	7.60143e-07	8.05613e-06	7.81251e-05	0.000687564	0.00542853	0.0377629	0.223608	1.02912	2.78266	3.52472	3.61846	3.63034	3.63199	3.63224	3.63229	3.63229	3.6323	3.6323	3.6323	3.6323	3.6323	3.6323	3.6323	3.6323	3.6323	3.6323	3.6323	3.6323	3.6323	3.6323	3.63229	3.63228	3.63224	3.63201	3.63078	3.6237	3.57965	3.31422	2.03979	0.691933	0.171924	0.0362872	0.00686134	0.00118974	0.000191704	2.89601e-05	4.12845e-06	5.58207e-07	7.18814e-08	8.84604e-09	1.04345e-09	1.18279e-10	1.29131e-11	1.36059e-12	1.38607e-13	1.36749e-14	1.30856e-15	1.21618e-16	1.09923e-17	9.67335e-19	8.29729e-20	6.94397e-21	5.67549e-22	4.53429e-23	3.54393e-24	2.71188e-25	2.03323e-26	1.49463e-27	1.07794e-28	7.632e-30	5.30789e-31	3.62815e-32	2.4387e-33	
