4.0966e-90	2.29396e-91	1.26715e-92	6.90745e-94	3.71718e-95	1.97545e-96	1.0371e-97	5.38046e-99	2.78089e-100	5.86797e-100	1.29865e-97	2.55428e-95	4.40269e-93	6.70432e-91	9.07882e-89	1.09918e-86	1.19503e-84	1.1709e-82	1.03693e-80	8.3192e-79	6.05757e-77	4.00853e-75	2.4129e-73	1.32185e-71	6.59126e-70	2.99076e-68	1.23406e-66	4.62556e-65	1.57258e-63	4.83973e-62	1.34492e-60	3.36423e-59	7.54646e-58	1.51103e-56	2.68585e-55	4.21021e-54	5.77485e-53	6.86744e-52	7.00589e-51	6.05957e-50	4.39035e-49	2.63665e-48	1.30364e-47	5.28395e-47	1.72847e-46	4.35237e-46	8.3214e-46	1.65272e-45	3.76116e-45	7.11358e-45	7.73648e-45	5.69174e-45	3.3376e-45	1.79867e-45	9.32313e-46	4.48304e-46	1.92182e-46	7.23788e-47	2.39922e-47	7.05654e-48	1.85883e-48	4.42495e-49	9.59675e-50	1.91005e-50	3.5115e-51	5.99783e-52	9.56797e-53	1.43223e-53	2.02031e-54	2.6959e-55	3.4149e-56	4.11919e-57	4.74518e-58	5.23403e-59	5.54116e-60	5.64285e-61	5.53861e-62	5.24941e-63	4.81248e-64	4.27425e-65	3.68312e-66	3.08337e-67	2.51093e-68	1.99137e-69	1.53976e-70	1.16193e-71	8.56544e-73	6.17379e-74	4.35465e-75	3.00813e-76	2.03662e-77	1.35237e-78	8.81341e-80	5.64066e-81	3.54741e-82	2.19349e-83	1.33424e-84	7.98779e-86	4.70898e-87	2.73486e-88	
2.29396e-91	1.29415e-92	7.20178e-94	3.95476e-95	2.1438e-96	1.14759e-97	6.06828e-99	3.17079e-100	1.64553e-101	2.16819e-101	4.72945e-99	9.30825e-97	1.6054e-94	2.4461e-92	3.31431e-90	4.01489e-88	4.36742e-86	4.28159e-84	3.79386e-82	3.04553e-80	2.2189e-78	1.46923e-76	8.84956e-75	4.85127e-73	2.42072e-71	1.0992e-69	4.53905e-68	1.70273e-66	5.79382e-65	1.78469e-63	4.96416e-62	1.24299e-60	2.79111e-59	5.59478e-58	9.95623e-57	1.56262e-55	2.14617e-54	2.5559e-53	2.61159e-52	2.26294e-51	1.64306e-50	9.89232e-50	4.90531e-49	1.99439e-48	6.54346e-48	1.6528e-47	3.17388e-47	6.32296e-47	1.44153e-46	2.7349e-46	2.99803e-46	2.22422e-46	1.31192e-46	7.07775e-47	3.66593e-47	1.76477e-47	7.59305e-48	2.87508e-48	9.59127e-49	2.84067e-49	7.5382e-50	1.8083e-50	3.95306e-51	7.93227e-52	1.47051e-52	2.53312e-53	4.07585e-54	6.15442e-55	8.75782e-56	1.17897e-56	1.50663e-57	1.83348e-58	2.13083e-59	2.37115e-60	2.53244e-61	2.60159e-62	2.57589e-63	2.46266e-64	2.27726e-65	2.04e-66	1.77294e-67	1.49688e-68	1.22929e-69	9.83126e-71	7.66518e-72	5.83227e-73	4.33483e-74	3.15002e-75	2.23991e-76	1.55978e-77	1.06449e-78	7.12477e-80	4.67991e-81	3.01868e-82	1.91324e-83	1.19217e-84	7.30733e-86	4.40811e-87	2.61836e-88	1.53211e-89	
1.26715e-92	7.20178e-94	4.03727e-95	2.23325e-96	1.21941e-97	6.57469e-99	3.50155e-100	1.84266e-101	9.61273e-103	8.00745e-103	1.70609e-100	3.35993e-98	5.79831e-96	8.83967e-94	1.19838e-91	1.45247e-89	1.58085e-87	1.55062e-85	1.37473e-83	1.10418e-81	8.04944e-80	5.33308e-78	3.21425e-76	1.76317e-74	8.80397e-73	4.00054e-71	1.65322e-69	6.2066e-68	2.11364e-66	6.51636e-65	1.8142e-63	4.54698e-62	1.02205e-60	2.05087e-59	3.65374e-58	5.74134e-57	7.8955e-56	9.41593e-55	9.636e-54	8.36434e-53	6.08564e-52	3.67291e-51	1.82642e-50	7.44819e-50	2.45081e-49	6.20938e-49	1.19751e-48	2.3927e-48	5.46427e-48	1.03986e-47	1.14885e-47	8.59456e-48	5.09961e-48	2.75499e-48	1.42613e-48	6.87306e-49	2.96776e-49	1.1297e-49	3.79255e-50	1.13104e-50	3.02345e-51	7.30831e-52	1.61028e-52	3.25747e-53	6.08893e-54	1.05775e-54	1.71652e-55	2.61433e-56	3.75265e-57	5.09601e-58	6.56949e-59	8.06493e-60	9.45523e-61	1.06139e-61	1.1435e-62	1.18496e-63	1.18344e-64	1.1412e-65	1.06436e-66	9.61619e-68	8.42832e-69	7.17609e-70	5.94276e-71	4.79237e-72	3.76745e-73	2.89017e-74	2.16568e-75	1.58653e-76	1.13724e-77	7.98275e-79	5.49125e-80	3.70438e-81	2.45231e-82	1.59413e-83	1.01817e-84	6.39311e-86	3.9485e-87	2.39995e-88	1.43626e-89	8.4669e-91	
6.90745e-94	3.95476e-95	2.23325e-96	1.24433e-97	6.84342e-99	3.71624e-100	1.9933e-101	1.05638e-102	5.54339e-104	2.9707e-104	6.09813e-102	1.20167e-99	2.07494e-97	3.16501e-95	4.29301e-93	5.20597e-91	5.66904e-89	5.56352e-87	4.93506e-85	3.966e-83	2.89281e-81	1.91771e-79	1.1565e-77	6.34797e-76	3.1718e-74	1.44227e-72	5.9645e-71	2.24092e-69	7.63752e-68	2.35663e-66	6.56683e-65	1.64739e-63	3.70654e-62	7.44531e-61	1.32786e-59	2.08896e-58	2.87629e-57	3.43481e-56	3.52036e-55	3.06101e-54	2.23156e-53	1.35002e-52	6.73159e-52	2.75319e-51	9.08499e-51	2.3087e-50	4.4712e-50	8.9592e-50	2.04934e-49	3.9116e-49	4.35506e-49	3.28512e-49	1.96106e-49	1.06116e-49	5.49089e-50	2.64919e-50	1.14791e-50	4.39251e-51	1.48386e-51	4.45575e-52	1.19978e-52	2.92216e-53	6.48911e-54	1.32327e-54	2.49385e-55	4.36852e-56	7.14942e-57	1.09822e-57	1.59001e-58	2.17793e-59	2.8321e-60	3.50706e-61	4.14743e-62	4.69613e-63	5.10331e-64	5.33406e-65	5.37306e-66	5.22567e-67	4.91534e-68	4.47854e-69	3.95841e-70	3.39854e-71	2.83789e-72	2.30747e-73	1.8289e-74	1.41449e-75	1.06851e-76	7.89077e-78	5.70146e-79	4.03388e-80	2.79677e-81	1.90148e-82	1.26859e-83	8.31023e-85	5.34849e-86	3.38393e-87	2.1058e-88	1.28955e-89	7.775e-91	4.61744e-92	
3.71718e-95	2.1438e-96	1.21941e-97	6.84342e-99	3.79067e-100	2.07315e-101	1.11986e-102	5.97658e-104	3.15594e-105	1.11465e-105	2.16034e-103	4.25951e-101	7.359e-99	1.1231e-96	1.52415e-94	1.8492e-92	2.0147e-90	1.9782e-88	1.75565e-86	1.41165e-84	1.03022e-82	6.83341e-81	4.12339e-79	2.26469e-77	1.13229e-75	5.15216e-74	2.13218e-72	8.01672e-71	2.73439e-69	8.44411e-68	2.355e-66	5.91319e-65	1.33169e-63	2.67763e-62	4.78055e-61	7.52903e-60	1.03792e-58	1.24108e-57	1.27384e-56	1.10947e-55	8.10406e-55	4.91397e-54	2.45677e-53	1.00766e-52	3.33431e-52	8.49838e-52	1.65267e-51	3.32065e-51	7.60766e-51	1.45676e-50	1.63414e-50	1.24272e-50	7.46359e-51	4.04608e-51	2.09309e-51	1.01096e-51	4.39549e-52	1.69061e-52	5.74662e-53	1.73739e-53	4.71208e-54	1.15632e-54	2.5878e-55	5.31926e-56	1.01066e-56	1.78508e-57	2.94599e-58	4.56375e-59	6.66397e-60	9.20651e-61	1.2075e-61	1.50818e-62	1.79896e-63	2.05451e-64	2.25184e-65	2.37382e-66	2.41159e-67	2.36536e-68	2.2437e-69	2.06151e-70	1.83733e-71	1.59057e-72	1.33915e-73	1.0978e-74	8.77211e-76	6.83942e-77	5.20813e-78	3.87687e-79	2.82347e-80	2.01342e-81	1.40688e-82	9.6396e-84	6.48081e-85	4.27802e-86	2.77434e-87	1.76858e-88	1.10885e-89	6.84107e-91	4.15521e-92	2.48588e-93	
1.97545e-96	1.14759e-97	6.57469e-99	3.71624e-100	2.07315e-101	1.14185e-102	6.2113e-104	3.33807e-105	1.77414e-106	4.26624e-107	7.58753e-105	1.49683e-102	2.5874e-100	3.9508e-98	5.36424e-96	6.51147e-94	7.09768e-92	6.97252e-90	6.19117e-88	4.98062e-86	3.63677e-84	2.41358e-82	1.45723e-80	8.00827e-79	4.00643e-77	1.8242e-75	7.55447e-74	2.84243e-72	9.70243e-71	2.9986e-69	8.36981e-68	2.10342e-66	4.7414e-65	9.54272e-64	1.70546e-62	2.68889e-61	3.71109e-60	4.44312e-59	4.56686e-58	3.98398e-57	2.91561e-56	1.77209e-55	8.892e-55	3.67939e-54	1.25606e-53	3.62758e-53	6.97016e-53	1.39465e-52	4.54698e-52	2.19507e-51	1.88503e-51	9.89046e-52	4.34868e-52	1.93976e-52	9.02128e-53	4.10906e-53	1.732e-53	6.57006e-54	2.22489e-54	6.73868e-55	1.83632e-55	4.53472e-56	1.02212e-56	2.11707e-57	4.05445e-58	7.21967e-59	1.20139e-59	1.87676e-60	2.76364e-61	3.85058e-62	5.09345e-63	6.4162e-64	7.7187e-65	8.89045e-66	9.82738e-67	1.04477e-67	1.07038e-68	1.0587e-69	1.01267e-70	9.382e-72	8.4311e-73	7.35898e-74	6.24654e-75	5.16244e-76	4.15852e-77	3.26838e-78	2.50871e-79	1.88228e-80	1.38165e-81	9.92966e-83	6.99232e-84	4.82797e-85	3.2708e-86	2.17553e-87	1.42152e-88	9.12999e-90	5.76696e-91	3.58432e-92	2.19312e-93	1.32164e-94	
1.0371e-97	6.06828e-99	3.50155e-100	1.9933e-101	1.11986e-102	6.2113e-104	3.40236e-105	1.84118e-106	9.85045e-108	1.68146e-108	2.64269e-106	5.21603e-104	9.021e-102	1.37813e-99	1.87207e-97	2.27352e-95	2.47937e-93	2.43681e-91	2.16479e-89	1.74238e-87	1.27291e-85	8.45231e-84	5.106e-82	2.80765e-80	1.40548e-78	6.40348e-77	2.6536e-75	9.99137e-74	3.41298e-72	1.05562e-70	2.94886e-69	7.41706e-68	1.67339e-66	3.37109e-65	6.03069e-64	9.51818e-63	1.31514e-61	1.5765e-60	1.62346e-59	1.4416e-58	1.3181e-57	2.34243e-56	6.27503e-55	1.26126e-53	1.808e-52	1.83155e-51	3.1781e-51	6.37216e-51	5.75635e-50	4.69654e-49	3.59949e-49	1.47584e-49	4.37392e-50	1.21722e-50	3.47331e-51	9.28732e-52	2.15341e-52	4.25896e-53	7.27262e-54	1.09426e-54	1.48451e-55	1.86481e-56	2.24262e-57	2.68958e-58	3.34765e-59	4.41434e-60	6.10877e-61	8.62432e-62	1.20769e-62	1.64597e-63	2.16168e-64	2.72431e-65	3.29162e-66	3.81535e-67	4.24839e-68	4.55199e-69	4.70125e-70	4.68807e-71	4.52113e-72	4.22311e-73	3.8262e-74	3.36693e-75	2.88117e-76	2.40038e-77	1.94911e-78	1.54412e-79	1.19462e-80	9.03377e-82	6.68292e-83	4.84023e-84	3.43473e-85	2.38976e-86	1.63132e-87	1.09325e-88	7.19715e-90	4.65699e-91	2.96339e-92	1.85538e-93	1.14354e-94	6.94138e-96	
5.38046e-99	3.17079e-100	1.84266e-101	1.05638e-102	5.97658e-104	3.33807e-105	1.84118e-106	1.00321e-107	5.40314e-109	6.88324e-110	9.13002e-108	1.80289e-105	3.11961e-103	4.76809e-101	6.48005e-99	7.87325e-97	8.59006e-95	8.44653e-93	7.50718e-91	6.04525e-89	4.41862e-87	2.93555e-85	1.7743e-83	9.76193e-82	4.8896e-80	2.22911e-78	9.24342e-77	3.48271e-75	1.19052e-73	3.68495e-72	1.03019e-70	2.59331e-69	5.85592e-68	1.18076e-66	2.11434e-65	3.34044e-64	4.62058e-63	1.05898e-61	1.77259e-59	2.46685e-57	1.9324e-55	9.00986e-54	2.57261e-52	4.66661e-51	5.97445e-50	5.26739e-49	9.12514e-49	1.90186e-48	1.57395e-47	1.12956e-46	8.60794e-47	3.53191e-47	1.05772e-47	3.05226e-48	9.104e-49	2.5098e-49	5.92194e-50	1.18254e-50	2.02675e-51	3.03751e-52	4.04951e-53	4.872e-54	5.35298e-55	5.42422e-56	5.11088e-57	4.50902e-58	3.74697e-59	2.94813e-60	2.2065e-61	1.57774e-62	1.0825e-63	7.16068e-65	4.59381e-66	2.88142e-67	1.78795e-68	1.11605e-69	7.15906e-71	4.82225e-72	3.45649e-73	2.63134e-74	2.09498e-75	1.7092e-76	1.40368e-77	1.14597e-78	9.22971e-80	7.30283e-81	5.66485e-82	4.30452e-83	3.20365e-84	2.33593e-85	1.66938e-86	1.16995e-87	8.04525e-89	5.43152e-90	3.60214e-91	2.34797e-92	1.50505e-93	9.49189e-95	5.89262e-96	3.60264e-97	
2.78089e-100	1.64553e-101	9.61273e-103	5.54339e-104	3.15594e-105	1.77414e-106	9.85045e-108	5.40314e-109	2.92923e-110	2.94225e-111	3.12959e-109	6.18251e-107	1.0703e-104	1.63663e-102	2.22526e-100	2.7049e-98	2.95248e-96	2.90446e-94	2.58263e-92	2.08068e-90	1.52156e-88	1.01137e-86	6.11613e-85	3.36684e-83	1.68736e-81	7.69712e-80	3.19376e-78	1.20413e-76	4.11901e-75	1.27586e-73	3.56962e-72	8.99299e-71	2.0324e-69	4.10163e-68	7.35147e-67	1.16261e-65	2.54587e-61	1.0038e-58	1.71091e-56	1.64354e-54	9.74028e-53	3.677e-51	8.92982e-50	1.43215e-48	1.64659e-47	1.28723e-46	2.22794e-46	4.78848e-46	3.65284e-45	2.34183e-44	1.77474e-44	7.28932e-45	2.20767e-45	6.60665e-46	2.05286e-46	5.81366e-47	1.39396e-47	2.81417e-48	4.86558e-49	7.34911e-50	9.86916e-51	1.19561e-51	1.32234e-52	1.34836e-53	1.27798e-54	1.1337e-55	9.46853e-57	7.48304e-58	5.62084e-59	4.02841e-60	2.76413e-61	1.82136e-62	1.15565e-63	7.078e-65	4.19376e-66	2.40865e-67	1.34342e-68	7.2885e-70	3.85233e-71	1.98649e-72	1.00072e-73	4.93134e-75	2.38019e-76	1.12681e-77	5.24043e-79	2.39891e-80	1.08377e-81	4.85037e-83	2.16227e-84	9.67787e-86	4.39596e-87	2.05316e-88	9.99084e-90	5.11193e-91	2.75434e-92	1.55218e-93	9.03917e-95	5.36942e-96	3.21764e-97	1.92942e-98	
5.86797e-100	2.16819e-101	8.00745e-103	2.9707e-104	1.11465e-105	4.26624e-107	1.68146e-108	6.88324e-110	2.94225e-111	1.77989e-112	1.06479e-110	2.1039e-108	3.64394e-106	5.57457e-104	7.58285e-102	9.22126e-100	1.00697e-97	9.91021e-96	8.81607e-94	7.10585e-92	5.19883e-90	3.45732e-88	2.09184e-86	1.15214e-84	5.77744e-83	2.63699e-81	1.09484e-79	4.13047e-78	1.41387e-76	4.38257e-75	1.22707e-73	3.09376e-72	6.99754e-71	1.4134e-69	2.53556e-68	1.09277e-60	4.90655e-58	9.69033e-56	1.10344e-53	7.97844e-52	3.80575e-50	1.20975e-48	2.56275e-47	3.6896e-46	3.85099e-45	2.71129e-44	4.69051e-44	1.03256e-43	7.30147e-43	4.23324e-42	3.19078e-42	1.31222e-42	4.02219e-43	1.24806e-43	4.02665e-44	1.16742e-44	2.83872e-45	5.78798e-46	1.00903e-46	1.53562e-47	2.07698e-48	2.53341e-49	2.82019e-50	2.8934e-51	2.7583e-52	2.46022e-53	2.06519e-54	1.63987e-55	1.23722e-56	8.90343e-58	6.1325e-59	4.05523e-60	2.58154e-61	1.58598e-62	9.42398e-64	5.42704e-65	3.03443e-66	1.65007e-67	8.73981e-69	4.51527e-70	2.27828e-71	1.12406e-72	5.42883e-74	2.56923e-75	1.19258e-76	5.43428e-78	2.4329e-79	1.07094e-80	4.63847e-82	1.9781e-83	8.31106e-85	3.44239e-86	1.40638e-87	5.67048e-89	2.25754e-90	8.8791e-92	3.45177e-93	1.32704e-94	5.04828e-96	1.90155e-97	
1.29865e-97	4.72945e-99	1.70609e-100	6.09813e-102	2.16034e-103	7.58753e-105	2.64269e-106	9.13002e-108	3.12959e-109	1.06479e-110	7.18795e-112	7.10758e-110	1.23138e-107	1.88461e-105	2.56464e-103	3.1201e-101	3.4086e-99	3.35606e-97	2.98683e-95	2.40849e-93	1.76293e-91	1.17294e-89	7.1004e-88	3.91279e-86	1.96314e-84	8.96546e-83	3.72454e-81	1.40603e-79	4.81604e-78	1.49385e-76	4.18561e-75	1.0561e-73	2.39059e-72	4.83266e-71	4.05706e-60	2.04253e-57	4.58746e-55	6.04592e-53	5.17268e-51	3.00151e-49	1.19953e-47	3.29823e-46	6.20653e-45	8.11437e-44	7.75674e-43	4.9789e-42	8.61157e-42	1.93035e-41	1.2714e-40	6.73256e-40	5.04785e-40	2.0792e-40	6.45509e-41	2.07644e-41	6.93559e-42	2.05292e-42	5.05479e-43	1.04019e-43	1.82789e-44	2.80259e-45	3.81757e-46	4.68808e-47	5.25231e-48	5.42126e-49	5.19738e-50	4.66014e-51	3.93101e-52	3.13558e-53	2.37558e-54	1.71618e-55	1.18632e-56	7.87085e-58	5.02603e-59	3.09661e-60	1.84494e-61	1.06509e-62	5.96911e-64	3.25294e-65	1.72646e-66	8.93648e-68	4.51719e-69	2.23245e-70	1.07992e-71	5.11844e-73	2.37924e-74	1.08562e-75	4.86644e-77	2.14475e-78	9.30004e-80	3.97035e-81	1.66987e-82	6.9232e-84	2.831e-85	1.14238e-86	4.55133e-88	1.79111e-89	6.96553e-91	2.67804e-92	1.01832e-93	3.83101e-95	
2.55428e-95	9.30825e-97	3.35993e-98	1.20167e-99	4.25951e-101	1.49683e-102	5.21603e-104	1.80289e-105	6.18251e-107	2.1039e-108	7.10758e-110	4.76598e-111	4.13181e-109	6.32515e-107	8.61107e-105	1.04804e-102	1.14541e-100	1.12823e-98	1.00453e-96	8.10374e-95	5.93432e-93	3.95017e-91	2.39239e-89	1.31903e-87	6.62142e-86	3.02561e-84	1.25767e-82	4.75064e-81	1.62827e-79	5.05396e-78	1.41706e-76	3.5781e-75	8.10566e-74	1.31722e-59	7.34807e-57	1.84955e-54	2.77005e-52	2.74007e-50	1.87828e-48	9.10714e-47	3.13433e-45	7.6013e-44	1.2881e-42	1.54319e-41	1.36099e-40	8.04344e-40	1.39103e-39	3.15896e-39	1.94595e-38	9.48865e-38	7.07771e-38	2.92079e-38	9.19201e-39	3.06469e-39	1.05698e-39	3.18708e-40	7.9373e-41	1.64772e-41	2.91823e-42	4.50757e-43	6.18365e-44	7.645e-45	8.61965e-46	8.94988e-47	8.62775e-48	7.77549e-49	6.58989e-50	5.27928e-51	4.01571e-52	2.91175e-53	2.0196e-54	1.34415e-55	8.60814e-57	5.31788e-58	3.17625e-59	1.83793e-60	1.03226e-61	5.6368e-63	2.99732e-64	1.55422e-65	7.86927e-67	3.89518e-68	1.88702e-69	8.95628e-71	4.16869e-72	1.9045e-73	8.54728e-75	3.77121e-76	1.63702e-77	6.99583e-79	2.94521e-80	1.2222e-81	5.00218e-83	2.02022e-84	8.05523e-86	3.17248e-87	1.23469e-88	4.75041e-90	1.80758e-91	6.80482e-93	
4.40269e-93	1.6054e-94	5.79831e-96	2.07494e-97	7.359e-99	2.5874e-100	9.021e-102	3.11961e-103	1.0703e-104	3.64394e-106	1.23138e-107	4.13181e-109	2.75224e-110	2.10835e-108	2.87085e-106	3.49545e-104	3.82176e-102	3.76593e-100	3.35442e-98	2.70724e-96	1.98336e-94	1.32082e-92	8.00325e-91	4.41474e-89	2.2173e-87	1.01373e-85	4.21619e-84	1.59354e-82	5.46522e-81	1.69745e-79	4.76266e-78	1.20344e-76	3.77451e-59	2.31065e-56	6.44215e-54	1.08077e-51	1.21408e-49	9.61258e-48	5.49774e-46	2.29013e-44	6.92464e-43	1.50313e-41	2.31826e-40	2.56367e-39	2.09886e-38	1.15139e-37	1.99087e-37	4.56013e-37	2.63671e-36	1.19196e-35	8.84654e-36	3.65887e-36	1.16825e-36	4.03624e-37	1.43403e-37	4.39676e-38	1.10662e-38	2.31678e-39	4.13519e-40	6.43497e-41	8.89069e-42	1.1066e-42	1.25558e-43	1.31134e-44	1.271e-45	1.15116e-46	9.80086e-48	7.88453e-49	6.02043e-50	4.38072e-51	3.04832e-52	2.03486e-53	1.30674e-54	8.09318e-56	4.84526e-57	2.80983e-58	1.58133e-59	8.65149e-61	4.60853e-62	2.39366e-63	1.21385e-64	6.0172e-66	2.91906e-67	1.38728e-68	6.46506e-70	2.95707e-71	1.32859e-72	5.86818e-74	2.54984e-75	1.09072e-76	4.59608e-78	1.90894e-79	7.8194e-81	3.16054e-82	1.26117e-83	4.97066e-85	1.93588e-86	7.4533e-88	2.83791e-89	1.06903e-90	
6.70432e-91	2.4461e-92	8.83967e-94	3.16501e-95	1.1231e-96	3.9508e-98	1.37813e-99	4.76809e-101	1.63663e-102	5.57457e-104	1.88461e-105	6.32515e-107	2.10835e-108	1.39531e-109	9.50773e-108	1.1578e-105	1.26638e-103	1.24837e-101	1.11241e-99	8.98156e-98	6.58283e-96	4.38579e-94	2.65871e-92	1.4673e-90	7.37324e-89	3.37275e-87	1.40353e-85	5.30785e-84	1.82148e-82	5.66096e-81	1.58939e-79	9.61668e-59	6.40873e-56	1.96026e-53	3.64143e-51	4.58004e-49	4.11553e-47	2.71624e-45	1.33281e-43	4.86717e-42	1.31271e-40	2.57991e-39	3.65216e-38	3.7504e-37	2.86523e-36	1.46887e-35	2.53896e-35	5.84281e-35	3.18093e-34	1.34084e-33	9.90335e-34	4.10661e-34	1.33152e-34	4.76595e-35	1.74068e-35	5.41874e-36	1.37747e-36	2.9079e-37	5.23093e-38	8.20143e-39	1.14128e-39	1.43015e-40	1.63292e-41	1.71535e-42	1.67144e-43	1.5212e-44	1.30089e-45	1.05077e-46	8.05311e-48	5.8796e-49	4.10399e-50	2.74736e-51	1.76891e-52	1.09821e-53	6.58955e-55	3.82931e-56	2.15925e-57	1.18346e-58	6.31474e-60	3.28504e-61	1.66834e-62	8.28176e-64	4.02294e-65	1.91427e-66	8.93146e-68	4.08974e-69	1.83944e-70	8.1327e-72	3.53721e-73	1.51447e-74	6.38723e-76	2.65509e-77	1.08845e-78	4.4028e-80	1.75817e-81	6.93439e-83	2.70251e-84	1.04117e-85	3.96683e-87	1.49521e-88	
9.07882e-89	3.31431e-90	1.19838e-91	4.29301e-93	1.52415e-94	5.36424e-96	1.87207e-97	6.48005e-99	2.22526e-100	7.58285e-102	2.56464e-103	8.61107e-105	2.87085e-106	9.50773e-108	6.25248e-109	3.81034e-107	4.16814e-105	4.11046e-103	3.66421e-101	2.95968e-99	2.17014e-97	1.44647e-95	8.77263e-94	4.84376e-92	2.4352e-90	1.11451e-88	4.64042e-87	1.75589e-85	6.02922e-84	1.87497e-82	2.19153e-58	1.57919e-55	5.25731e-53	1.07117e-50	1.49131e-48	1.49976e-46	1.12271e-44	6.35175e-43	2.72882e-41	8.87128e-40	2.15962e-38	3.87819e-37	5.07388e-36	4.86258e-35	3.48225e-34	1.67782e-33	2.89835e-33	6.67795e-33	3.43242e-32	1.35577e-31	9.96679e-32	4.14536e-32	1.36621e-32	5.06489e-33	1.89803e-33	5.99187e-34	1.53771e-34	3.27315e-35	5.93467e-36	9.37604e-37	1.31424e-37	1.65811e-38	1.90511e-39	2.01283e-40	1.97159e-41	1.80294e-42	1.5485e-43	1.2557e-44	9.65808e-46	7.07442e-47	4.95272e-48	3.3246e-49	2.14596e-50	1.33539e-51	8.02991e-53	4.67563e-54	2.64135e-55	1.4502e-56	7.75053e-58	4.03808e-59	2.0537e-60	1.02084e-61	4.96508e-63	2.3654e-64	1.10488e-65	5.06473e-67	2.28029e-68	1.00916e-69	4.39328e-71	1.88267e-72	7.94681e-74	3.30607e-75	1.35637e-76	5.49061e-78	2.19413e-79	8.65982e-81	3.37719e-82	1.30192e-83	4.96336e-85	1.87193e-86	
1.09918e-86	4.01489e-88	1.45247e-89	5.20597e-91	1.8492e-92	6.51147e-94	2.27352e-95	7.87325e-97	2.7049e-98	9.22126e-100	3.1201e-101	1.04804e-102	3.49545e-104	1.1578e-105	3.81034e-107	2.49032e-108	1.36335e-106	1.34459e-104	1.19908e-102	9.68908e-101	7.10726e-99	4.73925e-97	2.87554e-95	1.58845e-93	7.98976e-92	3.65849e-90	1.52406e-88	5.77009e-87	1.98242e-85	4.48898e-58	3.4775e-55	1.25161e-52	2.77503e-50	4.23652e-48	4.71454e-46	3.94822e-44	2.53213e-42	1.25328e-40	4.78767e-39	1.40237e-37	3.11083e-36	5.14257e-35	6.25355e-34	5.61671e-33	3.78504e-32	1.72238e-31	2.97238e-31	6.83574e-31	3.32501e-30	1.23592e-29	9.04475e-30	3.77489e-30	1.26587e-30	4.85931e-31	1.86523e-31	5.96541e-32	1.54512e-32	3.31639e-33	6.06172e-34	9.65157e-35	1.36286e-35	1.73127e-36	2.0017e-37	2.127e-38	2.09423e-39	1.92407e-40	1.65954e-41	1.3509e-42	1.04265e-43	7.6615e-45	5.37924e-46	3.62048e-47	2.34264e-48	1.46105e-49	8.80378e-51	5.13611e-52	2.90669e-53	1.59855e-54	8.55678e-56	4.46469e-57	2.27381e-58	1.13172e-59	5.51114e-61	2.6286e-62	1.22918e-63	5.64041e-65	2.54201e-66	1.12606e-67	4.90662e-69	2.10447e-70	8.89042e-72	3.70157e-73	1.51978e-74	6.15664e-76	2.46202e-77	9.72369e-79	3.79455e-80	1.46374e-81	5.58364e-83	2.1071e-84	
1.19503e-84	4.36742e-86	1.58085e-87	5.66904e-89	2.0147e-90	7.09768e-92	2.47937e-93	8.59006e-95	2.95248e-96	1.00697e-97	3.4086e-99	1.14541e-100	3.82176e-102	1.26638e-103	4.16814e-105	1.36335e-106	8.85685e-108	4.37182e-106	3.89888e-104	3.15168e-102	2.31278e-100	1.54284e-98	9.36523e-97	5.17566e-95	2.60454e-93	1.1932e-91	4.97321e-90	1.88386e-88	8.29752e-58	6.87612e-55	2.66027e-52	6.37572e-50	1.059e-47	1.29197e-45	1.19691e-43	8.58403e-42	4.81373e-40	2.11697e-38	7.27858e-37	1.93956e-35	3.95101e-34	6.04986e-33	6.8705e-32	5.80406e-31	3.69298e-30	1.59375e-29	2.74644e-29	6.28686e-29	2.89991e-28	1.01811e-27	7.41863e-28	3.10849e-28	1.06176e-28	4.21908e-29	1.65627e-29	5.3622e-30	1.40155e-30	3.03377e-31	5.59117e-32	8.97356e-33	1.27666e-33	1.63302e-34	1.90004e-35	2.0305e-36	2.0095e-37	1.85476e-38	1.60643e-39	1.31258e-40	1.01653e-41	7.49262e-43	5.27551e-44	3.55983e-45	2.30886e-46	1.44314e-47	8.71345e-49	5.09297e-50	2.88733e-51	1.59049e-52	8.52671e-54	4.4554e-55	2.27215e-56	1.13234e-57	5.52082e-59	2.63623e-60	1.23409e-61	5.66878e-63	2.55731e-64	1.1339e-65	4.94522e-67	2.12284e-68	8.97541e-70	3.7399e-71	1.53668e-72	6.22963e-74	2.49295e-75	9.85249e-77	3.84731e-78	1.48502e-79	5.66826e-81	2.14029e-82	
1.1709e-82	4.28159e-84	1.55062e-85	5.56352e-87	1.9782e-88	6.97252e-90	2.43681e-91	8.44653e-93	2.90446e-94	9.91021e-96	3.35606e-97	1.12823e-98	3.76593e-100	1.24837e-101	4.11046e-103	1.34459e-104	4.37182e-106	2.82345e-107	1.26033e-105	1.01881e-103	7.47921e-102	4.99135e-100	3.03108e-98	1.67585e-96	8.43723e-95	3.86714e-93	1.61262e-91	1.38851e-57	1.22558e-54	5.0717e-52	1.30643e-49	2.34527e-47	3.11239e-45	3.16033e-43	2.50659e-41	1.57128e-39	7.82517e-38	3.09514e-36	9.67164e-35	2.36324e-33	4.44933e-32	6.34318e-31	6.75442e-30	5.38332e-29	3.24357e-28	1.33234e-27	2.29146e-27	5.20797e-27	2.28212e-26	7.59215e-26	5.50938e-26	2.31893e-26	8.07683e-27	3.32129e-27	1.33161e-27	4.3613e-28	1.15029e-28	2.51156e-29	4.66839e-30	7.55413e-31	1.08297e-31	1.395e-32	1.63341e-33	1.75552e-34	1.74624e-35	1.61916e-36	1.40813e-37	1.15482e-38	8.97341e-40	6.63423e-41	4.68407e-42	3.16875e-43	2.06e-44	1.29036e-45	7.8065e-47	4.5713e-48	2.59605e-49	1.43235e-50	7.69051e-52	4.02418e-53	2.05499e-54	1.02541e-55	5.00548e-57	2.39287e-58	1.12138e-59	5.15633e-61	2.32842e-62	1.03338e-63	4.51085e-65	1.93804e-66	8.2008e-68	3.41984e-69	1.40624e-70	5.70498e-72	2.2846e-73	9.0352e-75	3.53048e-76	1.36359e-77	5.20793e-79	1.96763e-80	
1.03693e-80	3.79386e-82	1.37473e-83	4.93506e-85	1.75565e-86	6.19117e-88	2.16479e-89	7.50718e-91	2.58263e-92	8.81607e-94	2.98683e-95	1.00453e-96	3.35442e-98	1.11241e-99	3.66421e-101	1.19908e-102	3.89888e-104	1.26033e-105	8.09308e-107	3.27477e-105	2.40401e-103	1.60498e-101	9.75053e-100	5.39327e-98	2.71651e-96	1.24567e-94	2.10897e-57	1.97519e-54	8.70526e-52	2.3983e-49	4.62688e-47	6.63542e-45	7.32778e-43	6.36876e-41	4.41391e-39	2.45633e-37	1.0997e-35	3.9506e-34	1.13092e-32	2.5506e-31	4.46224e-30	5.94888e-29	5.95978e-28	4.49319e-27	2.57016e-26	1.008e-25	1.72921e-25	3.89315e-25	1.62314e-24	5.13128e-24	3.70912e-24	1.5692e-24	5.5799e-25	2.37371e-25	9.70751e-26	3.21491e-26	8.55698e-27	1.88512e-27	3.53506e-28	5.76871e-29	8.33502e-30	1.08131e-30	1.27422e-31	1.37731e-32	1.37701e-33	1.2826e-34	1.11999e-35	9.21877e-37	7.18707e-38	5.32951e-39	3.77318e-40	2.55894e-41	1.6674e-42	1.04666e-43	6.34467e-45	3.72212e-46	2.11742e-47	1.17014e-48	6.29215e-50	3.29714e-51	1.68597e-52	8.42342e-54	4.11678e-55	1.97027e-56	9.24334e-58	4.25468e-59	1.92316e-60	8.54325e-62	3.73263e-63	1.60508e-64	6.79752e-66	2.83691e-67	1.16744e-68	4.73968e-70	1.8994e-71	7.51695e-73	2.93918e-74	1.13594e-75	4.34116e-77	1.64114e-78	
8.3192e-79	3.04553e-80	1.10418e-81	3.966e-83	1.41165e-84	4.98062e-86	1.74238e-87	6.04525e-89	2.08068e-90	7.10585e-92	2.40849e-93	8.10374e-95	2.70724e-96	8.98156e-98	2.95968e-99	9.68908e-101	3.15168e-102	1.01881e-103	3.27477e-105	2.09114e-106	7.68475e-105	5.13031e-103	3.118e-101	1.72537e-99	8.69424e-98	2.91332e-57	2.88546e-54	1.3493e-51	3.95875e-49	8.16753e-47	1.25863e-44	1.50182e-42	1.41936e-40	1.0777e-38	6.62891e-37	3.31512e-35	1.34738e-33	4.43164e-32	1.16994e-30	2.44888e-29	3.99932e-28	5.00437e-27	4.73061e-26	3.38128e-25	1.84026e-24	6.90975e-24	1.18158e-23	2.62964e-23	1.04448e-22	3.14552e-22	2.26544e-22	9.64012e-23	3.50402e-23	1.54154e-23	6.42335e-24	2.15029e-24	5.77672e-25	1.28451e-25	2.431e-26	4.00178e-27	5.82858e-28	7.61636e-29	9.03319e-30	9.82007e-31	9.86805e-32	9.23326e-33	8.09536e-34	6.68769e-35	5.23098e-36	3.89059e-37	2.76196e-38	1.87782e-39	1.2264e-40	7.71473e-42	4.68575e-43	2.75396e-44	1.56935e-45	8.68665e-47	4.6781e-48	2.45486e-49	1.25697e-50	6.28809e-52	3.07691e-53	1.4743e-54	6.92411e-56	3.19049e-57	1.44358e-58	6.41896e-60	2.80708e-61	1.20814e-62	5.12084e-64	2.1389e-65	8.80884e-67	3.57901e-68	1.43531e-69	5.6843e-71	2.22411e-72	8.60142e-74	3.28925e-75	1.24424e-76	
6.05757e-77	2.2189e-78	8.04944e-80	2.89281e-81	1.03022e-82	3.63677e-84	1.27291e-85	4.41862e-87	1.52156e-88	5.19883e-90	1.76293e-91	5.93432e-93	1.98336e-94	6.58283e-96	2.17014e-97	7.10726e-99	2.31278e-100	7.47921e-102	2.40401e-103	7.68475e-105	4.88055e-106	1.63121e-104	9.91305e-103	5.48771e-101	3.66572e-57	3.82808e-54	1.89297e-51	5.89234e-49	1.29454e-46	2.1332e-44	2.73484e-42	2.7923e-40	2.30507e-38	1.55301e-36	8.58215e-35	3.89504e-33	1.44876e-31	4.39187e-30	1.07523e-28	2.0986e-27	3.21177e-26	3.78411e-25	3.38357e-24	2.29727e-23	1.19187e-22	4.29453e-22	7.3153e-22	1.60616e-21	6.0844e-21	1.74934e-20	1.25566e-20	5.37841e-21	2.00101e-21	9.10067e-22	3.85986e-22	1.30583e-22	3.54183e-23	7.95261e-24	1.51958e-24	2.52414e-25	3.70682e-26	4.87964e-27	5.82531e-28	6.36945e-29	6.43339e-30	6.04697e-31	5.32331e-32	4.41373e-33	3.46371e-34	2.58388e-35	1.83933e-36	1.25367e-37	8.20661e-39	5.17348e-40	3.1485e-41	1.85391e-42	1.05829e-43	5.86739e-45	3.16467e-46	1.66309e-47	8.52727e-49	4.27138e-50	2.09267e-51	1.00388e-52	4.72006e-54	2.17724e-55	9.86131e-57	4.38919e-58	1.92125e-59	8.27639e-61	3.51108e-62	1.46775e-63	6.04966e-65	2.45987e-66	9.87235e-68	3.91261e-69	1.53197e-70	5.92868e-72	2.26866e-73	8.58724e-75	
4.00853e-75	1.46923e-76	5.33308e-78	1.91771e-79	6.83341e-81	2.41358e-82	8.45231e-84	2.93555e-85	1.01137e-86	3.45732e-88	1.17294e-89	3.95017e-91	1.32082e-92	4.38579e-94	1.44647e-95	4.73925e-97	1.54284e-98	4.99135e-100	1.60498e-101	5.13031e-103	1.63121e-104	1.03049e-105	3.13551e-104	4.20573e-57	4.61852e-54	2.40795e-51	7.92576e-49	1.8473e-46	3.2413e-44	4.44314e-42	4.8736e-40	4.34582e-38	3.18276e-36	1.92612e-34	9.65719e-33	4.00976e-31	1.37404e-29	3.8607e-28	8.80691e-27	1.6092e-25	2.31564e-24	2.57583e-23	2.18314e-22	1.41024e-21	6.98606e-21	2.4205e-20	4.10409e-20	8.87357e-20	3.20869e-19	8.82428e-19	6.31459e-19	2.72493e-19	1.03913e-19	4.88394e-20	2.10658e-20	7.2018e-21	1.97288e-21	4.47539e-22	8.63793e-23	1.44837e-23	2.14513e-24	2.8452e-25	3.41924e-26	3.76057e-27	3.81799e-28	3.60514e-29	3.18671e-30	2.65193e-31	2.08804e-32	1.56235e-33	1.11523e-34	7.62061e-36	5.00019e-37	3.15899e-38	1.9264e-39	1.13645e-40	6.49884e-42	3.6091e-43	1.94968e-44	1.02611e-45	5.26865e-47	2.64263e-48	1.29634e-49	6.22624e-51	2.93085e-52	1.35342e-53	6.13647e-55	2.73406e-56	1.19793e-57	5.16525e-59	2.19322e-60	9.17634e-62	3.78538e-63	1.54042e-64	6.18706e-66	2.4539e-67	9.61511e-69	3.72364e-70	1.42585e-71	5.40062e-73	
2.4129e-73	8.84956e-75	3.21425e-76	1.1565e-77	4.12339e-79	1.45723e-80	5.106e-82	1.7743e-83	6.11613e-85	2.09184e-86	7.1004e-88	2.39239e-89	8.00325e-91	2.65871e-92	8.77263e-94	2.87554e-95	9.36523e-97	3.03108e-98	9.75053e-100	3.118e-101	9.91305e-103	3.13551e-104	4.40257e-57	5.07187e-54	2.78062e-51	9.6495e-49	2.37813e-46	4.42654e-44	6.46056e-42	7.57643e-40	7.25722e-38	5.74042e-36	3.77568e-34	2.07267e-32	9.50476e-31	3.63469e-29	1.15396e-27	3.0195e-26	6.44396e-25	1.10607e-23	1.5008e-22	1.57979e-21	1.27139e-20	7.82425e-20	3.70592e-19	1.23683e-18	2.08583e-18	4.43324e-18	1.53123e-17	4.03461e-17	2.87933e-17	1.253e-17	4.90491e-18	2.38145e-18	1.04383e-18	3.60627e-19	9.98287e-20	2.28924e-20	4.46544e-21	7.56111e-22	1.12972e-22	1.51004e-23	1.82704e-24	2.02142e-25	2.06307e-26	1.95713e-27	1.73716e-28	1.45103e-29	1.14635e-30	8.60382e-32	6.1588e-33	4.21933e-34	2.7751e-35	1.75713e-36	1.07375e-37	6.34668e-39	3.63598e-40	2.02268e-41	1.09445e-42	5.76887e-44	2.96637e-45	1.48991e-46	7.31837e-48	3.51936e-49	1.65863e-50	7.66805e-52	3.48055e-53	1.55236e-54	6.80853e-56	2.93857e-57	1.24891e-58	5.23009e-60	2.15936e-61	8.79464e-63	3.5352e-64	1.40321e-65	5.50237e-67	2.13246e-68	8.17135e-70	3.09714e-71	
1.32185e-71	4.85127e-73	1.76317e-74	6.34797e-76	2.26469e-77	8.00827e-79	2.80765e-80	9.76193e-82	3.36684e-83	1.15214e-84	3.91279e-86	1.31903e-87	4.41474e-89	1.4673e-90	4.84376e-92	1.58845e-93	5.17566e-95	1.67585e-96	5.39327e-98	1.72537e-99	5.48771e-101	4.20573e-57	5.07187e-54	2.91702e-51	1.06445e-48	2.76577e-46	5.44331e-44	8.42744e-42	1.0522e-39	1.07747e-37	9.15416e-36	6.50211e-34	3.87876e-32	1.94709e-30	8.22142e-29	2.91191e-27	8.60616e-26	2.10572e-24	4.21874e-23	6.82226e-22	8.75e-21	8.73281e-20	6.6831e-19	3.92247e-18	1.77829e-17	5.72521e-17	9.59541e-17	2.0014e-16	6.60598e-16	1.67002e-15	1.18909e-15	5.224e-16	2.10246e-16	1.0541e-16	4.69206e-17	1.63849e-17	4.58617e-18	1.06389e-18	2.09855e-19	3.58994e-20	5.41278e-21	7.29284e-22	8.88539e-23	9.89064e-24	1.01486e-24	9.67321e-26	8.62244e-27	7.22969e-28	5.73137e-29	4.31515e-30	3.0978e-31	2.12791e-32	1.403e-33	8.90383e-35	5.45259e-36	3.22937e-37	1.85358e-38	1.03297e-39	5.59866e-41	2.95576e-42	1.52215e-43	7.65627e-45	3.76586e-46	1.81334e-47	8.55671e-49	3.96058e-50	1.79977e-51	8.036e-53	3.52823e-54	1.52433e-55	6.4848e-57	2.7182e-58	1.12329e-59	4.57892e-61	1.84215e-62	7.31794e-64	2.87182e-65	1.11383e-66	4.27123e-68	1.62006e-69	
6.59126e-70	2.42072e-71	8.80397e-73	3.1718e-74	1.13229e-75	4.00643e-77	1.40548e-78	4.8896e-80	1.68736e-81	5.77744e-83	1.96314e-84	6.62142e-86	2.2173e-87	7.37324e-89	2.4352e-90	7.98976e-92	2.60454e-93	8.43723e-95	2.71651e-96	8.69424e-98	3.66572e-57	4.61852e-54	2.78062e-51	1.06445e-48	2.90828e-46	6.03441e-44	9.87813e-42	1.30824e-39	1.42619e-37	1.29526e-35	9.8808e-34	6.36447e-32	3.47128e-30	1.60416e-28	6.27201e-27	2.06736e-25	5.71122e-24	1.31123e-22	2.4735e-21	3.77798e-20	4.58959e-19	4.35004e-18	3.16931e-17	1.77545e-16	7.71094e-16	2.39769e-15	3.99019e-15	8.15409e-15	2.57253e-14	6.24716e-14	4.43998e-14	1.97173e-14	8.17229e-15	4.22929e-15	1.91081e-15	6.74678e-16	1.91093e-16	4.48798e-17	8.95819e-18	1.54901e-18	2.35775e-19	3.20296e-20	3.93044e-21	4.40254e-22	4.54225e-23	4.35062e-24	3.89494e-25	3.27863e-26	2.60841e-27	1.97026e-28	1.41865e-29	9.77173e-31	6.45928e-32	4.10901e-33	2.52191e-34	1.49675e-35	8.60788e-37	4.80593e-38	2.60936e-39	1.37988e-40	7.1173e-42	3.5853e-43	1.76601e-44	8.51532e-46	4.02342e-47	1.86462e-48	8.48337e-50	3.79218e-51	1.66681e-52	7.20888e-54	3.06993e-55	1.28808e-56	5.32797e-58	2.17386e-59	8.7534e-61	3.48026e-62	1.3669e-63	5.30575e-65	2.03618e-66	7.72896e-68	
2.99076e-68	1.0992e-69	4.00054e-71	1.44227e-72	5.15216e-74	1.8242e-75	6.40348e-77	2.22911e-78	7.69712e-80	2.63699e-81	8.96546e-83	3.02561e-84	1.01373e-85	3.37275e-87	1.11451e-88	3.65849e-90	1.1932e-91	3.86714e-93	1.24567e-94	2.91332e-57	3.82808e-54	2.40795e-51	9.6495e-49	2.76577e-46	6.03441e-44	1.04141e-41	1.45825e-39	1.68623e-37	1.63028e-35	1.32933e-33	9.19521e-32	5.41462e-30	2.71829e-28	1.16297e-26	4.2306e-25	1.30305e-23	3.37653e-22	7.29577e-21	1.29915e-19	1.87815e-18	2.16484e-17	1.95112e-16	1.35451e-15	7.24628e-15	3.01658e-14	9.06789e-14	1.49707e-13	2.99245e-13	9.02377e-13	2.10695e-12	1.49556e-12	6.72322e-13	2.87485e-13	1.53509e-13	7.03698e-14	2.51355e-14	7.21081e-15	1.71617e-15	3.46906e-16	6.06688e-17	9.32618e-18	1.27784e-18	1.57975e-19	1.78098e-20	1.84797e-21	1.77896e-22	1.59983e-23	1.35217e-24	1.07974e-25	8.18344e-27	5.91069e-28	4.08304e-29	2.70618e-30	1.7258e-31	1.06169e-32	6.31494e-34	3.63923e-35	2.03581e-36	1.10737e-37	5.86621e-39	3.03076e-40	1.52914e-41	7.54343e-43	3.64251e-44	1.72342e-45	7.99754e-47	3.64319e-48	1.63052e-49	7.17509e-51	3.10666e-52	1.32441e-53	5.56267e-55	2.30323e-56	9.40641e-58	3.79116e-59	1.50868e-60	5.93062e-62	2.30395e-63	8.84904e-65	3.36157e-66	
1.23406e-66	4.53905e-68	1.65322e-69	5.9645e-71	2.13218e-72	7.55447e-74	2.6536e-75	9.24342e-77	3.19376e-78	1.09484e-79	3.72454e-81	1.25767e-82	4.21619e-84	1.40353e-85	4.64042e-87	1.52406e-88	4.97321e-90	1.61262e-91	2.10897e-57	2.88546e-54	1.89297e-51	7.92576e-49	2.37813e-46	5.44331e-44	9.87813e-42	1.45825e-39	1.78283e-37	1.82826e-35	1.58692e-33	1.17326e-31	7.41865e-30	4.02053e-28	1.86836e-26	7.43579e-25	2.52702e-23	7.29853e-22	1.77925e-20	3.62739e-19	6.11037e-18	8.37588e-17	9.17306e-16	7.86947e-15	5.20856e-14	2.66158e-13	1.06233e-12	3.0892e-12	5.05472e-12	9.8667e-12	2.84308e-11	6.38704e-11	4.531e-11	2.0654e-11	9.12855e-12	5.02745e-12	2.33776e-12	8.45356e-13	2.45911e-13	5.93753e-14	1.21653e-14	2.15321e-15	3.34457e-16	4.62383e-17	5.76068e-18	6.53841e-19	6.82468e-20	6.60446e-21	5.96751e-22	5.06526e-23	4.06044e-24	3.08838e-25	2.23797e-26	1.55065e-27	1.03065e-28	6.59e-30	4.06405e-31	2.4229e-32	1.39934e-33	7.84408e-35	4.27507e-36	2.26887e-37	1.17426e-38	5.93452e-40	2.93223e-41	1.41804e-42	6.71907e-44	3.12232e-45	1.42423e-46	6.38233e-48	2.81197e-49	1.21896e-50	5.20245e-52	2.18747e-53	9.06676e-55	3.70663e-56	1.49538e-57	5.95644e-59	2.34361e-60	9.11259e-62	3.50297e-63	1.33181e-64	
4.62556e-65	1.70273e-66	6.2066e-68	2.24092e-69	8.01672e-71	2.84243e-72	9.99137e-74	3.48271e-75	1.20413e-76	4.13047e-78	1.40603e-79	4.75064e-81	1.59354e-82	5.30785e-84	1.75589e-85	5.77009e-87	1.88386e-88	1.38851e-57	1.97519e-54	1.3493e-51	5.89234e-49	1.8473e-46	4.42654e-44	8.42744e-42	1.30824e-39	1.68623e-37	1.82826e-35	1.68319e-33	1.32467e-31	8.9521e-30	5.20923e-28	2.61299e-26	1.1294e-24	4.1984e-23	1.33761e-21	3.63347e-20	8.35452e-19	1.61053e-17	2.571e-16	3.3464e-15	3.4859e-14	2.84849e-13	1.79794e-12	8.77494e-12	3.35782e-11	9.44929e-11	1.53078e-10	2.91307e-10	8.01625e-10	1.73341e-09	1.22998e-09	5.69635e-10	2.60755e-10	1.48061e-10	6.98353e-11	2.55905e-11	7.55896e-12	1.85399e-12	3.85427e-13	6.90965e-14	1.08514e-14	1.51441e-15	1.90216e-16	2.17432e-17	2.28371e-18	2.2223e-19	2.01799e-20	1.7206e-21	1.38495e-22	1.05736e-23	7.68868e-25	5.3445e-26	3.56287e-27	2.28449e-28	1.41253e-29	8.44191e-31	4.88689e-32	2.74537e-33	1.49934e-34	7.97292e-36	4.13411e-37	2.09301e-38	1.03589e-39	5.0177e-41	2.38118e-42	1.10815e-43	5.0619e-45	2.27143e-46	1.00206e-47	4.34922e-49	1.85844e-50	7.82319e-52	3.2462e-53	1.32851e-54	5.36521e-56	2.13921e-57	8.425e-59	3.27891e-60	1.26158e-61	4.80061e-63	
1.57258e-63	5.79382e-65	2.11364e-66	7.63752e-68	2.73439e-69	9.70243e-71	3.41298e-72	1.19052e-73	4.11901e-75	1.41387e-76	4.81604e-78	1.62827e-79	5.46522e-81	1.82148e-82	6.02922e-84	1.98242e-85	8.29752e-58	1.22558e-54	8.70526e-52	3.95875e-49	1.29454e-46	3.2413e-44	6.46056e-42	1.0522e-39	1.42619e-37	1.63028e-35	1.58692e-33	1.32467e-31	9.52907e-30	5.92615e-28	3.19154e-26	1.48887e-24	6.01009e-23	2.09413e-21	6.2736e-20	1.60686e-18	3.49229e-17	6.37709e-16	9.66132e-15	1.19536e-13	1.18524e-12	9.22837e-12	5.5543e-11	2.58783e-10	9.48948e-10	2.58432e-09	4.14031e-09	7.66781e-09	2.01318e-08	4.19047e-08	2.97721e-08	1.40413e-08	6.6715e-09	3.90434e-09	1.86832e-09	6.94683e-10	2.08716e-10	5.20826e-11	1.09997e-11	1.99917e-12	3.17666e-13	4.47795e-14	5.67328e-15	6.53393e-16	6.90826e-17	6.76224e-18	6.17313e-19	5.28872e-20	4.27565e-21	3.27746e-22	2.39207e-23	1.66848e-24	1.11584e-25	7.17604e-27	4.44946e-28	2.66619e-29	1.54723e-30	8.71238e-32	4.76863e-33	2.54108e-34	1.32021e-35	6.69655e-37	3.32028e-38	1.61104e-39	7.65782e-41	3.56935e-42	1.63287e-43	7.33768e-45	3.24152e-46	1.40877e-47	6.02736e-49	2.54033e-50	1.05533e-51	4.32385e-53	1.74809e-54	6.97728e-56	2.7507e-57	1.07159e-58	4.12689e-60	1.57182e-61	
4.83973e-62	1.78469e-63	6.51636e-65	2.35663e-66	8.44411e-68	2.9986e-69	1.05562e-70	3.68495e-72	1.27586e-73	4.38257e-75	1.49385e-76	5.05396e-78	1.69745e-79	5.66096e-81	1.87497e-82	4.48898e-58	6.87612e-55	5.0717e-52	2.3983e-49	8.16753e-47	2.1332e-44	4.44314e-42	7.57643e-40	1.07747e-37	1.29526e-35	1.32933e-33	1.17326e-31	8.9521e-30	5.92615e-28	3.41087e-26	1.70831e-24	7.44219e-23	2.81554e-21	9.22314e-20	2.60475e-18	6.30424e-17	1.29738e-15	2.24731e-14	3.23466e-13	3.80713e-12	3.59446e-11	2.66651e-10	1.52955e-09	6.79659e-09	2.38602e-08	6.28571e-08	9.94625e-08	1.78931e-07	4.47584e-07	8.96497e-07	6.38585e-07	3.07561e-07	1.52038e-07	9.16809e-08	4.45331e-08	1.68309e-08	5.15449e-09	1.3111e-09	2.8172e-10	5.19686e-11	8.36261e-12	1.19158e-12	1.52369e-13	1.76906e-14	1.88375e-15	1.85565e-16	1.70367e-17	1.46714e-18	1.19171e-19	9.17451e-21	6.72284e-22	4.70657e-23	3.15848e-24	2.03777e-25	1.26731e-26	7.61532e-28	4.43102e-29	2.50133e-30	1.37231e-31	7.32907e-33	3.81588e-34	1.93944e-35	9.63454e-37	4.68334e-38	2.23002e-39	1.04115e-40	4.77052e-42	2.147e-43	9.49848e-45	4.13381e-46	1.77101e-47	7.47383e-49	3.10871e-50	1.2752e-51	5.16144e-53	2.0624e-54	8.13944e-56	3.17415e-57	1.22365e-58	4.66503e-60	
1.34492e-60	4.96416e-62	1.8142e-63	6.56683e-65	2.355e-66	8.36981e-68	2.94886e-69	1.03019e-70	3.56962e-72	1.22707e-73	4.18561e-75	1.41706e-76	4.76266e-78	1.58939e-79	2.19153e-58	3.4775e-55	2.66027e-52	1.30643e-49	4.62688e-47	1.25863e-44	2.73484e-42	4.8736e-40	7.25722e-38	9.15416e-36	9.8808e-34	9.19521e-32	7.41865e-30	5.20923e-28	3.19154e-26	1.70831e-24	7.98974e-23	3.26197e-21	1.16009e-19	3.58193e-18	9.55686e-17	2.18958e-15	4.27282e-14	7.02841e-13	9.61795e-12	1.07721e-10	9.68352e-10	6.8407e-09	3.73563e-08	1.58062e-07	5.30373e-07	1.35019e-06	2.10701e-06	3.67434e-06	8.73901e-06	1.68272e-05	1.20384e-05	5.94146e-06	3.06375e-06	1.90342e-06	9.39462e-07	3.61755e-07	1.13234e-07	2.94281e-08	6.44524e-09	1.20846e-09	1.97155e-10	2.84227e-11	3.67121e-12	4.29991e-13	4.61421e-14	4.57679e-15	4.22804e-16	3.66154e-17	2.9894e-18	2.31226e-19	1.70171e-20	1.19612e-21	8.05687e-23	5.21614e-24	3.2545e-25	1.9616e-26	1.14463e-27	6.4789e-29	3.56357e-30	1.90775e-31	9.9553e-33	5.07073e-34	2.52414e-35	1.22937e-36	5.86464e-38	2.74293e-39	1.25893e-40	5.67502e-42	2.51455e-43	1.09597e-44	4.70204e-46	1.98701e-47	8.27575e-49	3.39901e-50	1.37744e-51	5.51039e-53	2.17717e-54	8.49956e-56	3.28005e-57	1.25176e-58	
3.36423e-59	1.24299e-60	4.54698e-62	1.64739e-63	5.91319e-65	2.10342e-66	7.41706e-68	2.59331e-69	8.99299e-71	3.09376e-72	1.0561e-73	3.5781e-75	1.20344e-76	9.61668e-59	1.57919e-55	1.25161e-52	6.37572e-50	2.34527e-47	6.63542e-45	1.50182e-42	2.7923e-40	4.34582e-38	5.74042e-36	6.50211e-34	6.36447e-32	5.41462e-30	4.02053e-28	2.61299e-26	1.48887e-24	7.44219e-23	3.26197e-21	1.25188e-19	4.19614e-18	1.22386e-16	3.09043e-15	6.71214e-14	1.24336e-12	1.94349e-11	2.52927e-10	2.69528e-09	2.30546e-08	1.54904e-07	8.03846e-07	3.23078e-06	1.0335e-05	2.53759e-05	3.89811e-05	6.57346e-05	0.000148212	0.000273835	0.000197242	0.000100196	5.40587e-05	3.46079e-05	1.73872e-05	6.84369e-06	2.19724e-06	5.85212e-07	1.30953e-07	2.50022e-08	4.14158e-09	6.04828e-10	7.89939e-11	9.34195e-12	1.01105e-12	1.01048e-13	9.39853e-15	8.18955e-16	6.72385e-17	5.22759e-18	3.86549e-19	2.72893e-20	1.84562e-21	1.19939e-22	7.50972e-24	4.54129e-25	2.65812e-26	1.50893e-27	8.32223e-29	4.46679e-30	2.33661e-31	1.1929e-32	5.95113e-34	2.9045e-35	1.38832e-36	6.50549e-38	2.99121e-39	1.3507e-40	5.99467e-42	2.6169e-43	1.12442e-44	4.75848e-46	1.98461e-47	8.16207e-49	3.31188e-50	1.32654e-51	5.24743e-53	2.05092e-54	7.92344e-56	3.02703e-57	
7.54646e-58	2.79111e-59	1.02205e-60	3.70654e-62	1.33169e-63	4.7414e-65	1.67339e-66	5.85592e-68	2.0324e-69	6.99754e-71	2.39059e-72	8.10566e-74	3.77451e-59	6.40873e-56	5.25731e-53	2.77503e-50	1.059e-47	3.11239e-45	7.32778e-43	1.41936e-40	2.30507e-38	3.18276e-36	3.77568e-34	3.87876e-32	3.47128e-30	2.71829e-28	1.86836e-26	1.1294e-24	6.01009e-23	2.81554e-21	1.16009e-19	4.19614e-18	1.32853e-16	3.6669e-15	8.77622e-14	1.80889e-12	3.18289e-11	4.72897e-10	5.85158e-09	5.92854e-08	4.81866e-07	3.07289e-06	1.51082e-05	5.7461e-05	0.000174526	0.000411911	0.000621282	0.00100995	0.00214889	0.00379622	0.00276319	0.00145353	0.000823643	0.00054376	0.000278932	0.000112755	3.73132e-05	1.02265e-05	2.34552e-06	4.57141e-07	7.70393e-08	1.14154e-08	1.50959e-09	1.80468e-10	1.97181e-11	1.98741e-12	1.86255e-13	1.63409e-14	1.34998e-15	1.05554e-16	7.84575e-18	5.56551e-19	3.78076e-20	2.46709e-21	1.55063e-22	9.41058e-24	5.52668e-25	3.14717e-26	1.74089e-27	9.36983e-29	4.91428e-30	2.51509e-31	1.25767e-32	6.15184e-34	2.94672e-35	1.38358e-36	6.37385e-38	2.88342e-39	1.28195e-40	5.60552e-42	2.4124e-43	1.02248e-44	4.2707e-46	1.75887e-47	7.14656e-49	2.86622e-50	1.13522e-51	4.44228e-53	1.71821e-54	6.57154e-56	
