0	0	0	0	0	0	0	0	0	0	0	0	0	0	0	0	0	0	0	0	0	0	0	0	0	0	0	0	0	0	0	0	0	0	0	0	0	0	0	0	0	0	0	0	0	0	0	0	0	0	0	0	0	0	0	0	0	0	0	0	0	0	0	0	0	0	0	0	0	0	0	0	0	0	0	0	0	0	0	0	0	0	0	0	0	0	0	0	0	0	0	0	0	0	0	0	0	0	0	0	
0	0	0	0	0	0	0	0	0	0	0	0	0	0	0	0	0	0	0	0	0	0	0	0	0	0	0	0	0	0	0	0	0	1.49909e-75	6.88061e-73	1.42713e-70	1.7652e-68	1.4469e-66	8.26264e-65	3.36665e-63	9.87967e-62	2.09302e-60	3.21277e-59	3.61266e-58	2.95141e-57	1.51664e-56	2.91732e-56	7.87042e-56	4.54707e-55	1.89427e-54	1.69522e-54	8.47827e-55	3.0992e-55	1.03207e-55	3.42805e-56	1.07453e-56	2.97133e-57	7.08653e-58	1.46432e-58	2.6565e-59	4.29163e-60	6.25373e-61	8.31055e-62	1.01655e-62	1.15358e-63	1.22264e-64	1.21728e-65	1.14418e-66	1.01978e-67	8.65183e-69	7.01097e-70	5.44308e-71	4.05972e-72	2.91613e-73	2.02183e-74	1.3558e-75	8.80974e-77	5.55626e-78	3.40668e-79	2.03345e-80	1.1832e-81	6.7196e-83	3.72887e-84	2.02403e-85	1.0757e-86	5.60269e-88	2.86222e-89	1.43535e-90	7.0711e-92	3.42449e-93	1.63144e-94	7.6504e-96	3.53337e-97	1.60815e-98	7.21644e-100	3.19444e-101	1.39555e-102	6.01956e-104	2.56422e-105	0	
0	0	0	0	0	0	0	0	0	0	0	0	0	0	0	0	0	0	0	0	0	0	0	0	0	0	0	0	0	0	0	0	5.6443e-75	2.84252e-72	6.52741e-70	9.03463e-68	8.39343e-66	5.516e-64	2.63343e-62	9.241e-61	2.38954e-59	4.54541e-58	6.36438e-57	6.60185e-56	4.99821e-55	2.39631e-54	4.62052e-54	1.25627e-53	6.81243e-53	2.6406e-52	2.34416e-52	1.17169e-52	4.31312e-53	1.46687e-53	5.00356e-54	1.60045e-54	4.48375e-55	1.07894e-55	2.24504e-56	4.09758e-57	6.65682e-58	9.75168e-59	1.30244e-59	1.6008e-60	1.82486e-61	1.94245e-62	1.94177e-63	1.8321e-64	1.63874e-65	1.39494e-66	1.13392e-67	8.82904e-69	6.60313e-70	4.7552e-71	3.30481e-72	2.22111e-73	1.44628e-74	9.13967e-76	5.6142e-77	3.35699e-78	1.95657e-79	1.11291e-80	6.18492e-82	3.36189e-83	1.7891e-84	9.33011e-86	4.77215e-87	2.39588e-88	1.18159e-89	5.7283e-91	2.73169e-92	1.2822e-93	5.92728e-95	2.70004e-96	1.21263e-97	5.37216e-99	2.34873e-100	1.01385e-101	4.32181e-103	0	
0	0	0	0	0	0	0	0	0	0	0	0	0	0	0	0	0	0	0	0	0	0	0	0	0	0	0	0	0	0	0	1.90306e-74	1.04328e-71	2.62771e-69	4.02477e-67	4.1815e-65	3.1118e-63	1.7075e-61	7.00761e-60	2.16091e-58	4.99815e-57	8.63388e-56	1.11204e-54	1.07101e-53	7.5604e-53	3.40477e-52	6.57962e-52	1.79563e-51	9.17371e-51	3.32765e-50	2.93087e-50	1.46439e-50	5.43096e-51	1.88681e-51	6.60216e-52	2.15151e-52	6.09964e-53	1.47998e-53	3.10004e-54	5.69158e-55	9.29751e-56	1.36916e-56	1.83781e-57	2.26953e-58	2.59881e-59	2.77793e-60	2.78795e-61	2.64022e-62	2.36971e-63	2.02365e-64	1.64991e-65	1.28826e-66	9.65984e-68	6.97338e-69	4.85743e-70	3.27155e-71	2.13451e-72	1.35142e-73	8.31588e-75	4.98067e-76	2.90743e-77	1.65619e-78	9.217e-80	5.0166e-81	2.67302e-82	1.39563e-83	7.14635e-85	3.5917e-86	1.77315e-87	8.60454e-89	4.10712e-90	1.92952e-91	8.92725e-93	4.06993e-94	1.82931e-95	8.11022e-97	3.54838e-98	1.53276e-99	6.53805e-101	0	
0	0	0	0	0	0	0	0	0	0	0	0	0	0	0	0	0	0	0	0	0	0	0	0	0	0	0	0	0	0	5.78278e-74	3.428e-71	9.39642e-69	1.57805e-66	1.81349e-64	1.50834e-62	9.36458e-61	4.41207e-59	1.5885e-57	4.37096e-56	9.15042e-55	1.44849e-53	1.72808e-52	1.55373e-51	1.02803e-50	4.37374e-50	8.46814e-50	2.31169e-49	1.11634e-48	3.80828e-48	3.32845e-48	1.66277e-48	6.21597e-49	2.20654e-49	7.91196e-50	2.62313e-50	7.51845e-51	1.83847e-51	3.87573e-52	7.15722e-53	1.17559e-53	1.74025e-54	2.34754e-55	2.91265e-56	3.35e-57	3.59575e-58	3.62267e-59	3.44306e-60	3.10064e-61	2.65607e-62	2.17178e-63	1.70029e-64	1.27813e-65	9.24818e-67	6.45596e-68	4.35699e-69	2.8481e-70	1.80641e-71	1.11342e-72	6.67914e-74	3.90466e-75	2.22736e-76	1.2412e-77	6.764e-79	3.60836e-80	1.88609e-81	9.66813e-83	4.86406e-84	2.40361e-85	1.16748e-86	5.57754e-88	2.62253e-89	1.21434e-90	5.54049e-92	2.49213e-93	1.10568e-94	4.84089e-96	2.09246e-97	8.93099e-99	0	
0	0	0	0	0	0	0	0	0	0	0	0	0	0	0	0	0	0	0	0	0	0	0	0	0	0	0	0	0	1.59214e-73	1.01475e-70	3.00712e-68	5.49473e-66	6.92148e-64	6.36515e-62	4.41428e-60	2.35137e-58	9.70829e-57	3.11416e-55	7.73875e-54	1.48025e-52	2.16328e-51	2.40438e-50	2.02759e-49	1.26318e-48	5.10198e-48	9.89242e-48	2.69326e-47	1.23295e-46	3.9727e-46	3.44613e-46	1.72168e-46	6.49102e-47	2.35483e-47	8.64397e-48	2.91196e-48	8.43138e-49	2.077e-49	4.4061e-50	8.1837e-51	1.35157e-51	2.01122e-52	2.72654e-53	3.39871e-54	3.92617e-55	4.23139e-56	4.27923e-57	4.08137e-58	3.68743e-59	3.16825e-60	2.5978e-61	2.03909e-62	1.53649e-63	1.11425e-64	7.79451e-66	5.27057e-67	3.45154e-68	2.19287e-69	1.35378e-70	8.13318e-72	4.76142e-73	2.7197e-74	1.51747e-75	8.27941e-77	4.42177e-78	2.31375e-79	1.18724e-80	5.97886e-82	2.95724e-83	1.43766e-84	6.87412e-86	3.2348e-87	1.49901e-88	6.84441e-90	3.08085e-91	1.36781e-92	5.99254e-94	2.59191e-95	1.10693e-96	0	
0	0	0	0	0	0	0	0	0	0	0	0	0	0	0	0	0	0	0	0	0	0	0	0	0	0	0	0	3.98967e-73	2.72043e-70	8.66632e-68	1.71167e-65	2.34536e-63	2.36345e-61	1.81155e-59	1.07732e-57	5.02532e-56	1.84673e-54	5.34233e-53	1.2106e-51	2.13221e-50	2.89464e-49	3.01197e-48	2.39194e-47	1.40868e-46	5.42426e-46	1.05269e-45	2.85097e-45	1.24048e-44	3.78934e-44	3.26303e-44	1.63073e-44	6.20386e-45	2.30059e-45	8.63694e-46	2.95319e-46	8.6323e-47	2.14166e-47	4.57139e-48	8.53974e-49	1.41814e-49	2.12136e-50	2.89011e-51	3.61939e-52	4.19924e-53	4.54392e-54	4.61242e-55	4.41428e-56	4.00087e-57	3.44763e-58	2.83454e-59	2.23049e-60	1.68461e-61	1.2243e-62	8.58157e-64	5.81363e-65	3.81383e-66	2.42701e-67	1.50063e-68	9.02842e-70	5.29271e-71	3.02705e-72	1.691e-73	9.23682e-75	4.93847e-76	2.58679e-77	1.32865e-78	6.69729e-80	3.31556e-81	1.61323e-82	7.71995e-84	3.63568e-85	1.68605e-86	7.70398e-88	3.47017e-89	1.54169e-90	6.75869e-92	2.9251e-93	1.24995e-94	0	
0	0	0	0	0	0	0	0	0	0	0	0	0	0	0	0	0	0	0	0	0	0	0	0	0	0	0	9.13371e-73	6.6343e-70	2.26081e-67	4.79946e-65	7.10711e-63	7.78874e-61	6.53994e-59	4.29696e-57	2.23665e-55	9.27987e-54	3.07261e-52	8.09488e-51	1.68603e-49	2.75211e-48	3.48887e-47	3.41291e-46	2.56141e-45	1.43096e-44	5.27226e-44	1.02349e-43	2.75123e-43	1.14041e-42	3.31363e-42	2.83305e-42	1.41668e-42	5.44145e-43	2.06301e-43	7.91401e-44	2.74389e-44	8.09267e-45	2.02167e-45	4.34181e-46	8.15794e-47	1.36226e-47	2.04851e-48	2.80474e-49	3.52879e-50	4.11177e-51	4.46698e-52	4.55095e-53	4.37015e-54	3.97317e-55	3.43356e-56	2.83041e-57	2.23267e-58	1.69006e-59	1.23083e-60	8.64408e-62	5.86659e-63	3.85509e-64	2.45715e-65	1.52152e-66	9.16692e-68	5.38098e-69	3.08136e-70	1.72337e-71	9.42409e-73	5.04392e-74	2.64469e-75	1.35969e-76	6.86e-78	3.39907e-79	1.65525e-80	7.92735e-82	3.73621e-83	1.73395e-84	7.92844e-86	3.57371e-87	1.58873e-88	6.96929e-90	3.01809e-91	1.29042e-92	0	
0	0	0	0	0	0	0	0	0	0	0	0	0	0	0	0	0	0	0	0	0	0	0	0	0	0	1.9165e-72	1.47724e-69	5.36199e-67	1.21752e-64	1.93756e-62	2.29438e-60	2.09467e-58	1.50725e-56	8.66484e-55	4.00979e-53	1.49802e-51	4.5132e-50	1.09158e-48	2.10364e-47	3.1997e-46	3.80468e-45	3.51169e-44	2.49845e-43	1.32814e-42	4.69715e-42	9.1151e-42	2.42721e-41	9.60459e-41	2.66233e-40	2.2604e-40	1.13132e-40	4.38985e-41	1.70184e-41	6.66519e-42	2.34127e-42	6.96429e-43	1.75158e-43	3.78489e-44	7.15319e-45	1.20118e-45	1.81589e-46	2.49866e-47	3.15827e-48	3.69581e-49	4.03091e-50	4.12154e-51	3.97093e-52	3.62121e-53	3.13816e-54	2.59356e-55	2.0507e-56	1.55573e-57	1.1353e-58	7.98832e-60	5.4311e-61	3.5748e-62	2.28201e-63	1.41512e-64	8.53747e-66	5.01793e-67	2.87695e-68	1.61089e-69	8.81861e-71	4.72474e-72	2.47977e-73	1.2761e-74	6.44403e-76	3.19569e-77	1.55748e-78	7.46499e-80	3.52096e-81	1.63523e-82	7.48227e-84	3.37486e-85	1.5013e-86	6.58986e-88	2.85549e-89	1.22159e-90	0	
0	0	0	0	0	0	0	0	0	0	0	0	0	0	0	0	0	0	0	0	0	0	0	0	0	3.69572e-72	3.01283e-69	1.16041e-66	2.80623e-64	4.77612e-62	6.07724e-60	5.99404e-58	4.68859e-56	2.95111e-54	1.50778e-52	6.27997e-51	2.13353e-49	5.8964e-48	1.31808e-46	2.36345e-45	3.36548e-44	3.76803e-43	3.29187e-42	2.22632e-41	1.1292e-40	3.84406e-40	7.45156e-40	1.96227e-39	7.42634e-39	1.96894e-38	1.66041e-38	8.32015e-39	3.26348e-39	1.29389e-39	5.16934e-40	1.8383e-40	5.51304e-41	1.39587e-41	3.03492e-42	5.76987e-43	9.74392e-44	1.48096e-44	2.04802e-45	2.60069e-46	3.05632e-47	3.34647e-48	3.43395e-49	3.31929e-50	3.03603e-51	2.63826e-52	2.18593e-53	1.73241e-54	1.31709e-55	9.63072e-57	6.789e-58	4.62367e-59	3.04825e-60	1.94882e-61	1.21022e-62	7.31105e-64	4.3025e-65	2.46971e-66	1.38442e-67	7.58698e-69	4.06901e-70	2.13768e-71	1.10108e-72	5.56512e-74	2.76216e-75	1.34729e-76	6.46254e-78	3.05041e-79	1.41771e-80	6.49146e-82	2.92991e-83	1.3042e-84	5.72826e-86	2.48363e-87	1.0631e-88	0	
0	0	0	0	0	0	0	0	0	0	0	0	0	0	0	0	0	0	0	0	0	0	0	0	6.56477e-72	5.64315e-69	2.29859e-66	5.89794e-64	1.069e-61	1.45455e-59	1.54137e-57	1.30233e-55	8.90901e-54	4.98241e-52	2.29041e-50	8.67158e-49	2.70097e-47	6.8939e-46	1.43241e-44	2.40129e-43	3.21404e-42	3.3996e-41	2.81898e-40	1.8167e-39	8.81322e-39	2.89495e-38	5.6015e-38	1.45656e-37	5.28102e-37	1.34235e-36	1.12458e-36	5.64377e-37	2.23916e-37	9.08045e-38	3.69785e-38	1.33041e-38	4.02156e-39	1.02503e-39	2.24261e-40	4.28931e-41	7.28542e-42	1.11332e-42	1.54738e-43	1.97409e-44	2.32983e-45	2.56092e-46	2.63718e-47	2.55737e-48	2.34605e-49	2.0442e-50	1.69792e-51	1.34873e-52	1.02756e-53	7.52839e-55	5.31667e-56	3.62708e-57	2.39502e-58	1.53348e-59	9.53622e-61	5.76851e-62	3.39895e-63	1.95335e-64	1.0962e-65	6.01379e-67	3.22854e-68	1.69777e-69	8.7529e-71	4.42782e-72	2.19953e-73	1.07372e-74	5.1543e-76	2.43472e-77	1.13237e-78	5.18852e-80	2.34339e-81	1.04379e-82	4.58734e-84	1.99015e-85	8.52347e-87	0	
0	0	0	0	0	0	0	0	0	0	0	0	0	0	0	0	0	0	0	0	0	0	0	1.07623e-71	9.72889e-69	4.17835e-66	1.13376e-63	2.18017e-61	3.15884e-59	3.57915e-57	3.24864e-55	2.40012e-53	1.45857e-51	7.33757e-50	3.06518e-48	1.06353e-46	3.05776e-45	7.24933e-44	1.4069e-42	2.21413e-41	2.79533e-40	2.80149e-39	2.2103e-38	1.36028e-37	6.32548e-37	2.00918e-36	3.87754e-36	9.94287e-36	3.45884e-35	8.44656e-35	7.03135e-35	3.53537e-35	1.41974e-35	5.88961e-36	2.44294e-36	8.88701e-37	2.70714e-37	6.9462e-38	1.52942e-38	2.94328e-39	5.02856e-40	7.72671e-41	1.0794e-41	1.38348e-42	1.63974e-43	1.80937e-44	1.86981e-45	1.81903e-46	1.6736e-47	1.46217e-48	1.21747e-49	9.69275e-51	7.40006e-52	5.43212e-53	3.84315e-54	2.62624e-55	1.73687e-56	1.11372e-57	6.93546e-59	4.20078e-60	2.47826e-61	1.42591e-62	8.01089e-64	4.39946e-65	2.36425e-66	1.24447e-67	6.42177e-69	3.25143e-70	1.61651e-71	7.89753e-73	3.79409e-74	1.79354e-75	8.34765e-77	3.82753e-78	1.72986e-79	7.7101e-81	3.39062e-82	1.47186e-83	6.30729e-85	0	
0	0	0	0	0	0	0	0	0	0	0	0	0	0	0	0	0	0	0	0	0	0	1.63101e-71	1.54672e-68	6.98535e-66	1.9984e-63	4.06351e-61	6.24599e-59	7.53528e-57	7.31225e-55	5.80277e-53	3.80789e-51	2.08119e-49	9.51192e-48	3.64043e-46	1.16551e-44	3.11105e-43	6.88465e-42	1.25324e-40	1.85823e-39	2.21962e-38	2.11316e-37	1.58977e-36	9.36129e-36	4.18081e-35	1.28654e-34	2.47454e-34	6.24981e-34	2.08883e-33	4.90997e-33	4.06221e-33	2.04713e-33	8.32684e-34	3.53393e-34	1.49199e-34	5.48528e-35	1.68361e-35	4.34914e-36	9.63844e-37	1.86656e-37	3.20813e-38	4.95706e-39	6.9605e-40	8.96329e-41	1.06688e-41	1.1818e-42	1.22556e-43	1.19608e-44	1.10364e-45	9.66779e-47	8.06946e-48	6.43882e-49	4.92598e-50	3.62294e-51	2.56776e-52	1.75762e-53	1.16423e-54	7.47622e-56	4.6621e-57	2.8275e-58	1.67015e-59	9.62071e-61	5.41102e-62	2.97479e-63	1.60026e-64	8.43135e-66	4.35481e-67	2.20684e-68	1.09811e-69	5.36921e-71	2.58147e-72	1.22123e-73	5.68808e-75	2.60991e-76	1.18035e-77	5.26433e-79	2.31652e-80	1.00621e-81	4.31435e-83	0	
0	0	0	0	0	0	0	0	0	0	0	0	0	0	0	0	0	0	0	0	0	2.2879e-71	2.27109e-68	1.07595e-65	3.23672e-63	6.93873e-61	1.12772e-58	1.44322e-56	1.49105e-54	1.26491e-52	8.91476e-51	5.26052e-49	2.61161e-47	1.09332e-45	3.85996e-44	1.14691e-42	2.85627e-41	5.92514e-40	1.01538e-38	1.42293e-37	1.61244e-36	1.46157e-35	1.05049e-34	5.92888e-34	2.54751e-33	7.60738e-33	1.45713e-32	3.62094e-32	1.16414e-31	2.63846e-31	2.16997e-31	1.09649e-31	4.52086e-32	1.96307e-32	8.43017e-33	3.13095e-33	9.68222e-34	2.51831e-34	5.61837e-35	1.09509e-35	1.8937e-36	2.94272e-37	4.15355e-38	5.37398e-39	6.42391e-40	7.14337e-41	7.43381e-42	7.27805e-43	6.73503e-44	5.91539e-45	4.94941e-46	3.95807e-47	3.03436e-48	2.23597e-49	1.58758e-50	1.0885e-51	7.22137e-53	4.6441e-54	2.90003e-55	1.76113e-56	1.04155e-57	6.00681e-59	3.38222e-60	1.86141e-61	1.00234e-62	5.28623e-64	2.7329e-65	1.38616e-66	6.90333e-68	3.37817e-69	1.62548e-70	7.69562e-72	3.58701e-73	1.64703e-74	7.4539e-76	3.32664e-77	1.4648e-78	6.36653e-80	2.73138e-81	0	
0	0	0	0	0	0	0	0	0	0	0	0	0	0	0	0	0	0	0	0	2.97373e-71	3.08369e-68	1.52918e-65	4.82546e-63	1.08771e-60	1.86367e-58	2.5217e-56	2.76347e-54	2.49573e-52	1.88013e-50	1.19139e-48	6.38504e-47	2.90303e-45	1.12085e-43	3.67153e-42	1.01748e-40	2.37429e-39	4.6341e-38	7.50004e-37	9.96131e-36	1.07341e-34	9.28232e-34	6.3848e-33	3.45918e-32	1.43224e-31	4.15648e-31	7.92197e-31	1.93501e-30	5.99081e-30	1.31123e-29	1.07227e-29	5.43528e-30	2.27326e-30	1.01002e-30	4.40915e-31	1.65367e-31	5.15221e-32	1.34949e-32	3.03146e-33	5.94805e-34	1.03503e-34	1.61771e-35	2.29539e-36	2.98401e-37	3.58236e-38	3.99904e-39	4.17623e-40	4.10172e-41	3.80666e-42	3.35224e-43	2.81162e-44	2.2535e-45	1.73116e-46	1.27811e-47	9.09108e-49	6.24362e-50	4.14867e-51	2.67198e-52	1.67086e-53	1.01602e-54	6.01637e-56	3.47386e-57	1.95822e-58	1.07887e-59	5.81558e-61	3.07009e-62	1.58869e-63	8.06533e-65	4.02019e-66	1.96894e-67	9.48165e-69	4.49245e-70	2.09555e-71	9.629e-73	4.36083e-74	1.94753e-75	8.58111e-77	3.73202e-78	1.60207e-79	0	
0	0	0	0	0	0	0	0	0	0	0	0	0	0	0	0	0	0	0	3.58421e-71	3.87562e-68	2.00767e-65	6.63114e-63	1.56789e-60	2.82457e-58	4.02895e-56	4.66793e-54	4.47134e-52	3.58563e-50	2.42847e-48	1.39746e-46	6.85796e-45	2.87518e-43	1.02976e-41	3.14528e-40	8.16463e-39	1.79183e-37	3.30117e-36	5.06016e-35	6.38524e-34	6.55676e-33	5.41892e-32	3.57256e-31	1.86059e-30	7.4336e-30	2.09921e-29	3.97796e-29	9.54216e-29	2.84768e-28	6.02763e-28	4.90228e-28	2.49401e-28	1.05897e-28	4.81456e-29	2.13526e-29	8.0848e-30	2.53794e-30	6.69545e-31	1.51477e-31	2.99255e-32	5.24094e-33	8.23973e-34	1.17541e-34	1.53542e-35	1.85129e-36	2.07469e-37	2.17424e-38	2.14227e-39	1.99394e-40	1.76057e-41	1.48024e-42	1.18907e-43	9.15353e-45	6.77112e-46	4.82491e-47	3.31928e-48	2.20905e-49	1.42488e-50	8.92273e-52	5.433e-53	3.22126e-54	1.86221e-55	1.05094e-56	5.79645e-58	3.12781e-59	1.65285e-60	8.56131e-62	4.35037e-63	2.17038e-64	1.06389e-65	5.12748e-67	2.43136e-68	1.13501e-69	5.21919e-71	2.36538e-72	1.05711e-73	4.6609e-75	2.0284e-76	8.71278e-78	0	
0	0	0	0	0	0	0	0	0	0	0	0	0	0	0	0	0	0	4.00823e-71	4.51183e-68	2.43711e-65	8.40864e-63	2.08093e-60	3.9322e-58	5.89712e-56	7.20221e-54	7.29334e-52	6.20292e-50	4.47163e-48	2.74999e-46	1.44889e-44	6.55565e-43	2.54912e-41	8.51136e-40	2.43451e-38	5.94169e-37	1.23039e-35	2.14584e-34	3.12303e-33	3.75227e-32	3.67859e-31	2.9102e-30	1.84141e-29	9.22997e-29	3.56284e-28	9.80131e-28	1.84519e-27	4.34309e-27	1.25042e-26	2.56291e-26	2.0736e-26	1.05935e-26	4.57037e-27	2.12632e-27	9.57534e-28	3.65934e-28	1.1575e-28	3.07643e-29	7.0115e-30	1.39501e-30	2.45928e-31	3.88981e-32	5.57913e-33	7.32352e-34	8.86886e-35	9.97822e-36	1.04942e-36	1.03731e-37	9.68308e-39	8.57265e-40	7.22535e-41	5.81725e-42	4.48759e-43	3.32609e-44	2.37442e-45	1.63627e-46	1.09073e-47	7.04611e-49	4.41869e-50	2.69418e-51	1.59946e-52	9.25787e-54	5.23082e-55	2.8883e-56	1.56022e-57	8.25331e-59	4.2792e-60	2.17651e-61	1.08684e-62	5.3322e-64	2.57207e-65	1.22063e-66	5.70261e-68	2.62427e-69	1.19022e-70	5.32299e-72	2.34858e-73	1.02277e-74	4.39599e-76	0	
0	0	0	0	0	0	0	0	0	0	0	0	0	0	0	0	0	4.16029e-71	4.86753e-68	2.73703e-65	9.8468e-63	2.54551e-60	5.03441e-58	7.91916e-56	1.01684e-53	1.0854e-51	9.75852e-50	7.4605e-48	4.88318e-46	2.74933e-44	1.33538e-42	5.60317e-41	2.03084e-39	6.34879e-38	1.70696e-36	3.92976e-35	7.7006e-34	1.27456e-32	1.76517e-31	2.02324e-30	1.89684e-29	1.43847e-28	8.74591e-28	4.22381e-27	1.577e-26	4.23029e-26	7.90552e-26	1.82439e-25	5.07124e-25	1.00768e-24	8.11278e-25	4.16445e-25	1.82714e-25	8.69891e-26	3.97562e-26	1.53325e-26	4.88768e-27	1.30912e-27	3.00655e-28	6.02582e-29	1.06954e-29	1.70213e-30	2.45491e-31	3.23847e-32	3.93925e-33	4.44966e-34	4.69654e-35	4.65744e-36	4.3605e-37	3.8709e-38	3.27067e-39	2.63933e-40	2.0404e-41	1.51531e-42	1.08375e-43	7.48149e-45	4.99532e-46	3.23199e-47	2.02979e-48	1.23934e-49	7.36738e-51	4.26971e-52	2.41535e-53	1.33522e-54	7.22064e-56	3.82363e-57	1.9845e-58	1.01035e-59	5.04993e-61	2.4798e-62	1.19722e-63	5.68639e-65	2.65877e-66	1.22449e-67	5.55782e-69	2.48743e-70	1.09827e-71	4.78612e-73	2.05846e-74	0	
0	0	0	0	0	0	0	0	0	0	0	0	0	0	0	0	4.00823e-71	4.86753e-68	2.84487e-65	1.06543e-62	2.87187e-60	5.93305e-58	9.7678e-56	1.31549e-53	1.47624e-51	1.39897e-49	1.13056e-47	7.84725e-46	4.70196e-44	2.44028e-42	1.09906e-40	4.29792e-39	1.45828e-37	4.28442e-36	1.08635e-34	2.36602e-33	4.39854e-32	6.92475e-31	9.14397e-30	1.00158e-28	8.99293e-28	6.5454e-27	3.82801e-26	1.78293e-25	6.44487e-25	1.68721e-24	3.12743e-24	7.0709e-24	1.89884e-23	3.66176e-23	2.93442e-23	1.51448e-23	6.76364e-24	3.29528e-24	1.52772e-24	5.94523e-25	1.91039e-25	5.15815e-26	1.19413e-26	2.41156e-27	4.3104e-28	6.90337e-29	1.00129e-29	1.32757e-30	1.62214e-31	1.83973e-32	1.94888e-33	1.93903e-34	1.82087e-35	1.62087e-36	1.37301e-37	1.11057e-38	8.60429e-40	6.40298e-41	4.58816e-42	3.17302e-43	2.12217e-44	1.37524e-45	8.64996e-47	5.28901e-48	3.1484e-49	1.827e-50	1.03481e-51	5.72726e-53	3.10072e-54	1.64375e-55	8.54014e-57	4.35233e-58	2.17749e-59	1.07027e-60	5.17175e-62	2.45855e-63	1.1505e-64	5.3029e-66	2.40881e-67	1.07889e-68	4.76712e-70	2.07892e-71	8.94724e-73	0	
0	0	0	0	0	0	0	0	0	0	0	0	0	0	0	3.58421e-71	4.51183e-68	2.73703e-65	1.06543e-62	2.98957e-60	6.43991e-58	1.10747e-55	1.561e-53	1.8373e-51	1.83043e-49	1.55912e-47	1.14389e-45	7.26786e-44	4.01396e-42	1.93151e-40	8.10669e-39	2.96734e-37	9.46064e-36	2.62085e-34	6.28533e-33	1.29835e-31	2.29508e-30	3.44368e-29	4.34331e-28	4.55326e-27	3.92046e-26	2.74163e-25	1.54373e-24	6.93986e-24	2.43084e-23	6.21492e-23	1.14173e-22	2.52714e-22	6.55988e-22	1.22888e-21	9.80542e-22	5.09177e-22	2.31688e-22	1.15513e-22	5.43018e-23	2.13226e-23	6.90842e-24	1.88109e-24	4.3913e-25	8.93867e-26	1.60929e-26	2.59418e-27	3.78456e-28	5.04369e-29	6.19119e-30	7.05063e-31	7.49668e-32	7.48391e-33	7.0494e-34	6.29278e-35	5.34431e-36	4.33319e-37	3.36469e-38	2.5091e-39	1.80146e-40	1.24812e-41	8.3621e-43	5.42783e-44	3.41931e-45	2.09383e-46	1.24815e-47	7.25267e-49	4.11315e-50	2.27926e-51	1.23544e-52	6.55666e-54	3.41021e-55	1.73976e-56	8.71281e-58	4.28661e-59	2.0733e-60	9.8649e-62	4.62036e-63	2.13141e-64	9.68964e-66	4.34335e-67	1.92058e-68	8.38174e-70	3.60982e-71	0	
0	0	0	0	0	0	0	0	0	0	0	0	0	0	2.97373e-71	3.87562e-68	2.43711e-65	9.8468e-63	2.87187e-60	6.43991e-58	1.15475e-55	1.70016e-53	2.09431e-51	2.18832e-49	1.95951e-47	1.51522e-45	1.01756e-43	5.95891e-42	3.05117e-40	1.36811e-38	5.37413e-37	1.84821e-35	5.55531e-34	1.45533e-32	3.30957e-31	6.4989e-30	1.09456e-28	1.56807e-27	1.89195e-26	1.90086e-25	1.5713e-24	1.05677e-23	5.7333e-23	2.48945e-22	8.4557e-22	2.11258e-21	3.8433e-21	8.32205e-21	2.08901e-20	3.80492e-20	3.02395e-20	1.58117e-20	7.33785e-21	3.74375e-21	1.78383e-21	7.06805e-22	2.30977e-22	6.34526e-23	1.4943e-23	3.06686e-24	5.56299e-25	9.02782e-26	1.32489e-26	1.77503e-27	2.18913e-28	2.50353e-29	2.67203e-30	2.67667e-31	2.5292e-32	2.26426e-33	1.9281e-34	1.56718e-35	1.2197e-36	9.11509e-38	6.55757e-39	4.55197e-40	3.05519e-41	1.98649e-42	1.25342e-43	7.68712e-45	4.58904e-46	2.67028e-47	1.51639e-48	8.4136e-50	4.56601e-51	2.42608e-52	1.26326e-53	6.45161e-55	3.23435e-56	1.59285e-57	7.71158e-59	3.67263e-60	1.72167e-61	7.94911e-63	3.61679e-64	1.62253e-65	7.18029e-67	3.13599e-68	1.35157e-69	0	
0	0	0	0	0	0	0	0	0	0	0	0	0	2.2879e-71	3.08369e-68	2.00767e-65	8.40864e-63	2.54551e-60	5.93305e-58	1.10747e-55	1.70016e-53	2.18761e-51	2.39226e-49	2.24665e-47	1.82627e-45	1.29259e-43	8.00038e-42	4.34337e-40	2.07219e-38	8.69538e-37	3.20887e-35	1.04028e-33	2.95648e-32	7.34304e-31	1.58709e-29	2.96863e-28	4.77231e-27	6.53797e-26	7.55673e-25	7.285e-24	5.7872e-23	3.74615e-22	1.95954e-21	8.22289e-21	2.71004e-20	6.61961e-20	1.19162e-19	2.52235e-19	6.12493e-19	1.08553e-18	8.5962e-19	4.52985e-19	2.1463e-19	1.12053e-19	5.40998e-20	2.16326e-20	7.13326e-21	1.97804e-21	4.70135e-22	9.73229e-23	1.77913e-23	2.90727e-24	4.2928e-25	5.78257e-26	7.16611e-27	8.23082e-28	8.81912e-29	8.86576e-30	8.40443e-31	7.54645e-32	6.44377e-33	5.25094e-34	4.09643e-35	3.06817e-36	2.21192e-37	1.53844e-38	1.0345e-39	6.73815e-41	4.25871e-42	2.61598e-43	1.56405e-44	9.11408e-46	5.18281e-47	2.87945e-48	1.56464e-49	8.32357e-51	4.33911e-52	2.21852e-53	1.1134e-54	5.48897e-56	2.66007e-57	1.26808e-58	5.95009e-60	2.74968e-61	1.25217e-62	5.62211e-64	2.49002e-65	1.08838e-66	4.69426e-68	0	
0	0	0	0	0	0	0	0	0	0	0	0	1.63101e-71	2.27109e-68	1.52918e-65	6.63114e-63	2.08093e-60	5.03441e-58	9.7678e-56	1.561e-53	2.09431e-51	2.39226e-49	2.35127e-47	2.00455e-45	1.49144e-43	9.7287e-42	5.58212e-40	2.82355e-38	1.2606e-36	4.96913e-35	1.72845e-33	5.2975e-32	1.42721e-30	3.36846e-29	6.93355e-28	1.23759e-26	1.90202e-25	2.49533e-24	2.76628e-23	2.56152e-22	1.95722e-21	1.22025e-20	6.15725e-20	2.49816e-19	7.99266e-19	1.90944e-18	3.3984e-18	7.02676e-18	1.65094e-17	2.84912e-17	2.24902e-17	1.19553e-17	5.78977e-18	3.09299e-18	1.5127e-18	6.10541e-19	2.03246e-19	5.69217e-20	1.36611e-20	2.85358e-21	5.25891e-22	8.65539e-23	1.28614e-23	1.7422e-24	2.16981e-25	2.50333e-26	2.69307e-27	2.71724e-28	2.58449e-29	2.3278e-30	1.99334e-31	1.62865e-32	1.27371e-33	9.56204e-35	6.90853e-36	4.81492e-37	3.24397e-38	2.11683e-39	1.34023e-40	8.24624e-42	4.93806e-43	2.88185e-44	1.64115e-45	9.13042e-47	4.96783e-48	2.64613e-49	1.38111e-50	7.06966e-52	3.55199e-53	1.75299e-54	8.50419e-56	4.05809e-57	1.90599e-58	8.81627e-60	4.01846e-61	1.80582e-62	8.00469e-64	3.50168e-65	1.51147e-66	0	
0	0	0	0	0	0	0	0	0	0	0	1.07623e-71	1.54672e-68	1.07595e-65	4.82546e-63	1.56789e-60	3.9322e-58	7.91916e-56	1.31549e-53	1.8373e-51	2.18832e-49	2.24665e-47	2.00455e-45	1.56418e-43	1.07256e-41	6.48571e-40	3.46712e-38	1.64107e-36	6.88219e-35	2.55688e-33	8.4075e-32	2.44243e-30	6.25203e-29	1.40505e-27	2.75931e-26	4.70745e-25	6.92631e-24	8.71267e-23	9.27384e-22	8.2558e-21	6.07177e-20	3.64798e-19	1.77636e-18	6.97058e-18	2.1658e-17	5.06187e-17	8.89991e-17	1.79614e-16	4.08362e-16	6.86641e-16	5.40546e-16	2.9017e-16	1.43797e-16	7.86014e-17	3.89323e-17	1.58652e-17	5.33498e-18	1.51001e-18	3.66142e-19	7.72078e-20	1.43494e-20	2.37935e-21	3.55881e-22	4.84876e-23	6.07006e-24	7.03553e-25	7.60048e-26	7.69789e-27	7.34733e-28	6.63887e-29	5.7019e-30	4.67161e-31	3.66294e-32	2.75651e-33	1.9961e-34	1.39417e-35	9.41202e-37	6.15354e-38	3.90309e-39	2.40567e-40	1.44295e-41	8.43433e-43	4.81037e-44	2.68006e-45	1.46022e-46	7.78813e-48	4.07006e-49	2.08592e-50	1.04925e-51	5.1841e-53	2.51766e-54	1.20265e-55	5.65423e-57	2.61794e-58	1.19438e-59	5.37219e-61	2.38343e-62	1.04353e-63	4.50792e-65	0	
0	0	0	0	0	0	0	0	0	0	6.56477e-72	9.72889e-69	6.98535e-66	3.23672e-63	1.08771e-60	2.82457e-58	5.89712e-56	1.01684e-53	1.47624e-51	1.83043e-49	1.95951e-47	1.82627e-45	1.49144e-43	1.07256e-41	6.81773e-40	3.84092e-38	1.92131e-36	8.54194e-35	3.3761e-33	1.18563e-31	3.69496e-30	1.01977e-28	2.48526e-27	5.3279e-26	9.99872e-25	1.63271e-23	2.30275e-22	2.78037e-21	2.84414e-20	2.436e-19	1.72546e-18	9.99426e-18	4.69765e-17	1.78321e-16	5.38186e-16	1.23077e-15	2.13598e-15	4.20406e-15	9.24896e-15	1.51606e-14	1.19087e-14	6.46324e-15	3.28152e-15	1.83526e-15	9.20483e-16	3.7887e-16	1.28783e-16	3.68646e-17	9.03683e-18	1.92465e-18	3.60879e-19	6.03054e-20	9.08167e-21	1.24483e-21	1.56676e-22	1.82472e-23	1.97984e-24	2.01319e-25	1.92851e-26	1.74841e-27	1.50633e-28	1.23772e-29	9.73105e-31	7.34159e-32	5.32902e-33	3.73041e-34	2.52375e-35	1.65334e-36	1.05069e-37	6.48765e-39	3.89809e-40	2.28226e-41	1.30369e-42	7.27431e-44	3.96907e-45	2.11984e-46	1.10928e-47	5.69231e-49	2.8668e-50	1.41809e-51	6.89469e-53	3.29707e-54	1.55174e-55	7.1919e-57	3.28435e-58	1.47866e-59	6.56622e-61	2.87739e-62	1.24404e-63	0	
0	0	0	0	0	0	0	0	0	3.69572e-72	5.64315e-69	4.17835e-66	1.9984e-63	6.93873e-61	1.86367e-58	4.02895e-56	7.20221e-54	1.0854e-51	1.39897e-49	1.55912e-47	1.51522e-45	1.29259e-43	9.7287e-42	6.48571e-40	3.84092e-38	2.02478e-36	9.51333e-35	3.98601e-33	1.48912e-31	4.95611e-30	1.46725e-28	3.85498e-27	8.96084e-26	1.83547e-24	3.29635e-23	5.15849e-22	6.98156e-21	8.09876e-20	7.96791e-19	6.57001e-18	4.48397e-17	2.50461e-16	1.13651e-15	4.17342e-15	1.22363e-14	2.73828e-14	4.68672e-14	8.98832e-14	1.91317e-13	3.05852e-13	2.39859e-13	1.31792e-13	6.8643e-14	3.92771e-14	1.99462e-14	8.29637e-15	2.85291e-15	8.26616e-16	2.04999e-16	4.41218e-17	8.35012e-18	1.40675e-18	2.13365e-19	2.94308e-20	3.72503e-21	4.36027e-22	4.75259e-23	4.85279e-24	4.66647e-25	4.24562e-26	3.66975e-27	3.02456e-28	2.3847e-29	1.80394e-30	1.31271e-31	9.21091e-33	6.24541e-34	4.10009e-35	2.6108e-36	1.61516e-37	9.72222e-39	5.70199e-40	3.2625e-41	1.82327e-42	9.96319e-44	5.32889e-45	2.79239e-46	1.43482e-47	7.23531e-49	3.58338e-50	1.74428e-51	8.35064e-53	3.93444e-54	1.82543e-55	8.34472e-57	3.76058e-58	1.67153e-59	7.33155e-61	3.17253e-62	0	
0	0	0	0	0	0	0	0	1.9165e-72	3.01283e-69	2.29859e-66	1.13376e-63	4.06351e-61	1.12772e-58	2.5217e-56	4.66793e-54	7.29334e-52	9.75852e-50	1.13056e-47	1.14389e-45	1.01756e-43	8.00038e-42	5.58212e-40	3.46712e-38	1.92131e-36	9.51333e-35	4.2124e-33	1.66823e-31	5.90621e-30	1.86724e-28	5.26208e-27	1.31854e-25	2.92806e-24	5.73866e-23	9.87508e-22	1.48261e-20	1.92733e-19	2.14969e-18	2.03543e-17	1.61653e-16	1.06337e-15	5.72862e-15	2.5094e-14	8.91325e-14	2.53864e-13	5.55894e-13	9.37505e-13	1.75029e-12	3.60333e-12	5.62023e-12	4.40337e-12	2.45308e-12	1.31246e-12	7.68297e-13	3.95052e-13	1.66153e-13	5.78569e-14	1.69841e-14	4.26457e-15	9.28143e-16	1.77379e-16	3.01396e-17	4.60571e-18	6.39512e-19	8.14216e-20	9.58135e-21	1.04938e-21	1.07622e-22	1.03908e-23	9.4889e-25	8.23019e-26	6.80505e-27	5.38154e-28	4.08241e-29	2.97859e-30	2.09521e-31	1.42399e-32	9.36923e-34	5.97861e-35	3.70603e-36	2.23504e-37	1.3132e-38	7.5267e-40	4.21327e-41	2.30596e-42	1.23522e-43	6.48198e-45	3.33526e-46	1.68409e-47	8.3513e-49	4.07014e-50	1.95086e-51	9.20198e-53	4.27404e-54	1.95589e-55	8.82328e-57	3.9257e-58	1.7235e-59	7.46471e-61	0	
0	0	0	0	0	0	0	9.13371e-73	1.47724e-69	1.16041e-66	5.89794e-64	2.18017e-61	6.24599e-59	1.44322e-56	2.76347e-54	4.47134e-52	6.20292e-50	7.4605e-48	7.84725e-46	7.26786e-44	5.95891e-42	4.34337e-40	2.82355e-38	1.64107e-36	8.54194e-35	3.98601e-33	1.66823e-31	6.26096e-30	2.10553e-28	6.33619e-27	1.70284e-25	4.07597e-24	8.65966e-23	1.62597e-21	2.68387e-20	3.86949e-19	4.83532e-18	5.18888e-17	4.73068e-16	3.61994e-15	2.29552e-14	1.19269e-13	5.0425e-13	1.73192e-12	4.79077e-12	1.02634e-11	1.70399e-11	3.09376e-11	6.15732e-11	9.37238e-11	7.34177e-11	4.15387e-11	2.28617e-11	1.36909e-11	7.12862e-12	3.03411e-12	1.07104e-12	3.18886e-13	8.11405e-14	1.787e-14	3.45073e-15	5.9165e-16	9.11295e-17	1.27423e-17	1.63248e-18	1.93185e-19	2.12662e-20	2.19118e-21	2.12463e-22	1.94789e-23	1.6957e-24	1.40685e-25	1.1161e-26	8.49197e-28	6.21322e-29	4.38203e-30	2.98561e-31	1.96901e-32	1.25924e-33	7.82226e-35	4.72691e-36	2.78259e-37	1.59775e-38	8.9593e-40	4.91159e-41	2.63511e-42	1.3849e-43	7.13621e-45	3.60833e-46	1.79173e-47	8.74343e-49	4.19597e-50	1.98154e-51	9.21414e-53	4.22121e-54	1.90626e-55	8.49013e-57	3.73111e-58	1.61751e-59	0	
0	0	0	0	0	0	3.98967e-73	6.6343e-70	5.36199e-67	2.80623e-64	1.069e-61	3.15884e-59	7.53528e-57	1.49105e-54	2.49573e-52	3.58563e-50	4.47163e-48	4.88318e-46	4.70196e-44	4.01396e-42	3.05117e-40	2.07219e-38	1.2606e-36	6.88219e-35	3.3761e-33	1.48912e-31	5.90621e-30	2.10553e-28	6.73986e-27	1.93416e-25	4.96521e-24	1.13696e-22	2.31392e-21	4.16693e-20	6.60381e-19	9.15032e-18	1.09984e-16	1.13612e-15	9.97677e-15	7.35695e-14	4.49738e-13	2.25322e-12	9.19077e-12	3.05093e-11	8.19304e-11	1.71671e-10	2.80318e-10	4.9439e-10	9.50594e-10	1.41232e-09	1.10711e-09	6.37378e-10	3.61389e-10	2.21397e-10	1.16758e-10	5.03398e-11	1.80378e-11	5.45367e-12	1.40767e-12	3.13969e-13	6.12998e-14	1.06115e-14	1.64823e-15	2.32185e-16	2.99444e-17	3.56482e-18	3.94559e-19	4.08556e-20	3.97954e-21	3.66387e-22	3.20195e-23	2.66616e-24	2.12232e-25	1.6199e-26	1.18873e-27	8.40723e-29	5.74315e-30	3.79702e-31	2.434e-32	1.51533e-33	9.17629e-35	5.41263e-36	3.11383e-37	1.74923e-38	9.60609e-40	5.16228e-41	2.71736e-42	1.40234e-43	7.10102e-45	3.53094e-46	1.72536e-47	8.29062e-49	3.92006e-50	1.82499e-51	8.37028e-53	3.78413e-54	1.68717e-55	7.42215e-57	3.22077e-58	0	
0	0	0	0	0	1.59214e-73	2.72043e-70	2.26081e-67	1.21752e-64	4.77612e-62	1.45455e-59	3.57915e-57	7.31225e-55	1.26491e-52	1.88013e-50	2.42847e-48	2.74999e-46	2.74933e-44	2.44028e-42	1.93151e-40	1.36811e-38	8.69538e-37	4.96913e-35	2.55688e-33	1.18563e-31	4.95611e-30	1.86724e-28	6.33619e-27	1.93416e-25	5.30183e-24	1.30198e-22	2.85571e-21	5.57359e-20	9.63555e-19	1.46734e-17	1.95524e-16	2.26167e-15	2.24965e-14	1.90317e-13	1.35246e-12	7.96877e-12	3.8483e-11	1.51351e-10	4.85222e-10	1.2642e-09	2.58965e-09	4.15471e-09	7.1092e-09	1.31941e-08	1.91346e-08	1.50256e-08	8.82143e-09	5.16074e-09	3.23431e-09	1.72821e-09	7.55695e-10	2.75288e-10	8.46417e-11	2.21876e-11	5.01649e-12	9.91039e-13	1.73324e-13	2.71643e-14	3.85715e-15	5.00994e-16	6.00252e-17	6.68236e-18	6.95624e-19	6.8088e-20	6.29693e-21	5.52597e-22	4.61912e-23	3.69017e-24	2.82607e-25	2.0804e-26	1.47571e-27	1.0109e-28	6.70099e-30	4.30619e-31	2.68719e-32	1.63088e-33	9.64003e-35	5.55693e-36	3.12763e-37	1.72069e-38	9.26297e-40	4.884e-41	2.52446e-42	1.28025e-43	6.37524e-45	3.11955e-46	1.501e-47	7.10632e-49	3.31246e-50	1.52107e-51	6.88451e-53	3.0729e-54	1.35327e-55	5.87833e-57	0	
0	0	0	0	5.78278e-74	1.01475e-70	8.66632e-68	4.79946e-65	1.93756e-62	6.07724e-60	1.54137e-57	3.24864e-55	5.80277e-53	8.91476e-51	1.19139e-48	1.39746e-46	1.44889e-44	1.33538e-42	1.09906e-40	8.10669e-39	5.37413e-37	3.20887e-35	1.72845e-33	8.4075e-32	3.69496e-30	1.46725e-28	5.26208e-27	1.70284e-25	4.96521e-24	1.30198e-22	3.0625e-21	6.44144e-20	1.20682e-18	2.0045e-17	2.93507e-16	3.763e-15	4.1903e-14	4.01421e-13	3.27161e-12	2.2401e-11	1.27169e-10	5.91605e-10	2.24155e-09	6.93322e-09	1.75098e-08	3.50442e-08	5.51819e-08	9.14846e-08	1.63699e-07	2.31713e-07	1.82497e-07	1.0953e-07	6.62222e-08	4.24575e-08	2.2999e-08	1.02149e-08	3.78998e-09	1.18697e-09	3.16417e-10	7.25971e-11	1.45251e-11	2.56846e-12	4.06454e-13	5.82096e-14	7.61873e-15	9.1913e-16	1.02965e-16	1.07798e-17	1.06067e-18	9.85672e-20	8.68855e-21	7.29277e-22	5.84857e-23	4.49514e-24	3.3202e-25	2.36256e-26	1.6232e-27	1.07897e-28	6.9519e-30	4.34895e-31	2.64561e-32	1.56728e-33	9.05359e-35	5.10589e-36	2.81442e-37	1.51784e-38	8.0169e-40	4.1507e-41	2.10833e-42	1.05148e-43	5.15262e-45	2.48271e-46	1.177e-47	5.49342e-49	2.5257e-50	1.14453e-51	5.11452e-53	2.25489e-54	9.80517e-56	0	
0	0	0	1.90306e-74	3.428e-71	3.00712e-68	1.71167e-65	7.10711e-63	2.29438e-60	5.99404e-58	1.30233e-55	2.40012e-53	3.80789e-51	5.26052e-49	6.38504e-47	6.85796e-45	6.55565e-43	5.60317e-41	4.29792e-39	2.96734e-37	1.84821e-35	1.04028e-33	5.2975e-32	2.44243e-30	1.01977e-28	3.85498e-27	1.31854e-25	4.07597e-24	1.13696e-22	2.85571e-21	6.44144e-20	1.30052e-18	2.34084e-17	3.7381e-16	5.26555e-15	6.49761e-14	6.96662e-13	6.42754e-12	5.04572e-11	3.32755e-10	1.81896e-09	8.14466e-09	2.96957e-08	8.84964e-08	2.16377e-07	4.22764e-07	6.52632e-07	1.04674e-06	1.80323e-06	2.49071e-06	1.9704e-06	1.21235e-06	7.58789e-07	4.97721e-07	2.73536e-07	1.23631e-07	4.68197e-08	1.49647e-08	4.06304e-09	9.47171e-10	1.92132e-10	3.43826e-11	5.49825e-12	7.94761e-13	1.04888e-13	1.27486e-14	1.43785e-15	1.51465e-16	1.49877e-17	1.40003e-18	1.24003e-19	1.04545e-20	8.41873e-22	6.49538e-23	4.81481e-24	3.43758e-25	2.36921e-26	1.57952e-27	1.02053e-28	6.40093e-30	3.90356e-31	2.31794e-32	1.34197e-33	7.5842e-35	4.18891e-36	2.26345e-37	1.19769e-38	6.21177e-40	3.1605e-41	1.57874e-42	7.74827e-44	3.73886e-45	1.77501e-46	8.29579e-48	3.81912e-49	1.73282e-50	7.75279e-52	3.42205e-53	1.48969e-54	0	
0	0	5.6443e-75	1.04328e-71	9.39642e-69	5.49473e-66	2.34536e-63	7.78874e-61	2.09467e-58	4.68859e-56	8.90901e-54	1.45857e-51	2.08119e-49	2.61161e-47	2.90303e-45	2.87518e-43	2.54912e-41	2.03084e-39	1.45828e-37	9.46064e-36	5.55531e-34	2.95648e-32	1.42721e-30	6.25203e-29	2.48526e-27	8.96084e-26	2.92806e-24	8.65966e-23	2.31392e-21	5.57359e-20	1.20682e-18	2.34084e-17	4.05067e-16	6.22232e-15	8.43496e-14	1.002e-12	1.03441e-11	9.18961e-11	6.94569e-10	4.40896e-09	2.31866e-08	9.98126e-08	3.49677e-07	1.00227e-06	2.36867e-06	4.51313e-06	6.82197e-06	1.05679e-05	1.74964e-05	2.35731e-05	1.87646e-05	1.1874e-05	7.70643e-06	5.17234e-06	2.88702e-06	1.3309e-06	5.15787e-07	1.68622e-07	4.67139e-08	1.10812e-08	2.2818e-09	4.13693e-10	6.6916e-11	9.77103e-12	1.30124e-12	1.5945e-13	1.81163e-14	1.92121e-15	1.91271e-16	1.79675e-17	1.59964e-18	1.35507e-19	1.09603e-20	8.49107e-22	6.31825e-23	4.5271e-24	3.13058e-25	2.09367e-26	1.35671e-27	8.53326e-29	5.21762e-30	3.10593e-31	1.80241e-32	1.02092e-33	5.65071e-35	3.05949e-36	1.62203e-37	8.42807e-39	4.29568e-40	2.1494e-41	1.0566e-42	5.1064e-44	2.42784e-45	1.13631e-46	5.23838e-48	2.37992e-49	1.06615e-50	4.71173e-52	2.05351e-53	0	
0	1.49909e-75	2.84252e-72	2.62771e-69	1.57805e-66	6.92148e-64	2.36345e-61	6.53994e-59	1.50725e-56	2.95111e-54	4.98241e-52	7.33757e-50	9.51192e-48	1.09332e-45	1.12085e-43	1.02976e-41	8.51136e-40	6.34879e-38	4.28442e-36	2.62085e-34	1.45533e-32	7.34304e-31	3.36846e-29	1.40505e-27	5.3279e-26	1.83547e-24	5.73866e-23	1.62597e-21	4.16693e-20	9.63555e-19	2.0045e-17	3.7381e-16	6.22232e-15	9.19807e-14	1.20021e-12	1.37255e-11	1.36404e-10	1.16635e-09	8.482e-09	5.17772e-08	2.61651e-07	1.08121e-06	3.63271e-06	9.99232e-06	2.27773e-05	4.22636e-05	6.24735e-05	9.33082e-05	0.000148154	0.000194592	0.000156191	0.000102014	6.87721e-05	4.7239e-05	2.68176e-05	1.26457e-05	5.03065e-06	1.68658e-06	4.7776e-07	1.15526e-07	2.4185e-08	4.44815e-09	7.28612e-10	1.07582e-10	1.44699e-11	1.78896e-12	2.04896e-13	2.18878e-14	2.1936e-15	2.07316e-16	1.85604e-17	1.58036e-18	1.28434e-19	9.99383e-21	7.46696e-22	5.37063e-23	3.72717e-24	2.501e-25	1.62577e-26	1.02558e-27	6.28837e-29	3.7532e-30	2.18346e-31	1.23968e-32	6.877e-34	3.73142e-35	1.98229e-36	1.03201e-37	5.26978e-39	2.64149e-40	1.30071e-41	6.29644e-43	2.99834e-44	1.40544e-45	6.48846e-47	2.95198e-48	1.3242e-49	5.85976e-51	2.55701e-52	0	
0	6.88061e-73	6.52741e-70	4.02477e-67	1.81349e-64	6.36515e-62	1.81155e-59	4.29696e-57	8.66484e-55	1.50778e-52	2.29041e-50	3.06518e-48	3.64043e-46	3.85996e-44	3.67153e-42	3.14528e-40	2.43451e-38	1.70696e-36	1.08635e-34	6.28533e-33	3.30957e-31	1.58709e-29	6.93355e-28	2.75931e-26	9.99872e-25	3.29635e-23	9.87508e-22	2.68387e-20	6.60381e-19	1.46734e-17	2.93507e-16	5.26555e-15	8.43496e-14	1.20021e-12	1.50757e-11	1.65944e-10	1.58694e-09	1.30518e-08	9.12383e-08	5.3492e-07	2.59339e-06	1.02672e-05	3.30056e-05	8.68828e-05	0.000190505	0.000343638	0.000496055	0.000713038	0.00108315	0.00138585	0.00112449	0.000761081	0.00053377	0.000375334	0.000217128	0.000105102	4.30757e-05	1.48554e-05	4.31367e-06	1.06553e-06	2.27194e-07	4.24565e-08	7.05211e-09	1.05417e-09	1.43348e-10	1.78969e-11	2.06794e-12	2.22671e-13	2.24781e-14	2.13844e-15	1.92608e-16	1.64912e-17	1.3471e-18	1.05319e-19	7.90367e-21	5.70805e-22	3.9765e-23	2.67787e-24	1.74659e-25	1.10528e-26	6.79724e-28	4.06832e-29	2.37309e-30	1.35075e-31	7.51105e-33	4.08473e-34	2.1747e-35	1.13452e-36	5.80471e-38	2.91514e-39	1.43806e-40	6.97344e-42	3.32628e-43	1.56166e-44	7.22081e-46	3.29006e-47	1.47798e-48	6.54932e-50	2.86168e-51	0	
0	1.42713e-70	9.03463e-68	4.1815e-65	1.50834e-62	4.41428e-60	1.07732e-57	2.23665e-55	4.00979e-53	6.27997e-51	8.67158e-49	1.06353e-46	1.16551e-44	1.14691e-42	1.01748e-40	8.16463e-39	5.94169e-37	3.92976e-35	2.36602e-33	1.29835e-31	6.4989e-30	2.96863e-28	1.23759e-26	4.70745e-25	1.63271e-23	5.15849e-22	1.48261e-20	3.86949e-19	9.15032e-18	1.95524e-16	3.763e-15	6.49761e-14	1.002e-12	1.37255e-11	1.65944e-10	1.75755e-09	1.61634e-08	1.27745e-07	8.57289e-07	4.81938e-06	2.23708e-05	8.46469e-05	0.000259602	0.000651758	0.00136996	0.00239705	0.00337432	0.00465992	0.0067546	0.00841092	0.00691989	0.0048737	0.00356049	0.00256395	0.0015152	0.000756194	0.000320675	0.000114165	3.40831e-05	8.62187e-06	1.87648e-06	3.56966e-07	6.02231e-08	9.12658e-09	1.25621e-09	1.58543e-10	1.84976e-11	2.00924e-12	2.04437e-13	1.95892e-14	1.776e-15	1.5298e-16	1.25657e-17	9.87451e-19	7.44554e-20	5.40094e-21	3.77805e-22	2.55403e-23	1.67184e-24	1.06156e-25	6.54927e-27	3.93174e-28	2.29997e-29	1.31267e-30	7.31809e-32	3.98953e-33	2.12896e-34	1.11313e-35	5.70737e-37	2.87208e-38	1.41958e-39	6.8967e-41	3.29558e-42	1.54992e-43	7.17847e-45	3.27601e-46	1.47395e-47	6.54121e-49	2.86221e-50	0	
0	1.7652e-68	8.39343e-66	3.1118e-63	9.36458e-61	2.35137e-58	5.02532e-56	9.27987e-54	1.49802e-51	2.13353e-49	2.70097e-47	3.05776e-45	3.11105e-43	2.85627e-41	2.37429e-39	1.79183e-37	1.23039e-35	7.7006e-34	4.39854e-32	2.29508e-30	1.09456e-28	4.77231e-27	1.90202e-25	6.92631e-24	2.30275e-22	6.98156e-21	1.92733e-19	4.83532e-18	1.09984e-16	2.26167e-15	4.1903e-14	6.96662e-13	1.03441e-11	1.36404e-10	1.58694e-09	1.61634e-08	1.42826e-07	1.08337e-06	6.96809e-06	3.74816e-05	0.000166158	0.000599128	0.001747	0.00416623	0.00835897	0.0141468	0.0193901	0.0256873	0.0354302	0.0428842	0.0359058	0.026429	0.0201299	0.0148538	0.00899755	0.0046547	0.00205254	0.000757443	0.00023329	6.0618e-05	1.35017e-05	2.62045e-06	4.49888e-07	6.9232e-08	9.659e-09	1.23375e-09	1.45494e-10	1.59565e-11	1.63767e-12	1.5816e-13	1.44422e-14	1.25219e-15	1.03475e-16	8.17672e-18	6.19717e-19	4.51692e-20	3.17377e-21	2.15448e-22	1.41581e-23	9.02302e-25	5.58599e-26	3.36442e-27	1.97419e-28	1.13004e-29	6.3175e-31	3.45318e-32	1.84741e-33	9.68249e-35	4.97598e-36	2.50957e-37	1.24303e-38	6.05126e-40	2.89725e-41	1.36515e-42	6.33417e-44	2.89576e-45	1.30506e-46	5.80117e-48	2.54234e-49	0	
0	1.4469e-66	5.516e-64	1.7075e-61	4.41207e-59	9.70829e-57	1.84673e-54	3.07261e-52	4.5132e-50	5.8964e-48	6.8939e-46	7.24933e-44	6.88465e-42	5.92514e-40	4.6341e-38	3.30117e-36	2.14584e-34	1.27456e-32	6.92475e-31	3.44368e-29	1.56807e-27	6.53797e-26	2.49533e-24	8.71267e-23	2.78037e-21	8.09876e-20	2.14969e-18	5.18888e-17	1.13612e-15	2.24965e-14	4.01421e-13	6.42754e-12	9.18961e-11	1.16635e-09	1.30518e-08	1.27745e-07	1.08337e-06	7.87448e-06	4.84422e-05	0.00024869	0.0010497	0.00359456	0.00992612	0.022376	0.0426032	0.0694118	0.0923871	0.117152	0.15308	0.179564	0.153878	0.119054	0.0946716	0.0717239	0.0447813	0.0241864	0.0111555	0.00428696	0.00136756	0.000366274	8.37446e-05	1.66261e-05	2.91123e-06	4.55777e-07	6.45567e-08	8.35674e-09	9.97266e-10	1.10538e-10	1.14539e-11	1.11578e-12	1.0269e-13	8.96778e-15	7.45961e-16	5.93062e-17	4.52022e-18	3.31193e-19	2.33847e-20	1.5947e-21	1.05244e-22	6.73424e-24	4.18487e-25	2.52957e-26	1.48935e-27	8.55262e-29	4.79598e-30	2.62916e-31	1.41047e-32	7.41211e-34	3.81889e-35	1.93069e-36	9.58541e-38	4.6768e-39	2.24401e-40	1.05955e-41	4.92608e-43	2.25639e-44	1.01881e-45	4.53694e-47	1.99174e-48	0	
0	8.26264e-65	2.63343e-62	7.00761e-60	1.5885e-57	3.11416e-55	5.34233e-53	8.09488e-51	1.09158e-48	1.31808e-46	1.43241e-44	1.4069e-42	1.25324e-40	1.01538e-38	7.50004e-37	5.06016e-35	3.12303e-33	1.76517e-31	9.14397e-30	4.34331e-28	1.89195e-26	7.55673e-25	2.76628e-23	9.27384e-22	2.84414e-20	7.96791e-19	2.03543e-17	4.73068e-16	9.97677e-15	1.90317e-13	3.27161e-12	5.04572e-11	6.94569e-10	8.482e-09	9.12383e-08	8.57289e-07	6.96809e-06	4.84422e-05	0.000284341	0.00138908	0.00556366	0.0180221	0.0468876	0.0991327	0.177003	0.27391	0.35062	0.422007	0.51523	0.57942	0.515135	0.425069	0.355546	0.279167	0.182334	0.104207	0.0507283	0.0204246	0.00677948	0.00187893	0.000442511	9.01366e-05	1.61381e-05	2.57597e-06	3.711e-07	4.87605e-08	5.89642e-09	6.61329e-10	6.9257e-11	6.81162e-12	6.32388e-13	5.56669e-14	4.66445e-15	3.73345e-16	2.86337e-17	2.11016e-18	1.498e-19	1.02673e-20	6.80824e-22	4.37587e-23	2.73078e-24	1.65721e-25	9.79414e-27	5.64448e-28	3.176e-29	1.74674e-30	9.3999e-32	4.95434e-33	2.55984e-34	1.29769e-35	6.45953e-37	3.15957e-38	1.51969e-39	7.19218e-41	3.35132e-42	1.5384e-43	6.96079e-45	3.10604e-46	1.36622e-47	0	
