0	0	0	0	0	0	0	0	0	0	0	0	0	0	0	0	0	0	0	0	0	0	0	0	0	0	0	0	0	0	0	0	0	0	0	0	0	0	0	0	0	0	0	0	0	0	0	0	0	0	0	0	0	0	0	0	0	0	0	0	0	0	0	0	0	0	0	0	0	0	0	0	0	0	0	0	0	0	0	0	0	0	0	0	0	0	0	0	0	0	0	0	0	0	0	0	0	0	0	0	
0	0	0	0	0	0	0	0	0	0	0	0	0	0	0	0	0	0	0	0	0	0	0	0	0	0	0	0	0	0	0	0	0	0	0	0	0	0	0	0	0	0	0	0	0	0	0	0	0	0	0	0	0	0	0	0	0	0	0	0	0	0	0	0	0	0	0	0	0	0	0	0	0	0	0	0	0	0	0	0	0	0	0	0	0	0	0	0	0	0	0	0	0	0	0	0	0	0	0	0	
0	0	0	0	0	0	0	0	0	0	0	0	0	0	0	0	0	0	0	0	0	0	0	0	0	0	0	0	0	0	0	0	0	0	0	0	0	0	0	0	0	0	0	0	0	0	0	0	0	0	0	0	0	0	0	0	0	0	0	0	0	0	0	0	0	0	0	0	0	0	0	0	0	0	0	0	0	0	0	0	0	0	0	0	0	0	0	0	0	0	0	0	0	0	0	0	0	0	0	0	
0	0	0	0	0	0	0	0	0	0	0	0	0	0	0	0	0	0	0	0	0	0	0	0	0	0	0	0	0	0	0	0	0	0	0	0	0	0	0	0	0	0	0	0	0	0	0	0	0	0	0	0	0	0	0	0	0	0	0	0	0	0	0	0	0	0	0	0	0	0	0	0	0	0	0	0	0	0	0	0	0	0	0	0	0	0	0	0	0	0	0	0	0	0	0	0	0	0	0	0	
0	0	0	0	0	0	0	0	0	0	0	0	0	0	0	0	0	0	0	0	0	0	0	0	0	0	0	0	0	0	0	0	0	0	0	0	0	0	0	0	0	0	0	0	0	0	0	0	0	0	0	0	0	0	0	0	0	0	0	0	0	0	0	0	0	0	0	0	0	0	0	0	0	0	0	0	0	0	0	0	0	0	0	0	0	0	0	0	0	0	0	0	0	0	0	0	0	0	0	0	
0	0	0	0	0	0	0	0	0	0	0	0	0	0	0	0	0	0	0	0	0	0	0	0	0	0	0	0	0	0	0	0	0	0	0	0	0	0	0	0	0	0	0	0	0	0	0	0	0	0	0	0	0	0	0	0	0	0	0	0	0	0	0	0	0	0	0	0	0	0	0	0	0	0	0	0	0	0	0	0	0	0	0	0	0	0	0	0	0	0	0	0	0	0	0	0	0	0	0	0	
0	0	0	0	0	0	0	0	0	0	0	0	0	0	0	0	0	0	0	0	0	0	0	0	0	0	0	0	0	0	0	0	0	0	0	0	0	0	0	0	0	0	0	0	0	0	0	0	0	0	0	0	0	0	0	0	0	0	0	0	0	0	0	0	0	0	0	0	0	0	0	0	0	0	0	0	0	0	0	0	0	0	0	0	0	0	0	0	0	0	0	0	0	0	0	0	0	0	0	0	
0	0	0	0	0	0	0	0	0	0	0	0	0	0	0	0	0	0	0	0	0	0	0	0	0	0	0	0	0	0	0	0	0	0	0	0	0	0	0	0	0	0	0	0	0	0	0	0	0	0	0	0	0	0	0	0	0	0	0	0	0	0	0	0	0	0	0	0	0	0	0	0	0	0	0	0	0	0	0	0	0	0	0	0	0	0	0	0	0	0	0	0	0	0	0	0	0	0	0	0	
0	0	0	0	0	0	0	0	0	0	0	0	0	0	0	0	0	0	0	0	0	0	0	0	0	0	0	0	0	0	0	0	0	0	0	0	0	0	0	0	0	0	0	0	0	0	0	0	0	0	0	0	0	0	0	0	0	0	0	0	0	0	0	0	0	0	0	0	0	0	0	0	0	0	0	0	0	0	0	0	0	0	0	0	0	0	0	0	0	0	0	0	0	0	0	0	0	0	0	0	
0	0	0	0	0	0	0	0	0	0	0	0	0	0	0	0	0	0	0	0	0	0	0	0	0	0	0	0	0	0	0	0	0	0	0	0	0	0	0	0	0	0	0	0	0	0	0	0	0	0	0	0	0	0	0	0	0	0	0	0	0	0	0	0	0	0	0	0	0	0	0	0	0	0	0	0	0	0	0	0	0	0	0	0	0	0	0	0	0	0	0	0	0	0	0	0	0	0	0	0	
0	0	0	0	0	0	0	0	0	0	0	0	0	0	0	0	0	0	0	0	0	0	0	0	0	0	0	0	0	0	0	0	0	0	0	0	0	0	0	0	0	0	0	0	0	0	0	0	0	0	0	0	0	0	0	0	0	0	0	0	0	0	0	0	0	0	0	0	0	0	0	0	0	0	0	0	0	0	0	0	0	0	0	0	0	0	0	0	0	0	0	0	0	0	0	0	0	0	0	0	
0	0	0	0	0	0	0	0	0	0	0	0	0	0	0	0	0	0	0	0	0	0	0	0	0	0	0	0	0	0	0	0	0	0	0	0	0	0	0	0	0	0	0	0	0	0	0	0	0	0	0	0	0	0	0	0	0	0	0	0	0	0	0	0	0	0	0	0	0	0	0	0	0	0	0	0	0	0	0	0	0	0	0	0	0	0	0	0	0	0	0	0	0	0	0	0	0	0	0	0	
0	0	0	0	0	0	0	0	0	0	0	0	0	0	0	0	0	0	0	0	0	0	0	0	0	0	0	0	0	0	0	0	0	0	0	0	0	0	0	0	0	0	0	0	0	0	0	0	0	0	0	0	0	0	0	0	0	0	0	0	0	0	0	0	0	0	0	0	0	0	0	0	0	0	0	0	0	0	0	0	0	0	0	0	0	0	0	0	0	0	0	0	0	0	0	0	0	0	0	0	
0	0	0	0	0	0	0	0	0	0	0	0	0	0	0	0	0	0	0	0	0	0	0	0	0	0	0	0	0	0	0	0	0	0	0	0	0	0	0	0	0	0	0	0	0	0	0	0	0	0	0	0	0	0	0	0	0	0	0	0	0	0	0	0	0	0	0	0	0	0	0	0	0	0	0	0	0	0	0	0	0	0	0	0	0	0	0	0	0	0	0	0	0	0	0	0	0	0	0	0	
0	0	0	0	0	0	0	0	0	0	0	0	0	0	0	0	0	0	0	0	0	0	0	0	0	0	0	0	0	0	0	0	0	0	0	0	0	0	0	0	0	0	0	0	0	0	0	0	0	0	0	0	0	0	0	0	0	0	0	0	0	0	0	0	0	0	0	0	0	0	0	0	0	0	0	0	0	0	0	0	0	0	0	0	0	0	0	0	0	0	0	0	0	0	0	0	0	0	0	0	
0	0	0	0	0	0	0	0	0	0	0	0	0	0	0	0	0	0	0	0	0	0	0	0	0	0	0	0	0	0	0	0	0	0	0	0	0	0	0	0	0	0	0	0	0	0	0	0	0	0	0	0	0	0	0	0	0	0	0	0	0	0	0	0	0	0	0	0	0	0	0	0	0	0	0	0	0	0	0	0	0	0	0	0	0	0	0	0	0	0	0	0	0	0	0	0	0	0	0	0	
0	0	0	0	0	0	0	0	0	0	0	0	0	0	0	0	0	0	0	0	0	0	0	0	0	0	0	0	0	0	0	0	0	0	0	0	0	0	0	0	0	0	0	0	0	0	0	0	0	0	0	0	0	0	0	0	0	0	0	0	0	0	0	0	0	0	0	0	0	0	0	0	0	0	0	0	0	0	0	0	0	0	0	0	0	0	0	0	0	0	0	0	0	0	0	0	0	0	0	0	
0	0	0	0	0	0	0	0	0	0	0	0	0	0	0	0	0	0	0	0	0	0	0	0	0	0	0	0	0	0	0	0	0	0	0	0	0	0	0	0	0	0	0	0	0	0	0	0	0	0	0	0	0	0	0	0	0	0	0	0	0	0	0	0	0	0	0	0	0	0	0	0	0	0	0	0	0	0	0	0	0	0	0	0	0	0	0	0	0	0	0	0	0	0	0	0	0	0	0	0	
0	0	0	0	0	0	0	0	0	0	0	0	0	0	0	0	0	0	0	0	0	0	0	0	0	0	0	0	0	0	0	0	0	0	0	0	0	0	0	0	0	0	0	0	0	0	0	0	0	0	0	0	0	0	0	0	0	0	0	0	0	0	0	0	0	0	0	0	0	0	0	0	0	0	0	0	0	0	0	0	0	0	0	0	0	0	0	0	0	0	0	0	0	0	0	0	0	0	0	0	
0	0	0	0	0	0	0	0	0	0	0	0	0	0	0	0	0	0	0	0	0	0	0	0	0	0	0	0	0	0	0	0	0	0	0	0	0	0	0	0	0	0	0	0	0	0	0	0	0	0	0	0	0	0	0	0	0	0	0	0	0	0	0	0	0	0	0	0	0	0	0	0	0	0	0	0	0	0	0	0	0	0	0	0	0	0	0	0	0	0	0	0	0	0	0	0	0	0	0	0	
0	0	0	0	0	0	0	0	0	0	0	0	0	0	0	0	0	0	0	0	0	0	0	0	0	0	0	0	0	0	0	0	0	0	0	0	0	0	0	0	0	0	0	0	0	0	0	0	0	0	0	0	0	0	0	0	0	0	0	0	0	0	0	0	0	0	0	0	0	0	0	0	0	0	0	0	0	0	0	0	0	0	0	0	0	0	0	0	0	0	0	0	0	0	0	0	0	0	0	0	
0	0	0	0	0	0	0	0	0	0	0	0	0	0	0	0	0	0	0	0	0	0	0	0	0	0	0	0	0	0	0	0	0	0	0	0	0	0	0	0	0	0	0	0	0	0	0	0	0	0	0	0	0	0	0	0	0	0	0	0	0	0	0	0	0	0	0	0	0	0	0	0	0	0	0	0	0	0	0	0	0	0	0	0	0	0	0	0	0	0	0	0	0	0	0	0	0	0	0	0	
0	0	0	0	0	0	0	0	0	0	0	0	0	0	0	0	0	0	0	0	0	0	0	0	0	0	0	0	0	0	0	0	0	0	0	0	0	0	0	0	0	0	0	0	0	0	0	0	0	0	0	0	0	0	0	0	0	0	0	0	0	0	0	0	0	0	0	0	0	0	0	0	0	0	0	0	0	0	0	0	0	0	0	0	0	0	0	0	0	0	0	0	0	0	0	0	0	0	0	0	
0	0	0	0	0	0	0	0	0	0	0	0	0	0	0	0	0	0	0	0	0	0	0	0	0	0	0	0	0	0	0	0	0	0	0	0	0	0	0	0	0	0	0	0	0	0	0	0	0	0	0	0	0	0	0	0	0	0	0	0	0	0	0	0	0	0	0	0	0	0	0	0	0	0	0	0	0	0	0	0	0	0	0	0	0	0	0	0	0	0	0	0	0	0	0	0	0	0	0	0	
0	0	0	0	0	0	0	0	0	0	0	0	0	0	0	0	0	0	0	0	0	0	0	0	0	0	0	0	0	0	0	0	0	0	0	0	0	0	0	0	0	0	0	0	0	0	0	0	0	0	0	0	0	0	0	0	0	0	0	0	0	0	0	0	0	0	0	0	0	0	0	0	0	0	0	0	0	0	0	0	0	0	0	0	0	0	0	0	0	0	0	0	0	0	0	0	0	0	0	0	
0	0	0	0	0	0	0	0	0	0	0	0	0	0	0	0	0	0	0	0	0	0	0	0	0	0	0	0	0	0	0	0	0	0	0	0	0	0	0	0	0	0	0	0	0	0	0	0	0	0	0	0	0	0	0	0	0	0	0	0	0	0	0	0	0	0	0	0	0	0	0	0	0	0	0	0	0	0	0	0	0	0	0	0	0	0	0	0	0	0	0	0	0	0	0	0	0	0	0	0	
0	0	0	0	0	0	0	0	0	0	0	0	0	0	0	0	0	0	0	0	0	0	0	0	0	0	0	0	0	0	0	0	0	0	0	0	0	0	0	0	0	0	0	0	0	0	0	0	0	0	0	0	0	0	0	0	0	0	0	0	0	0	0	0	0	0	0	0	0	0	0	0	0	0	0	0	0	0	0	0	0	0	0	0	0	0	0	0	0	0	0	0	0	0	0	0	0	0	0	0	
0	0	0	0	0	0	0	0	0	0	0	0	0	0	0	0	0	0	0	0	0	0	0	0	0	0	0	0	0	0	0	0	0	0	0	0	0	0	0	0	0	0	0	0	0	0	0	0	0	0	0	0	0	0	0	0	0	0	0	0	0	0	0	0	0	0	0	0	0	0	0	0	0	0	0	0	0	0	0	0	0	0	0	0	0	0	0	0	0	0	0	0	0	0	0	0	0	0	0	0	
0	0	0	0	0	0	0	0	0	0	0	0	0	0	0	0	0	0	0	0	0	0	0	0	0	0	0	0	0	0	0	0	0	0	0	0	0	0	0	0	0	0	0	0	0	0	0	0	0	2.048e-19	4.5056e-20	5.40672e-21	4.68582e-22	3.28008e-23	1.96805e-24	1.04962e-25	5.09818e-27	2.29418e-28	9.68654e-30	3.87461e-31	1.4794e-32	5.42446e-34	1.91942e-35	6.58088e-37	2.19363e-38	7.12929e-40	2.2646e-41	7.04542e-43	2.15071e-44	6.45212e-46	1.90491e-47	5.54156e-49	1.59019e-50	4.50553e-52	1.26155e-53	3.49352e-55	9.57483e-57	2.59888e-58	6.99009e-60	1.86403e-61	4.93065e-63	1.29429e-64	3.37301e-66	8.73015e-68	2.24489e-69	5.73695e-71	1.4575e-72	3.6821e-74	9.25245e-76	2.31311e-77	5.75457e-79	1.42494e-80	3.51265e-82	8.62195e-84	2.10759e-85	5.13152e-87	1.24467e-88	3.00794e-90	7.24362e-92	0	
0	0	0	0	0	0	0	0	0	0	0	0	0	0	0	0	0	0	0	0	0	0	0	0	0	0	0	0	0	0	0	0	0	0	0	0	0	0	0	0	0	0	0	0	0	2.048e-19	2.49856e-19	2.55263e-19	2.50853e-18	1.05968e-16	2.34636e-17	3.03882e-18	4.96887e-19	2.72642e-19	5.19786e-20	5.96417e-21	5.06084e-22	3.49971e-23	2.08333e-24	1.10499e-25	5.34529e-27	2.39786e-28	1.00992e-29	4.03156e-31	1.53676e-32	5.62688e-34	1.98867e-35	6.81123e-37	2.26836e-38	7.36634e-40	2.33825e-41	7.26999e-43	2.21801e-44	6.65063e-46	1.96261e-47	5.70701e-49	1.63703e-50	4.63661e-52	1.29783e-53	3.5929e-55	9.84443e-57	2.67136e-58	7.1833e-60	1.91511e-61	5.06469e-63	1.32922e-64	3.46337e-66	8.96242e-68	2.30424e-69	5.88767e-71	1.49556e-72	3.77773e-74	9.49147e-76	2.37256e-77	5.90175e-79	1.46122e-80	3.60167e-82	8.83951e-84	2.16055e-85	0	
0	0	0	0	0	0	0	0	0	0	0	0	0	0	0	0	0	0	0	0	0	0	0	0	0	0	0	0	0	0	0	0	0	0	0	0	0	0	0	0	0	0	0	2.048e-19	2.50266e-18	1.0822e-16	1.31429e-16	1.45476e-16	1.18915e-15	2.49448e-14	5.56984e-15	7.85825e-16	1.90885e-16	1.36166e-16	2.67426e-17	3.31052e-18	3.10645e-19	2.38824e-20	1.57378e-21	9.16635e-23	4.82569e-24	2.33559e-25	1.05295e-26	4.46779e-28	1.79907e-29	6.92142e-31	2.55822e-32	9.12576e-34	3.15402e-35	1.05959e-36	3.46981e-38	1.11021e-39	3.47808e-41	1.06879e-42	3.22671e-44	9.58399e-46	2.80408e-47	8.09046e-49	2.30422e-50	6.48374e-52	1.80396e-53	4.96639e-55	1.3538e-56	3.65612e-58	9.78772e-60	2.59867e-61	6.84583e-63	1.79016e-64	4.64849e-66	1.19907e-67	3.07351e-69	7.83091e-71	1.98382e-72	4.99826e-74	1.25277e-75	3.12433e-77	7.75483e-79	1.91603e-80	4.71336e-82	0	
0	0	0	0	0	0	0	0	0	0	0	0	0	0	0	0	0	0	0	0	0	0	0	0	0	0	0	0	0	0	0	0	0	0	0	0	0	0	0	0	0	0	2.4576e-18	1.19479e-16	1.19739e-15	2.60106e-14	3.14801e-14	3.68405e-14	2.54435e-13	3.52742e-12	7.96264e-13	1.23662e-13	4.00695e-14	3.16466e-14	6.31509e-15	8.45961e-16	8.72039e-17	7.29461e-18	5.15212e-19	3.17246e-20	1.7464e-21	8.76362e-23	4.06984e-24	1.76997e-25	7.27665e-27	2.84938e-28	1.06928e-29	3.86504e-31	1.35135e-32	4.58644e-34	1.51559e-35	4.88881e-37	1.54279e-38	4.77229e-40	1.44943e-41	4.32871e-43	1.27285e-44	3.68946e-46	1.05526e-47	2.98105e-49	8.32448e-51	2.29957e-52	6.28835e-54	1.70331e-55	4.57258e-57	1.21721e-58	3.21446e-60	8.42517e-62	2.19256e-63	5.6674e-65	1.45554e-66	3.71545e-68	9.4291e-70	2.37968e-71	5.97403e-73	1.49217e-74	3.7091e-76	9.17712e-78	2.26054e-79	0	
0	0	0	0	0	0	0	0	0	0	0	0	0	0	0	0	0	0	0	0	0	0	0	0	0	0	0	0	0	0	0	0	0	0	0	0	0	0	0	0	0	1.37216e-17	1.20797e-15	3.07843e-14	2.58504e-13	3.7545e-12	4.53129e-12	5.49806e-12	3.23926e-11	3.33093e-10	7.6272e-11	1.3193e-11	5.356e-12	4.44352e-12	8.99393e-13	1.31274e-13	1.47995e-14	1.32821e-15	9.88281e-17	6.32606e-18	3.5868e-19	1.8419e-20	8.71317e-22	3.84694e-23	1.60151e-24	6.33804e-26	2.40017e-27	8.74432e-29	3.07847e-30	1.0512e-31	3.49257e-33	1.13208e-34	3.58825e-36	1.11437e-37	3.3968e-39	1.01782e-40	3.00202e-42	8.72604e-44	2.50232e-45	7.08601e-47	1.9832e-48	5.48994e-50	1.50422e-51	4.08195e-53	1.09771e-54	2.92686e-56	7.74131e-58	2.03198e-59	5.29531e-61	1.37055e-62	3.52433e-64	9.00695e-66	2.28837e-67	5.78154e-69	1.45291e-70	3.63261e-72	9.03812e-74	2.23825e-75	5.51807e-77	0	
0	0	0	0	0	0	0	0	0	0	0	0	0	0	0	0	0	0	0	0	0	0	0	0	0	0	0	0	0	0	0	0	0	0	0	0	0	0	0	0	4.73088e-17	6.01826e-15	2.65777e-13	4.65439e-12	3.31939e-11	3.61786e-10	4.35505e-10	5.39031e-10	2.72188e-09	2.20708e-08	5.15018e-09	1.00565e-09	4.90604e-10	4.17537e-10	8.58452e-11	1.37743e-11	1.69306e-12	1.61515e-13	1.25386e-14	8.27492e-16	4.80055e-17	2.50957e-18	1.20428e-19	5.38001e-21	2.26199e-22	9.02774e-24	3.44377e-25	1.26267e-26	4.47042e-28	1.5342e-29	5.12034e-31	1.66648e-32	5.30167e-34	1.65206e-35	5.05141e-37	1.51793e-38	4.48891e-40	1.308e-41	3.75942e-43	1.06685e-44	2.99177e-46	8.29736e-48	2.27742e-49	6.19036e-51	1.6673e-52	4.4521e-54	1.17919e-55	3.09929e-57	8.08686e-59	2.09557e-60	5.39484e-62	1.38023e-63	3.51037e-65	8.8777e-67	2.23311e-68	5.58836e-70	1.39163e-71	3.44921e-73	8.51029e-75	0	
0	0	0	0	0	0	0	0	0	0	0	0	0	0	0	0	0	0	0	0	0	0	0	0	0	0	0	0	0	0	0	0	0	0	0	0	0	0	0	1.1264e-16	1.86505e-14	1.17585e-12	3.45217e-11	4.60785e-10	2.81172e-09	2.4452e-08	2.93522e-08	3.65424e-08	1.58153e-07	1.04841e-06	2.5095e-07	5.6194e-08	3.19595e-08	2.75548e-08	5.77428e-09	1.02983e-09	1.37761e-10	1.38891e-11	1.11917e-12	7.58632e-14	4.49119e-15	2.38575e-16	1.15991e-17	5.2386e-19	2.22308e-20	8.94388e-22	3.43581e-23	1.26759e-24	4.5127e-26	1.55641e-27	5.21784e-29	1.70515e-30	5.44493e-32	1.70251e-33	5.22208e-35	1.57379e-36	4.66668e-38	1.36322e-39	3.92733e-41	1.11694e-42	3.13871e-44	8.72171e-46	2.39826e-47	6.53003e-49	1.76164e-50	4.71126e-52	1.24965e-53	3.28905e-55	8.59334e-57	2.22961e-58	5.74682e-60	1.47197e-61	3.74779e-63	9.48809e-65	2.38905e-66	5.98437e-68	1.49163e-69	3.70035e-71	9.1377e-73	0	
0	0	0	0	0	0	0	0	0	0	0	0	0	0	0	0	0	0	0	0	0	0	0	0	0	0	0	0	0	0	0	0	0	0	0	0	0	0	1.95994e-16	3.98129e-14	3.2482e-12	1.34664e-10	2.93696e-09	3.14584e-08	1.64565e-07	1.18408e-06	1.41654e-06	1.75176e-06	6.46494e-06	3.57833e-05	8.87208e-06	2.32148e-06	1.50377e-06	1.30398e-06	2.80072e-07	5.62901e-08	8.19253e-09	8.70488e-10	7.26723e-11	5.05534e-12	3.05346e-13	1.64845e-14	8.12269e-16	3.71043e-17	1.59004e-18	6.45179e-20	2.49714e-21	9.27445e-23	3.32155e-24	1.15177e-25	3.88018e-27	1.27366e-28	4.08365e-30	1.28165e-31	3.94476e-33	1.19264e-34	3.54696e-36	1.03899e-37	3.00096e-39	8.55542e-41	2.40959e-42	6.70991e-44	1.84876e-45	5.04336e-47	1.36301e-48	3.65135e-50	9.7007e-52	2.5571e-53	6.69065e-55	1.73835e-56	4.4865e-58	1.15061e-59	2.9331e-61	7.43416e-63	1.87395e-64	4.69909e-66	1.17246e-67	2.91144e-69	7.19626e-71	0	
0	0	0	0	0	0	0	0	0	0	0	0	0	0	0	0	0	0	0	0	0	0	0	0	0	0	0	0	0	0	0	0	0	0	0	0	0	2.56819e-16	6.16817e-14	6.15309e-12	3.28178e-10	1.0002e-08	1.7145e-07	1.51503e-06	6.76841e-06	4.11616e-05	4.90252e-05	5.95294e-05	0.000185185	0.000863901	0.000225298	7.04978e-05	5.10462e-05	4.43287e-05	9.84402e-06	2.26904e-06	3.59901e-07	4.03148e-08	3.49097e-09	2.49617e-10	1.54092e-11	8.46873e-13	4.23582e-14	1.95974e-15	8.49119e-17	3.47872e-18	1.3579e-19	5.08144e-21	1.83218e-22	6.39195e-24	2.16524e-25	7.14297e-27	2.3007e-28	7.25105e-30	2.24042e-31	6.79779e-33	2.02839e-34	5.95994e-36	1.72638e-37	4.93494e-39	1.39339e-40	3.8893e-42	1.07399e-43	2.93594e-45	7.9503e-47	2.13379e-48	5.67898e-50	1.49949e-51	3.92971e-53	1.02256e-54	2.64297e-56	6.78755e-58	1.73256e-59	4.39687e-61	1.10968e-62	2.78586e-64	6.95872e-66	1.72984e-67	4.28005e-69	0	
0	0	0	0	0	0	0	0	0	0	0	0	0	0	0	0	0	0	0	0	0	0	0	0	0	0	0	0	0	0	0	0	0	0	0	0	2.56819e-16	7.11836e-14	8.38192e-12	5.44766e-10	2.12275e-08	5.03007e-07	6.98458e-06	5.16044e-05	0.000194723	0.00101062	0.00119656	0.00141102	0.00362414	0.0141974	0.00399756	0.00154048	0.00122754	0.00106506	0.000248028	6.70877e-05	1.16505e-05	1.38168e-06	1.24665e-07	9.20169e-09	5.82699e-10	3.2703e-11	1.6647e-12	7.81773e-14	3.43104e-15	1.42143e-16	5.60303e-18	2.11495e-19	7.68469e-21	2.69952e-22	9.20152e-24	3.05266e-25	9.88293e-27	3.1294e-28	9.71083e-30	2.95811e-31	8.85907e-33	2.61187e-34	7.58957e-36	2.1759e-37	6.16063e-39	1.72402e-40	4.77221e-42	1.30755e-43	3.54835e-45	9.54277e-47	2.54465e-48	6.7312e-50	1.76709e-51	4.60577e-53	1.1923e-54	3.06657e-56	7.83876e-58	1.99203e-59	5.03403e-61	1.26538e-62	3.16454e-64	7.87565e-66	1.95078e-67	0	
0	0	0	0	0	0	0	0	0	0	0	0	0	0	0	0	0	0	0	0	0	0	0	0	0	0	0	0	0	0	0	0	0	0	0	1.95994e-16	6.16817e-14	8.38192e-12	6.42304e-10	3.04011e-08	9.14824e-07	1.73436e-05	0.000197618	0.0012233	0.00381601	0.0168443	0.0197802	0.0224133	0.0458959	0.147019	0.0470239	0.0231962	0.0200684	0.0173867	0.00435218	0.00142506	0.000273552	3.47001e-05	3.29282e-06	2.52795e-07	1.65192e-08	9.51116e-10	4.94497e-11	2.36381e-12	1.05318e-13	4.42004e-15	1.762e-16	6.7167e-18	2.46182e-19	8.71507e-21	2.99119e-22	9.98539e-24	3.25099e-25	1.0347e-26	3.22582e-28	9.8687e-30	2.9672e-31	8.78e-33	2.55993e-34	7.3623e-36	2.0906e-37	5.86648e-39	1.62806e-40	4.4715e-42	1.21621e-43	3.27782e-45	8.75821e-47	2.32119e-48	6.10473e-50	1.59389e-51	4.13288e-53	1.06464e-54	2.72548e-56	6.93601e-58	1.75518e-59	4.41767e-61	1.10619e-62	2.7563e-64	6.83512e-66	0	
0	0	0	0	0	0	0	0	0	0	0	0	0	0	0	0	0	0	0	0	0	0	0	0	0	0	0	0	0	0	0	0	0	0	1.1264e-16	3.98129e-14	6.15309e-12	5.44766e-10	3.04011e-08	1.10853e-06	2.64953e-05	0.000405759	0.00378	0.0193956	0.0481258	0.175808	0.203896	0.219789	0.337413	0.79619	0.331767	0.221205	0.205255	0.178	0.0503369	0.0208521	0.00450911	0.000624767	6.34008e-05	5.12372e-06	3.48431e-07	2.07046e-08	1.10421e-09	5.38982e-11	2.44361e-12	1.04076e-13	4.20151e-15	1.61917e-16	5.9914e-18	2.13888e-19	7.39598e-21	2.48546e-22	8.14063e-24	2.605e-25	8.1615e-27	2.50808e-28	7.57215e-30	2.24913e-31	6.58069e-33	1.89876e-34	5.40806e-36	1.52185e-37	4.23459e-39	1.16592e-40	3.1786e-42	8.58549e-44	2.29877e-45	6.10438e-47	1.60843e-48	4.20689e-50	1.09266e-51	2.8192e-53	7.22819e-55	1.84217e-56	4.66817e-58	1.17652e-59	2.94978e-61	7.35906e-63	1.82706e-64	0	
0	0	0	0	0	0	0	0	0	0	0	0	0	0	0	0	0	0	0	0	0	0	0	0	0	0	0	0	0	0	0	0	0	4.73088e-17	1.86505e-14	3.2482e-12	3.28178e-10	2.12275e-08	9.14824e-07	2.64953e-05	0.000508265	0.00623131	0.0461477	0.189792	0.348191	0.936865	1.05527	1.07146	1.09589	1.1839	1.09674	1.07261	1.05691	0.933145	0.345198	0.193801	0.0492177	0.00777777	0.00086857	7.51966e-05	5.37932e-06	3.32156e-07	1.82519e-08	9.12425e-10	4.21801e-11	1.82577e-12	7.47169e-14	2.91316e-15	1.08887e-16	3.92153e-18	1.36657e-19	4.62421e-21	1.52394e-22	4.90377e-24	1.54411e-25	4.76696e-27	1.44524e-28	4.30934e-30	1.26536e-31	3.66305e-33	1.04651e-34	2.95337e-36	8.23979e-38	2.27438e-39	6.21515e-41	1.68246e-42	4.51427e-44	1.20115e-45	3.17086e-47	8.30832e-49	2.16161e-50	5.58631e-52	1.43451e-53	3.66142e-55	9.29153e-57	2.34495e-58	5.88703e-60	1.47054e-61	3.65539e-63	0	
0	0	0	0	0	0	0	0	0	0	0	0	0	0	0	0	0	0	0	0	0	0	0	0	0	0	0	0	0	0	0	0	1.37216e-17	6.01826e-15	1.17585e-12	1.34664e-10	1.0002e-08	5.03007e-07	1.73436e-05	0.000405759	0.00623131	0.0592076	0.320397	0.936622	1.08378	1.2105	1.23708	1.24067	1.24358	1.25348	1.24392	1.24096	1.23796	1.21249	1.08705	0.934576	0.318958	0.0635553	0.00818302	0.00077602	5.90662e-05	3.8134e-06	2.16679e-07	1.11177e-08	5.24783e-10	2.31065e-11	9.59177e-13	3.78529e-14	1.42965e-15	5.19573e-17	1.82509e-18	6.21957e-20	2.0627e-21	6.67532e-23	2.11282e-24	6.55345e-26	1.99545e-27	5.9736e-29	1.76048e-30	5.11377e-32	1.46562e-33	4.14842e-35	1.16062e-36	3.21198e-38	8.79898e-40	2.38748e-41	6.42008e-43	1.71183e-44	4.52802e-46	1.1887e-47	3.09831e-49	8.02101e-51	2.06316e-52	5.27441e-54	1.34054e-55	3.38821e-57	8.51833e-59	2.13077e-60	5.30356e-62	0	
0	0	0	0	0	0	0	0	0	0	0	0	0	0	0	0	0	0	0	0	0	0	0	0	0	0	0	0	0	0	0	2.4576e-18	1.20797e-15	2.65777e-13	3.45217e-11	2.93696e-09	1.7145e-07	6.98458e-06	0.000197618	0.00378	0.0461477	0.320397	0.962932	1.19741	1.2392	1.25627	1.2598	1.26028	1.26055	1.26138	1.2606	1.26033	1.25998	1.25694	1.24089	1.2007	0.961879	0.320137	0.0506462	0.00536648	0.000438184	2.97037e-05	1.74974e-06	9.23165e-08	4.45581e-09	1.99817e-10	8.42301e-12	3.36789e-13	1.28651e-14	4.72217e-16	1.67338e-17	5.74749e-19	1.91965e-20	6.25225e-22	1.99049e-23	6.20713e-25	1.89934e-26	5.71189e-28	1.69051e-29	4.93e-31	1.4182e-32	4.02819e-34	1.13069e-35	3.13886e-37	8.62397e-39	2.34653e-40	6.32673e-42	1.69122e-43	4.48434e-45	1.17996e-46	3.08239e-48	7.99685e-50	2.06118e-51	5.2798e-53	1.34448e-54	3.40445e-56	8.57447e-58	2.14853e-59	5.35673e-61	0	
0	0	0	0	0	0	0	0	0	0	0	0	0	0	0	0	0	0	0	0	0	0	0	0	0	0	0	0	0	0	2.048e-19	1.19479e-16	3.07843e-14	4.65439e-12	4.60785e-10	3.14584e-08	1.51503e-06	5.16044e-05	0.0012233	0.0193956	0.189792	0.936622	1.19741	1.25175	1.25969	1.26158	1.26193	1.26198	1.262	1.26206	1.26201	1.26199	1.26196	1.26169	1.26012	1.25357	1.20173	0.936943	0.189639	0.0226905	0.00200597	0.000144045	8.86831e-06	4.84643e-07	2.40759e-08	1.10602e-09	4.75909e-11	1.93699e-12	7.51501e-14	2.79654e-15	1.00321e-16	3.48379e-18	1.17522e-19	3.86251e-21	1.23993e-22	3.89623e-24	1.20067e-25	3.6345e-27	1.08227e-28	3.17426e-30	9.18034e-32	2.62072e-33	7.39124e-35	2.06111e-36	5.68708e-38	1.55371e-39	4.20534e-41	1.1283e-42	3.0023e-44	7.92667e-46	2.07739e-47	5.40635e-49	1.39767e-50	3.59056e-52	9.1688e-54	2.32797e-55	5.87859e-57	1.47675e-58	3.69088e-60	0	
0	0	0	0	0	0	0	0	0	0	0	0	0	0	0	0	0	0	0	0	0	0	0	0	0	0	0	0	0	0	2.50266e-18	1.19739e-15	2.58504e-13	3.31939e-11	2.81172e-09	1.64565e-07	6.76841e-06	0.000194723	0.00381601	0.0481258	0.348191	1.08378	1.2392	1.25969	1.26181	1.26207	1.2621	1.26211	1.26211	1.26211	1.26211	1.26211	1.2621	1.26208	1.26193	1.26046	1.24201	1.08324	0.349158	0.0534333	0.00551552	0.000441032	2.93911e-05	1.707e-06	8.89979e-08	4.25255e-09	1.89065e-10	7.91082e-12	3.14283e-13	1.19385e-14	4.36077e-16	1.53875e-17	5.26539e-19	1.75288e-20	5.69277e-22	1.80783e-23	5.62513e-25	1.71796e-26	5.1578e-28	1.52432e-29	4.43981e-31	1.27583e-32	3.62058e-34	1.01551e-35	2.81742e-37	7.73706e-39	2.10443e-40	5.67248e-42	1.51607e-43	4.01962e-45	1.05769e-46	2.76319e-48	7.16982e-50	1.84842e-51	4.73612e-53	1.20644e-54	3.0561e-56	7.70049e-58	1.93025e-59	0	
0	0	0	0	0	0	0	0	0	0	0	0	0	0	0	0	0	0	0	0	0	0	0	0	0	0	0	0	0	2.048e-19	1.0822e-16	2.60106e-14	3.7545e-12	3.61786e-10	2.4452e-08	1.18408e-06	4.11616e-05	0.00101062	0.0168443	0.175808	0.936865	1.2105	1.25627	1.26158	1.26207	1.26211	1.26211	1.26211	1.26211	1.26211	1.26211	1.26211	1.26211	1.26211	1.26209	1.26184	1.25782	1.21501	0.937996	0.175822	0.0197381	0.00165618	0.00011392	6.76684e-06	3.58806e-07	1.73723e-08	7.80623e-10	3.29516e-11	1.31889e-12	5.04218e-14	1.85207e-15	6.56761e-17	2.2573e-18	7.54472e-20	2.45917e-21	7.83555e-23	2.44558e-24	7.49036e-26	2.25483e-27	6.68058e-29	1.95043e-30	5.61739e-32	1.59751e-33	4.48987e-35	1.24809e-36	3.43384e-38	9.35659e-40	2.52644e-41	6.7637e-43	1.79619e-44	4.73378e-46	1.23859e-47	3.21863e-49	8.30985e-51	2.13222e-52	5.43898e-54	1.37965e-55	3.48095e-57	8.73689e-59	0	
0	0	0	0	0	0	0	0	0	0	0	0	0	0	0	0	0	0	0	0	0	0	0	0	0	0	0	0	0	2.49856e-19	1.31429e-16	3.14801e-14	4.53129e-12	4.35505e-10	2.93522e-08	1.41654e-06	4.90252e-05	0.00119656	0.0197802	0.203896	1.05527	1.23708	1.2598	1.26193	1.2621	1.26211	1.26211	1.26211	1.26211	1.26211	1.26211	1.26211	1.26211	1.26211	1.26211	1.26204	1.26066	1.24069	1.05634	0.204899	0.023482	0.00200494	0.00014011	8.44637e-06	4.54171e-07	2.22854e-08	1.01434e-09	4.33523e-11	1.75618e-12	6.79296e-14	2.52375e-15	9.04947e-17	3.14429e-18	1.06217e-19	3.49833e-21	1.12609e-22	3.55006e-24	1.09806e-25	3.33761e-27	9.98298e-29	2.94194e-30	8.55126e-32	2.45397e-33	6.95872e-35	1.95143e-36	5.41557e-38	1.48828e-39	4.05254e-41	1.09396e-42	2.92903e-44	7.78185e-46	2.05239e-47	5.3755e-49	1.39866e-50	3.61642e-52	9.29502e-54	2.37546e-55	6.03789e-57	1.52656e-58	0	
0	0	0	0	0	0	0	0	0	0	0	0	0	0	0	0	0	0	0	0	0	0	0	0	0	0	0	0	0	2.55263e-19	1.45476e-16	3.68405e-14	5.49806e-12	5.39031e-10	3.65424e-08	1.75176e-06	5.95294e-05	0.00141102	0.0224133	0.219789	1.07146	1.24067	1.26028	1.26198	1.26211	1.26211	1.26211	1.26211	1.26211	1.26211	1.26211	1.26211	1.26211	1.26211	1.26211	1.26207	1.26099	1.24383	1.07219	0.221172	0.0266226	0.0023652	0.000170734	1.05721e-05	5.81359e-07	2.90728e-08	1.34494e-09	5.82939e-11	2.39054e-12	9.34672e-14	3.50582e-15	1.26785e-16	4.4391e-18	1.51001e-19	5.00488e-21	1.62041e-22	5.13582e-24	1.59646e-25	4.87501e-27	1.46449e-28	4.33349e-30	1.2645e-31	3.64217e-33	1.03646e-34	2.9164e-36	8.12003e-38	2.23857e-39	6.11428e-41	1.65546e-42	4.44537e-44	1.18443e-45	3.13262e-47	8.2275e-49	2.14657e-50	5.56525e-52	1.43423e-53	3.67508e-55	9.36585e-57	2.37417e-58	0	
0	0	0	0	0	0	0	0	0	0	0	0	0	0	0	0	0	0	0	0	0	0	0	0	0	0	0	0	0	2.50853e-18	1.18915e-15	2.54435e-13	3.23926e-11	2.72188e-09	1.58153e-07	6.46494e-06	0.000185185	0.00362414	0.0458959	0.337413	1.09589	1.24358	1.26055	1.262	1.26211	1.26211	1.26211	1.26211	1.26211	1.26211	1.26211	1.26211	1.26211	1.26211	1.26211	1.26207	1.26113	1.24613	1.09582	0.338845	0.0509567	0.00521381	0.000414806	2.75579e-05	1.59744e-06	8.31869e-08	3.97221e-09	1.76549e-10	7.387e-12	2.93533e-13	1.11546e-14	4.07663e-16	1.43944e-17	4.9294e-19	1.64247e-20	5.33932e-22	1.69736e-23	5.28732e-25	1.61671e-26	4.85991e-28	1.43817e-29	4.19467e-31	1.20712e-32	3.43069e-34	9.63737e-36	2.67804e-37	7.36641e-39	2.00701e-40	5.41933e-42	1.45101e-43	3.8542e-45	1.01607e-46	2.6596e-48	6.91468e-50	1.78624e-51	4.58628e-53	1.17074e-54	2.97204e-56	7.50427e-58	0	
0	0	0	0	0	0	0	0	0	0	0	0	0	0	0	0	0	0	0	0	0	0	0	0	0	0	0	0	2.048e-19	1.05968e-16	2.49448e-14	3.52742e-12	3.33093e-10	2.20708e-08	1.04841e-06	3.57833e-05	0.000863901	0.0141974	0.147019	0.79619	1.1839	1.25348	1.26138	1.26206	1.26211	1.26211	1.26211	1.26211	1.26211	1.26211	1.26211	1.26211	1.26211	1.26211	1.26211	1.2621	1.26175	1.25576	1.18989	0.797462	0.145461	0.0161856	0.00135213	9.27693e-05	5.50187e-06	2.91447e-07	1.41025e-08	6.33477e-10	2.67361e-11	1.0701e-12	4.09139e-14	1.50309e-15	5.33136e-17	1.83293e-18	6.1284e-20	1.99828e-21	6.36963e-23	1.98891e-24	6.0945e-26	1.83552e-27	5.441e-29	1.58936e-30	4.57995e-32	1.3032e-33	3.66478e-35	1.01932e-36	2.80612e-38	7.65081e-40	2.06713e-41	5.53753e-43	1.47151e-44	3.88062e-46	1.01603e-47	2.64207e-49	6.82594e-51	1.75268e-52	4.47396e-54	1.13567e-55	2.86707e-57	0	
0	0	0	0	0	0	0	0	0	0	0	0	0	0	0	0	0	0	0	0	0	0	0	0	0	0	0	0	4.5056e-20	2.34636e-17	5.56984e-15	7.96264e-13	7.6272e-11	5.15018e-09	2.5095e-07	8.87208e-06	0.000225298	0.00399756	0.0470239	0.331767	1.09674	1.24392	1.2606	1.26201	1.26211	1.26211	1.26211	1.26211	1.26211	1.26211	1.26211	1.26211	1.26211	1.26211	1.26211	1.26207	1.26117	1.24647	1.09679	0.333196	0.0519416	0.00559187	0.000470075	3.3008e-05	2.01976e-06	1.10818e-07	5.56353e-09	2.59427e-10	1.13644e-11	4.71843e-13	1.86998e-14	7.11471e-16	2.61097e-17	9.27855e-19	3.20352e-20	1.07762e-21	3.54037e-23	1.13837e-24	3.58888e-26	1.11115e-27	3.38326e-29	1.01435e-30	2.99791e-32	8.74287e-34	2.51817e-35	7.16909e-37	2.01886e-38	5.62729e-40	1.55348e-41	4.24979e-43	1.15266e-44	3.10106e-46	8.27905e-48	2.19423e-49	5.7753e-51	1.51009e-52	3.9238e-54	1.01347e-55	2.60239e-57	0	
0	0	0	0	0	0	0	0	0	0	0	0	0	0	0	0	0	0	0	0	0	0	0	0	0	0	0	0	5.40672e-21	3.03882e-18	7.85825e-16	1.23662e-13	1.3193e-11	1.00565e-09	5.6194e-08	2.32148e-06	7.04978e-05	0.00154048	0.0231962	0.221205	1.07261	1.24096	1.26033	1.26199	1.26211	1.26211	1.26211	1.26211	1.26211	1.26211	1.26211	1.26211	1.26211	1.26211	1.26211	1.26207	1.26102	1.24408	1.07332	0.222605	0.0274243	0.00252719	0.000191007	1.24623e-05	7.25072e-07	3.84613e-08	1.8899e-09	8.70551e-11	3.7938e-12	1.57554e-13	6.27188e-15	2.40473e-16	8.91599e-18	3.20754e-19	1.12285e-20	3.83434e-22	1.27999e-23	4.1849e-25	1.34227e-26	4.22959e-28	1.31107e-29	4.00242e-31	1.20459e-32	3.57749e-34	1.04932e-35	3.04202e-37	8.72247e-39	2.47525e-40	6.95587e-42	1.93673e-43	5.34549e-45	1.46319e-46	3.97369e-48	1.0711e-49	2.86664e-51	7.62012e-53	2.01249e-54	5.2822e-56	1.37805e-57	0	
0	0	0	0	0	0	0	0	0	0	0	0	0	0	0	0	0	0	0	0	0	0	0	0	0	0	0	0	4.68582e-22	4.96887e-19	1.90885e-16	4.00695e-14	5.356e-12	4.90604e-10	3.19595e-08	1.50377e-06	5.10462e-05	0.00122754	0.0200684	0.205255	1.05691	1.23796	1.25998	1.26196	1.2621	1.26211	1.26211	1.26211	1.26211	1.26211	1.26211	1.26211	1.26211	1.26211	1.26211	1.26206	1.26081	1.24154	1.05796	0.20628	0.0238277	0.0020564	0.000145652	8.92272e-06	4.88788e-07	2.44932e-08	1.14113e-09	5.00313e-11	2.08342e-12	8.30015e-14	3.18181e-15	1.17916e-16	4.24085e-18	1.4849e-19	5.07542e-21	1.69732e-22	5.56434e-24	1.79123e-25	5.6703e-27	1.76737e-28	5.43004e-30	1.64611e-31	4.92805e-33	1.45812e-34	4.267e-36	1.23577e-37	3.54395e-39	1.00694e-40	2.83591e-42	7.92043e-44	2.19456e-45	6.03462e-47	1.64744e-48	4.46649e-50	1.20296e-51	3.21946e-53	8.56404e-55	2.26488e-56	5.95555e-58	0	
0	0	0	0	0	0	0	0	0	0	0	0	0	0	0	0	0	0	0	0	0	0	0	0	0	0	0	0	3.28008e-23	2.72642e-19	1.36166e-16	3.16466e-14	4.44352e-12	4.17537e-10	2.75548e-08	1.30398e-06	4.43287e-05	0.00106506	0.0173867	0.178	0.933145	1.21249	1.25694	1.26169	1.26208	1.26211	1.26211	1.26211	1.26211	1.26211	1.26211	1.26211	1.26211	1.26211	1.2621	1.26192	1.25845	1.21709	0.934278	0.177899	0.0203323	0.00173878	0.000121979	7.39355e-06	4.00235e-07	1.97927e-08	9.08855e-10	3.92245e-11	1.60602e-12	6.28447e-14	2.36415e-15	8.59142e-17	3.02808e-18	1.03857e-19	3.47613e-21	1.13815e-22	3.65295e-24	1.15137e-25	3.56942e-27	1.0899e-28	3.28179e-30	9.75517e-32	2.86534e-33	8.32343e-35	2.39302e-36	6.81401e-38	1.92283e-39	5.38022e-41	1.49348e-42	4.11468e-44	1.12561e-45	3.0586e-47	8.2582e-49	2.21622e-50	5.91333e-52	1.56912e-53	4.14181e-55	1.08776e-56	2.8426e-58	0	
0	0	0	0	0	0	0	0	0	0	0	0	0	0	0	0	0	0	0	0	0	0	0	0	0	0	0	0	1.96805e-24	5.19786e-20	2.67426e-17	6.31509e-15	8.99393e-13	8.58452e-11	5.77428e-09	2.80072e-07	9.84402e-06	0.000248028	0.00435218	0.0503369	0.345198	1.08705	1.24089	1.26012	1.26193	1.26209	1.26211	1.26211	1.26211	1.26211	1.26211	1.26211	1.26211	1.2621	1.26202	1.26083	1.24365	1.08663	0.346186	0.0555696	0.00610925	0.000522487	3.72514e-05	2.31174e-06	1.28548e-07	6.53797e-09	3.08773e-10	1.36977e-11	5.75915e-13	2.31139e-14	8.9064e-16	3.31063e-17	1.19185e-18	4.16948e-20	1.42145e-21	4.73399e-23	1.54344e-24	4.93535e-26	1.55029e-27	4.79069e-29	1.4582e-30	4.37688e-32	1.29681e-33	3.79616e-35	1.09882e-36	3.14732e-38	8.92652e-40	2.5085e-41	6.98843e-43	1.93108e-44	5.29513e-46	1.44145e-47	3.89705e-49	1.04676e-50	2.79434e-52	7.41596e-54	1.9572e-55	5.13807e-57	1.34188e-58	0	
0	0	0	0	0	0	0	0	0	0	0	0	0	0	0	0	0	0	0	0	0	0	0	0	0	0	0	0	1.04962e-25	5.96417e-21	3.31052e-18	8.45961e-16	1.31274e-13	1.37743e-11	1.02983e-09	5.62901e-08	2.26904e-06	6.70877e-05	0.00142506	0.0208521	0.193801	0.934576	1.2007	1.25357	1.26046	1.26184	1.26204	1.26207	1.26207	1.2621	1.26207	1.26207	1.26206	1.26192	1.26083	1.25534	1.20511	0.934887	0.193564	0.0242327	0.00227685	0.000175559	1.16813e-05	6.92595e-07	3.7407e-08	1.8699e-09	8.75507e-11	3.87518e-12	1.63342e-13	6.59555e-15	2.56373e-16	9.6323e-18	3.51007e-19	1.24424e-20	4.30121e-22	1.45321e-23	4.80784e-25	1.56022e-26	4.97376e-28	1.55963e-29	4.81628e-31	1.46628e-32	4.40506e-34	1.30706e-35	3.83342e-37	1.11208e-38	3.19324e-40	9.08089e-42	2.55899e-43	7.14938e-45	1.98122e-46	5.44814e-48	1.48726e-49	4.03191e-51	1.08585e-52	2.90602e-54	7.73091e-56	2.04497e-57	5.37923e-59	0	
0	0	0	0	0	0	0	0	0	0	0	0	0	0	0	0	0	0	0	0	0	0	0	0	0	0	0	0	5.09818e-27	5.06084e-22	3.10645e-19	8.72039e-17	1.47995e-14	1.69306e-12	1.37761e-10	8.19253e-09	3.59901e-07	1.16505e-05	0.000273552	0.00450911	0.0492177	0.318958	0.961879	1.20173	1.24201	1.25782	1.26066	1.26099	1.26113	1.26175	1.26117	1.26102	1.26081	1.25845	1.24365	1.20511	0.960969	0.318594	0.0536584	0.00618921	0.000555911	4.16831e-05	2.72409e-06	1.59694e-07	8.56948e-09	4.27223e-10	2.00105e-11	8.88272e-13	3.76286e-14	1.52968e-15	5.99503e-17	2.27378e-18	8.3729e-20	3.0017e-21	1.05016e-22	3.59276e-24	1.20412e-25	3.95975e-27	1.27947e-28	4.06727e-30	1.27341e-31	3.93068e-33	1.19727e-34	3.60163e-36	1.07082e-37	3.14877e-39	9.16315e-41	2.64045e-42	7.53821e-44	2.13319e-45	5.98631e-47	1.66662e-48	4.60504e-50	1.2633e-51	3.4419e-53	9.31642e-55	2.50603e-56	6.70086e-58	1.78129e-59	0	
0	0	0	0	0	0	0	0	0	0	0	0	0	0	0	0	0	0	0	0	0	0	0	0	0	0	0	0	2.29418e-28	3.49971e-23	2.38824e-20	7.29461e-18	1.32821e-15	1.61515e-13	1.38891e-11	8.70488e-10	4.03148e-08	1.38168e-06	3.47001e-05	0.000624767	0.00777777	0.0635553	0.320137	0.936943	1.08324	1.21501	1.24069	1.24383	1.24613	1.25576	1.24647	1.24408	1.24154	1.21709	1.08663	0.934887	0.318594	0.0678583	0.00983323	0.00107083	9.42268e-05	7.0415e-06	4.62595e-07	2.73841e-08	1.48745e-09	7.51602e-11	3.57063e-12	1.60824e-13	6.91394e-15	2.85269e-16	1.13477e-17	4.36854e-19	1.6328e-20	5.94136e-22	2.10971e-23	7.32543e-25	2.49168e-26	8.31547e-28	2.72659e-29	8.79489e-31	2.79383e-32	8.74908e-34	2.70337e-35	8.2487e-37	2.48727e-38	7.41668e-40	2.18834e-41	6.39273e-43	1.84991e-44	5.30535e-46	1.5086e-47	4.25508e-49	1.19092e-50	3.30867e-52	9.12779e-54	2.50124e-55	6.80999e-57	1.84273e-58	4.95621e-60	0	
0	0	0	0	0	0	0	0	0	0	0	0	0	0	0	0	0	0	0	0	0	0	0	0	0	0	0	0	9.68654e-30	2.08333e-24	1.57378e-21	5.15212e-19	9.88281e-17	1.25386e-14	1.11917e-12	7.26723e-11	3.49097e-09	1.24665e-07	3.29282e-06	6.34008e-05	0.00086857	0.00818302	0.0506462	0.189639	0.349158	0.937996	1.05634	1.07219	1.09582	1.18989	1.09679	1.07332	1.05796	0.934278	0.346186	0.193564	0.0536584	0.00983323	0.00132033	0.000139337	1.21784e-05	9.16232e-07	6.10481e-08	3.67991e-09	2.03962e-10	1.05264e-11	5.10924e-13	2.35096e-14	1.03223e-15	4.34797e-17	1.76488e-18	6.92959e-20	2.64032e-21	9.78949e-23	3.54041e-24	1.25151e-25	4.33208e-27	1.47072e-28	4.90403e-30	1.6081e-31	5.19157e-33	1.65178e-34	5.18403e-36	1.60623e-37	4.91696e-39	1.48811e-40	4.45544e-42	1.32044e-43	3.87564e-45	1.12714e-46	3.24955e-48	9.29083e-50	2.63537e-51	7.41896e-53	2.0735e-54	5.75518e-56	1.58686e-57	4.3477e-59	1.1838e-60	0	
0	0	0	0	0	0	0	0	0	0	0	0	0	0	0	0	0	0	0	0	0	0	0	0	0	0	0	0	3.87461e-31	1.10499e-25	9.16635e-23	3.17246e-20	6.32606e-18	8.27492e-16	7.58632e-14	5.05534e-12	2.49617e-10	9.20169e-09	2.52795e-07	5.12372e-06	7.51966e-05	0.00077602	0.00536648	0.0226905	0.0534333	0.175822	0.204899	0.221172	0.338845	0.797462	0.333196	0.222605	0.20628	0.177899	0.0555696	0.0242327	0.00618921	0.00107083	0.000139337	1.45564e-05	1.27772e-06	9.74158e-08	6.61374e-09	4.07514e-10	2.31279e-11	1.22322e-12	6.08578e-14	2.87005e-15	1.29108e-16	5.56901e-18	2.31355e-19	9.29139e-21	3.61886e-22	1.37073e-23	5.0613e-25	1.82563e-26	6.44472e-28	2.23019e-29	7.57626e-31	2.52989e-32	8.3135e-34	2.69124e-35	8.59046e-37	2.70609e-38	8.41913e-40	2.58879e-41	7.87243e-43	2.36898e-44	7.05817e-46	2.08312e-47	6.09303e-49	1.76698e-50	5.08258e-52	1.45061e-53	4.10942e-55	1.15588e-56	3.22909e-58	8.96195e-60	2.47136e-61	0	
0	0	0	0	0	0	0	0	0	0	0	0	0	0	0	0	0	0	0	0	0	0	0	0	0	0	0	0	1.4794e-32	5.34529e-27	4.82569e-24	1.7464e-21	3.5868e-19	4.80055e-17	4.49119e-15	3.05346e-13	1.54092e-11	5.82699e-10	1.65192e-08	3.48431e-07	5.37932e-06	5.90662e-05	0.000438184	0.00200597	0.00551552	0.0197381	0.023482	0.0266226	0.0509567	0.145461	0.0519416	0.0274243	0.0238277	0.0203323	0.00610925	0.00227685	0.000555911	9.42268e-05	1.21784e-05	1.27772e-06	1.13562e-07	8.81654e-09	6.11766e-10	3.86131e-11	2.24771e-12	1.22008e-13	6.23089e-15	3.01587e-16	1.39192e-17	6.1571e-19	2.62165e-20	1.07848e-21	4.30005e-23	1.6663e-24	6.29061e-26	2.31852e-27	8.35822e-29	2.95201e-30	1.02297e-31	3.48269e-33	1.16624e-34	3.84543e-36	1.24969e-37	4.00623e-39	1.26792e-40	3.9645e-42	1.22549e-43	3.74731e-45	1.13413e-46	3.39911e-48	1.00932e-49	2.97066e-51	8.6698e-53	2.50995e-54	7.2107e-56	2.05631e-57	5.82279e-59	1.6377e-60	4.57567e-62	0	
0	0	0	0	0	0	0	0	0	0	0	0	0	0	0	0	0	0	0	0	0	0	0	0	0	0	0	0	5.42446e-34	2.39786e-28	2.33559e-25	8.76362e-23	1.8419e-20	2.50957e-18	2.38575e-16	1.64845e-14	8.46873e-13	3.2703e-11	9.51116e-10	2.07046e-08	3.32156e-07	3.8134e-06	2.97037e-05	0.000144045	0.000441032	0.00165618	0.00200494	0.0023652	0.00521381	0.0161856	0.00559187	0.00252719	0.0020564	0.00173878	0.000522487	0.000175559	4.16831e-05	7.0415e-06	9.16232e-07	9.74158e-08	8.81654e-09	6.99412e-10	4.97055e-11	3.21797e-12	1.92302e-13	1.072e-14	5.62271e-16	2.79459e-17	1.324e-18	6.00923e-20	2.624e-21	1.10638e-22	4.51869e-24	1.79258e-25	6.92389e-27	2.60941e-28	9.61323e-30	3.4678e-31	1.22671e-32	4.26099e-34	1.45507e-35	4.8902e-37	1.61908e-38	5.28565e-40	1.70281e-41	5.41746e-43	1.70327e-44	5.2954e-46	1.6289e-47	4.96022e-49	1.496e-50	4.4708e-52	1.32448e-53	3.89117e-55	1.13411e-56	3.28029e-58	9.41882e-60	2.68556e-61	7.60485e-63	0	
0	0	0	0	0	0	0	0	0	0	0	0	0	0	0	0	0	0	0	0	0	0	0	0	0	0	0	0	1.91942e-35	1.00992e-29	1.05295e-26	4.06984e-24	8.71317e-22	1.20428e-19	1.15991e-17	8.12269e-16	4.23582e-14	1.6647e-12	4.94497e-11	1.10421e-09	1.82519e-08	2.16679e-07	1.74974e-06	8.86831e-06	2.93911e-05	0.00011392	0.00014011	0.000170734	0.000414806	0.00135213	0.000470075	0.000191007	0.000145652	0.000121979	3.72514e-05	1.16813e-05	2.72409e-06	4.62595e-07	6.10481e-08	6.61374e-09	6.11766e-10	4.97055e-11	3.62307e-12	2.40792e-13	1.47788e-14	8.46294e-16	4.55951e-17	2.32722e-18	1.13188e-19	5.27155e-21	2.36089e-22	1.02042e-23	4.26984e-25	1.73444e-26	6.85593e-28	2.64272e-29	9.95252e-31	3.66807e-32	1.32501e-33	4.69742e-35	1.6364e-36	5.6077e-38	1.89226e-39	6.29319e-41	2.06451e-42	6.68569e-44	2.13877e-45	6.76315e-47	2.11523e-48	6.54674e-50	2.0062e-51	6.08985e-53	1.83195e-54	5.46348e-56	1.61599e-57	4.74218e-59	1.38111e-60	3.99324e-62	1.14639e-63	0	
0	0	0	0	0	0	0	0	0	0	0	0	0	0	0	0	0	0	0	0	0	0	0	0	0	0	0	0	6.58088e-37	4.03156e-31	4.46779e-28	1.76997e-25	3.84694e-23	5.38001e-21	5.2386e-19	3.71043e-17	1.95974e-15	7.81773e-14	2.36381e-12	5.38982e-11	9.12425e-10	1.11177e-08	9.23165e-08	4.84643e-07	1.707e-06	6.76684e-06	8.44637e-06	1.05721e-05	2.75579e-05	9.27693e-05	3.3008e-05	1.24623e-05	8.92272e-06	7.39355e-06	2.31174e-06	6.92595e-07	1.59694e-07	2.73841e-08	3.67991e-09	4.07514e-10	3.86131e-11	3.21797e-12	2.40792e-13	1.64361e-14	1.03628e-15	6.09588e-17	3.37318e-18	1.76784e-19	8.8253e-21	4.21701e-22	1.93674e-23	8.58002e-25	3.67795e-26	1.52971e-27	6.18788e-29	2.43963e-30	9.39238e-32	3.53695e-33	1.30479e-34	4.72175e-36	1.67822e-37	5.8649e-39	2.01735e-40	6.83612e-42	2.2841e-43	7.53062e-45	2.4517e-46	7.88699e-48	2.50855e-49	7.89307e-51	2.45813e-52	7.58073e-54	2.3161e-55	7.01334e-57	2.10564e-58	6.27035e-60	1.85266e-61	5.43297e-63	1.58154e-64	0	
0	0	0	0	0	0	0	0	0	0	0	0	0	0	0	0	0	0	0	0	0	0	0	0	0	0	0	0	2.19363e-38	1.53676e-32	1.79907e-29	7.27665e-27	1.60151e-24	2.26199e-22	2.22308e-20	1.59004e-18	8.49119e-17	3.43104e-15	1.05318e-13	2.44361e-12	4.21801e-11	5.24783e-10	4.45581e-09	2.40759e-08	8.89979e-08	3.58806e-07	4.54171e-07	5.81359e-07	1.59744e-06	5.50187e-06	2.01976e-06	7.25072e-07	4.88788e-07	4.00235e-07	1.28548e-07	3.7407e-08	8.56948e-09	1.48745e-09	2.03962e-10	2.31279e-11	2.24771e-12	1.92302e-13	1.47788e-14	1.03628e-15	6.71176e-17	4.05523e-18	2.30425e-19	1.23966e-20	6.3502e-22	3.11224e-23	1.46538e-24	6.65219e-26	2.92055e-27	1.24347e-28	5.1465e-30	2.07503e-31	8.16567e-33	3.1416e-34	1.18349e-35	4.37145e-37	1.58516e-38	5.64938e-40	1.98085e-41	6.83961e-43	2.32763e-44	7.81342e-46	2.58898e-47	8.47353e-49	2.74106e-50	8.76874e-52	2.77557e-53	8.69717e-55	2.69906e-56	8.29931e-58	2.52953e-59	7.64486e-61	2.29183e-62	6.81741e-64	2.01258e-65	0	
0	0	0	0	0	0	0	0	0	0	0	0	0	0	0	0	0	0	0	0	0	0	0	0	0	0	0	0	7.12929e-40	5.62688e-34	6.92142e-31	2.84938e-28	6.33804e-26	9.02774e-24	8.94388e-22	6.45179e-20	3.47872e-18	1.42143e-16	4.42004e-15	1.04076e-13	1.82577e-12	2.31065e-11	1.99817e-10	1.10602e-09	4.25255e-09	1.73723e-08	2.22854e-08	2.90728e-08	8.31869e-08	2.91447e-07	1.10818e-07	3.84613e-08	2.44932e-08	1.97927e-08	6.53797e-09	1.8699e-09	4.27223e-10	7.51602e-11	1.05264e-11	1.22322e-12	1.22008e-13	1.072e-14	8.46294e-16	6.09588e-17	4.05523e-18	2.516e-19	1.4676e-20	8.10215e-22	4.25726e-23	2.13929e-24	1.03229e-25	4.80029e-27	2.1578e-28	9.40191e-30	3.98036e-31	1.6408e-32	6.59845e-34	2.59311e-35	9.97373e-37	3.75969e-38	1.39075e-39	5.05408e-41	1.80627e-42	6.3545e-44	2.20251e-45	7.52729e-47	2.53841e-48	8.4525e-50	2.78086e-51	9.04477e-53	2.90988e-54	9.26469e-56	2.92057e-57	9.1196e-59	2.82184e-60	8.65574e-62	2.63297e-63	7.94522e-65	2.37879e-66	0	
0	0	0	0	0	0	0	0	0	0	0	0	0	0	0	0	0	0	0	0	0	0	0	0	0	0	0	0	2.2646e-41	1.98867e-35	2.55822e-32	1.06928e-29	2.40017e-27	3.44377e-25	3.43581e-23	2.49714e-21	1.3579e-19	5.60303e-18	1.762e-16	4.20151e-15	7.47169e-14	9.59177e-13	8.42301e-12	4.75909e-11	1.89065e-10	7.80623e-10	1.01434e-09	1.34494e-09	3.97221e-09	1.41025e-08	5.56353e-09	1.8899e-09	1.14113e-09	9.08855e-10	3.08773e-10	8.75507e-11	2.00105e-11	3.57063e-12	5.10924e-13	6.08578e-14	6.23089e-15	5.62271e-16	4.55951e-17	3.37318e-18	2.30425e-19	1.4676e-20	8.78475e-22	4.97484e-23	2.68029e-24	1.38039e-25	6.82369e-27	3.24915e-28	1.49486e-29	6.66328e-31	2.88456e-32	1.21536e-33	4.99328e-35	2.00388e-36	7.86734e-38	3.02595e-39	1.14161e-40	4.22962e-42	1.5405e-43	5.52102e-45	1.94874e-46	6.77984e-48	2.32669e-49	7.88155e-51	2.63703e-52	8.71981e-54	2.85119e-55	9.22348e-57	2.95339e-58	9.36478e-60	2.94175e-61	9.15835e-63	2.82676e-64	8.6531e-66	2.62749e-67	0	
0	0	0	0	0	0	0	0	0	0	0	0	0	0	0	0	0	0	0	0	0	0	0	0	0	0	0	0	7.04542e-43	6.81123e-37	9.12576e-34	3.86504e-31	8.74432e-29	1.26267e-26	1.26759e-24	9.27445e-23	5.08144e-21	2.11495e-19	6.7167e-18	1.61917e-16	2.91316e-15	3.78529e-14	3.36789e-13	1.93699e-12	7.91082e-12	3.29516e-11	4.33523e-11	5.82939e-11	1.76549e-10	6.33477e-10	2.59427e-10	8.70551e-11	5.00313e-11	3.92245e-11	1.36977e-11	3.87518e-12	8.88272e-13	1.60824e-13	2.35096e-14	2.87005e-15	3.01587e-16	2.79459e-17	2.32722e-18	1.76784e-19	1.23966e-20	8.10215e-22	4.97484e-23	2.88872e-24	1.59514e-25	8.41627e-27	4.26031e-28	2.07636e-29	9.77347e-31	4.45513e-32	1.97144e-33	8.48694e-35	3.56117e-36	1.459e-37	5.84537e-39	2.29336e-40	8.8224e-42	3.33166e-43	1.23638e-44	4.51322e-46	1.62198e-47	5.74363e-49	2.00557e-50	6.91042e-52	2.35107e-53	7.90288e-55	2.62606e-56	8.63075e-58	2.80692e-59	9.03746e-61	2.88192e-62	9.10561e-64	2.85162e-65	8.85484e-67	2.72681e-68	0	
0	0	0	0	0	0	0	0	0	0	0	0	0	0	0	0	0	0	0	0	0	0	0	0	0	0	0	0	2.15071e-44	2.26836e-38	3.15402e-35	1.35135e-32	3.07847e-30	4.47042e-28	4.5127e-26	3.32155e-24	1.83218e-22	7.68469e-21	2.46182e-19	5.9914e-18	1.08887e-16	1.42965e-15	1.28651e-14	7.51501e-14	3.14283e-13	1.31889e-12	1.75618e-12	2.39054e-12	7.387e-12	2.67361e-11	1.13644e-11	3.7938e-12	2.08342e-12	1.60602e-12	5.75915e-13	1.63342e-13	3.76286e-14	6.91394e-15	1.03223e-15	1.29108e-16	1.39192e-17	1.324e-18	1.13188e-19	8.8253e-21	6.3502e-22	4.25726e-23	2.68029e-24	1.59514e-25	9.02392e-27	4.87561e-28	2.52624e-29	1.2597e-30	6.06396e-32	2.82569e-33	1.27767e-34	5.61795e-36	2.40676e-37	1.00632e-38	4.11303e-40	1.6456e-41	6.4533e-43	2.48336e-44	9.38779e-46	3.48961e-47	1.27665e-48	4.6005e-50	1.63423e-51	5.72667e-53	1.98087e-54	6.7677e-56	2.28509e-57	7.62906e-59	2.51977e-60	8.23707e-62	2.66621e-63	8.54873e-65	2.71619e-66	8.55512e-68	2.67165e-69	0	
