0	0	0	0	0	0	0	0	0	0	0	0	0	0	0	0	0	0	0	0	0	0	0	0	0	0	0	0	0	0	0	0	0	0	0	0	0	0	0	0	0	0	0	0	0	0	0	0	0	0	0	0	0	0	0	0	0	0	0	0	0	0	0	0	0	0	0	0	0	0	0	0	0	0	0	0	0	0	0	0	0	0	0	0	0	0	0	0	0	0	0	0	0	0	0	0	0	0	0	0	
0	0	0	0	0	0	0	0	0	0	0	0	0	0	0	0	0	0	0	0	0	0	0	0	0	0	0	0	0	0	0	0	0	0	0	0	0	0	0	0	0	0	0	1.09951e-68	4.59596e-67	2.13407e-65	3.79067e-65	5.32561e-65	8.53945e-64	1.93706e-62	1.5255e-62	6.24818e-63	1.77861e-63	4.18297e-64	9.10903e-65	1.89761e-65	3.68468e-66	6.46697e-67	1.01272e-67	1.41659e-68	1.78333e-69	2.03967e-70	2.13937e-71	2.07544e-72	1.87627e-73	1.59108e-74	1.27281e-75	9.6532e-77	6.9709e-78	4.81137e-79	3.18469e-80	2.02757e-81	1.24493e-82	7.38931e-84	4.24895e-85	2.37145e-86	1.28694e-87	6.80155e-89	3.50583e-90	1.76476e-91	8.686e-93	4.18489e-94	1.97574e-95	9.14895e-97	4.15908e-98	1.85767e-99	8.15865e-101	3.52582e-102	1.50033e-103	6.29031e-105	2.59999e-106	1.06006e-107	4.26549e-109	1.69475e-110	6.65186e-112	2.58029e-113	9.89611e-115	3.75405e-116	1.40907e-117	0	
0	0	0	0	0	0	0	0	0	0	0	0	0	0	0	0	0	0	0	0	0	0	0	0	0	0	0	0	0	0	0	0	0	0	0	0	0	0	0	0	0	0	4.508e-67	2.99135e-65	8.53863e-64	2.01847e-62	3.55036e-62	5.68936e-62	7.65422e-61	1.16609e-59	9.11369e-60	3.73202e-60	1.07224e-60	2.63539e-61	6.2395e-62	1.42348e-62	2.96817e-63	5.46989e-64	8.85299e-65	1.26767e-65	1.62457e-66	1.88535e-67	2.00257e-68	1.96494e-69	1.79523e-70	1.53762e-71	1.24186e-72	9.50556e-74	6.9257e-75	4.82164e-76	3.21836e-77	2.06576e-78	1.27845e-79	7.64685e-81	4.42997e-82	2.49046e-83	1.36106e-84	7.2425e-86	3.7579e-87	1.90382e-88	9.42895e-90	4.57034e-91	2.17037e-92	1.01074e-93	4.62012e-95	2.07462e-96	9.15872e-98	3.97791e-99	1.70096e-100	7.16519e-102	2.9752e-103	1.21844e-104	4.92398e-106	1.96459e-107	7.74238e-109	3.0152e-110	1.16085e-111	4.42011e-113	1.66507e-114	0	
0	0	0	0	0	0	0	0	0	0	0	0	0	0	0	0	0	0	0	0	0	0	0	0	0	0	0	0	0	0	0	0	0	0	0	0	0	0	0	0	0	9.02699e-66	9.45926e-64	3.55835e-62	7.72892e-61	1.23973e-59	2.16564e-59	3.84403e-59	4.45407e-58	5.12609e-57	3.9766e-57	1.62842e-57	4.72539e-58	1.21312e-58	3.08853e-59	7.54014e-60	1.64821e-60	3.13165e-61	5.17479e-62	7.52496e-63	9.7652e-64	1.14572e-64	1.22916e-65	1.2174e-66	1.12221e-67	9.69438e-69	7.89451e-70	6.09097e-71	4.47209e-72	3.13663e-73	2.10868e-74	1.36285e-75	8.49057e-77	5.11103e-78	2.97917e-79	1.68476e-80	9.25983e-82	4.95432e-83	2.58415e-84	1.31579e-85	6.54826e-87	3.18883e-88	1.5211e-89	7.11429e-91	3.26544e-92	1.47216e-93	6.524e-95	2.84403e-96	1.22043e-97	5.15862e-99	2.14908e-100	8.82916e-102	3.57902e-103	1.4322e-104	5.66039e-106	2.21047e-107	8.53305e-109	3.25745e-110	1.23014e-111	0	
0	0	0	0	0	0	0	0	0	0	0	0	0	0	0	0	0	0	0	0	0	0	0	0	0	0	0	0	0	0	0	0	0	0	0	0	0	0	0	0	1.17648e-64	1.72477e-62	9.47079e-61	2.58632e-59	4.54169e-58	5.55924e-57	9.66771e-57	1.85937e-56	1.89167e-55	1.75403e-54	1.35081e-54	5.53296e-55	1.62282e-55	4.34914e-56	1.18009e-56	3.03657e-57	6.86703e-58	1.33337e-58	2.23709e-59	3.29232e-60	4.31678e-61	5.11256e-62	5.53347e-63	5.52679e-64	5.1359e-65	4.47126e-66	3.66834e-67	2.85061e-68	2.10736e-69	1.48778e-70	1.00649e-71	6.54414e-73	4.10037e-74	2.48178e-75	1.45415e-76	8.26426e-78	4.56374e-79	2.45278e-80	1.28486e-81	6.5691e-83	3.28204e-84	1.60424e-85	7.67971e-87	3.6041e-88	1.65967e-89	7.50563e-91	3.33611e-92	1.45848e-93	6.27579e-95	2.65966e-96	1.11081e-97	4.57462e-99	1.85869e-100	7.45446e-102	2.9525e-103	1.15538e-104	4.46897e-106	1.70928e-107	6.46671e-109	0	
0	0	0	0	0	0	0	0	0	0	0	0	0	0	0	0	0	0	0	0	0	0	0	0	0	0	0	0	0	0	0	0	0	0	0	0	0	0	0	1.12205e-63	2.12859e-61	1.59322e-59	6.05744e-58	1.31973e-56	1.94773e-55	1.94013e-54	3.36528e-54	6.89365e-54	6.24981e-53	4.86277e-52	3.71831e-52	1.52379e-52	4.52071e-53	1.26401e-53	3.62849e-54	9.73822e-55	2.26015e-55	4.46269e-56	7.58035e-57	1.12709e-57	1.49146e-58	1.78166e-59	1.94419e-60	1.95711e-61	1.8324e-62	1.60677e-63	1.32731e-64	1.03819e-65	7.72281e-67	5.48451e-68	3.73109e-69	2.43879e-70	1.53576e-71	9.33945e-73	5.49687e-74	3.13731e-75	1.73948e-76	9.38454e-78	4.93379e-79	2.53114e-80	1.26872e-81	6.22061e-83	2.98664e-84	1.40555e-85	6.4897e-87	2.94232e-88	1.31096e-89	5.74449e-91	2.47728e-92	1.05207e-93	4.40283e-95	1.8167e-96	7.39497e-98	2.97107e-99	1.17876e-100	4.62026e-102	1.7899e-103	6.85625e-105	2.59764e-106	0	
0	0	0	0	0	0	0	0	0	0	0	0	0	0	0	0	0	0	0	0	0	0	0	0	0	0	0	0	0	0	0	0	0	0	0	0	0	0	8.34835e-63	1.94841e-60	1.86765e-58	9.48888e-57	2.7914e-55	5.09912e-54	6.49767e-53	5.48522e-52	9.50401e-52	2.04535e-51	1.67187e-50	1.12257e-49	8.52414e-50	3.49598e-50	1.04993e-50	3.0609e-51	9.23854e-52	2.56661e-52	6.08186e-53	1.21754e-53	2.09032e-54	3.13698e-55	4.18687e-56	5.04238e-57	5.54532e-58	5.62385e-59	5.30295e-60	4.68142e-61	3.89197e-62	3.06262e-63	2.29119e-64	1.63587e-65	1.11849e-66	7.34563e-68	4.64632e-69	2.83744e-70	1.6766e-71	9.60462e-73	5.34391e-74	2.89255e-75	1.52544e-76	7.8488e-78	3.94508e-79	1.93937e-80	9.33444e-82	4.40326e-83	2.03761e-84	9.25783e-86	4.1332e-87	1.8146e-88	7.83971e-90	3.33526e-91	1.3981e-92	5.77806e-94	2.35557e-95	9.47779e-97	3.76551e-98	1.47791e-99	5.73283e-101	2.19869e-102	8.33996e-104	0	
0	0	0	0	0	0	0	0	0	0	0	0	0	0	0	0	0	0	0	0	0	0	0	0	0	0	0	0	0	0	0	0	0	0	0	0	0	5.04432e-62	1.39906e-59	1.64193e-57	1.05908e-55	4.09928e-54	9.90129e-53	1.56386e-51	1.75504e-50	1.29122e-49	2.23723e-49	5.00215e-49	3.72152e-48	2.20096e-47	1.65996e-47	6.81529e-48	2.07366e-48	6.2994e-49	1.98865e-49	5.68691e-50	1.37102e-50	2.7775e-51	4.81491e-52	7.2891e-53	9.80886e-54	1.19061e-54	1.31921e-55	1.34746e-56	1.27918e-57	1.13647e-58	9.50493e-60	7.52158e-61	5.65661e-62	4.05859e-63	2.78773e-64	1.83868e-65	1.16768e-66	7.15761e-68	4.24417e-69	2.43932e-70	1.3614e-71	7.39027e-73	3.908e-74	2.01592e-75	1.01572e-76	5.00455e-78	2.41393e-79	1.14102e-80	5.29028e-82	2.40801e-83	1.07693e-84	4.73586e-86	2.04927e-87	8.73127e-89	3.66527e-90	1.51684e-91	6.19183e-93	2.49442e-94	9.92211e-96	3.89874e-97	1.51398e-98	5.8126e-100	2.207e-101	0	
0	0	0	0	0	0	0	0	0	0	0	0	0	0	0	0	0	0	0	0	0	0	0	0	0	0	0	0	0	0	0	0	0	0	0	0	2.54426e-61	8.17854e-59	1.13776e-56	8.94708e-55	4.36424e-53	1.36992e-51	2.81851e-50	3.93079e-49	3.94442e-48	2.58133e-47	4.47586e-47	1.03016e-46	7.03047e-46	3.71989e-45	2.78703e-45	1.14586e-45	3.53523e-46	1.11832e-46	3.67607e-47	1.07747e-47	2.63628e-48	5.39797e-49	9.44283e-50	1.44156e-50	1.95546e-51	2.39177e-52	2.66945e-53	2.74545e-54	2.62325e-55	2.34473e-56	1.97213e-57	1.56883e-58	1.18561e-59	8.54535e-61	5.89432e-62	3.90292e-63	2.48764e-64	1.53003e-65	9.10117e-67	5.2463e-68	2.93606e-69	1.59794e-70	8.47045e-72	4.37937e-73	2.21125e-74	1.0917e-75	5.27583e-77	2.49826e-78	1.16027e-79	5.28979e-81	2.36936e-82	1.04345e-83	4.52136e-85	1.92894e-86	8.10756e-88	3.35925e-89	1.37283e-90	5.53658e-92	2.2046e-93	8.67132e-95	3.37053e-96	1.29524e-97	4.92219e-99	0	
0	0	0	0	0	0	0	0	0	0	0	0	0	0	0	0	0	0	0	0	0	0	0	0	0	0	0	0	0	0	0	0	0	0	0	1.09277e-60	3.99512e-58	6.43205e-56	5.9819e-54	3.54397e-52	1.39311e-50	3.68773e-49	6.62566e-48	8.28493e-47	7.52338e-46	4.44811e-45	7.72191e-45	1.81548e-44	1.14399e-43	5.4821e-43	4.08096e-43	1.68077e-43	5.26266e-44	1.73243e-44	5.90671e-45	1.76861e-45	4.38397e-46	9.06525e-47	1.59968e-47	2.46224e-48	3.36636e-49	4.1485e-50	4.66315e-51	4.82801e-52	4.64192e-53	4.17313e-54	3.5288e-55	2.82108e-56	2.14174e-57	1.55019e-58	1.07345e-59	7.13351e-61	4.56197e-62	2.81457e-63	1.67903e-64	9.70462e-66	5.44474e-67	2.97022e-68	1.57791e-69	8.17485e-71	4.13565e-72	2.04549e-73	9.90207e-75	4.69651e-76	2.18454e-77	9.97393e-79	4.47358e-80	1.9727e-81	8.55848e-83	3.65559e-84	1.53822e-85	6.38025e-87	2.61011e-88	1.05368e-89	4.19958e-91	1.6533e-92	6.43192e-94	2.47374e-95	9.4081e-97	0	
0	0	0	0	0	0	0	0	0	0	0	0	0	0	0	0	0	0	0	0	0	0	0	0	0	0	0	0	0	0	0	0	0	0	4.05706e-60	1.66236e-57	3.04116e-55	3.26882e-53	2.28557e-51	1.08758e-49	3.58571e-48	8.22082e-47	1.31315e-45	1.48952e-44	1.23595e-43	6.68303e-43	1.16177e-42	2.77208e-42	1.62177e-41	7.10866e-41	5.2588e-41	2.17046e-41	6.90326e-42	2.36323e-42	8.32929e-43	2.54114e-43	6.37319e-44	1.33018e-44	2.36732e-45	3.67355e-46	5.06179e-47	6.28424e-48	7.11324e-49	7.4127e-50	7.16995e-51	6.48167e-52	5.50892e-53	4.42474e-54	3.3737e-55	2.45155e-56	1.7038e-57	1.13604e-58	7.28768e-60	4.50913e-61	2.69708e-62	1.56274e-63	8.78788e-65	4.80427e-66	2.55738e-67	1.32742e-68	6.72727e-70	3.33285e-71	1.61593e-72	7.67564e-74	3.57525e-75	1.63451e-76	7.34046e-78	3.24076e-79	1.40759e-80	6.01878e-82	2.53523e-83	1.0526e-84	4.31018e-86	1.74156e-87	6.94722e-89	2.73727e-90	1.06574e-91	4.10203e-93	1.56121e-94	0	
0	0	0	0	0	0	0	0	0	0	0	0	0	0	0	0	0	0	0	0	0	0	0	0	0	0	0	0	0	0	0	0	0	1.31722e-59	5.97841e-57	1.22504e-54	1.49496e-52	1.20658e-50	6.76321e-49	2.69118e-47	7.64838e-46	1.54829e-44	2.22864e-43	2.31443e-42	1.76887e-41	8.83397e-41	1.53776e-40	3.70333e-40	2.02106e-39	8.1693e-39	6.00692e-39	2.48549e-39	8.03765e-40	2.85943e-40	1.03875e-40	3.2223e-41	8.16932e-42	1.72044e-42	3.08776e-43	4.83057e-44	6.70801e-45	8.38943e-46	9.56148e-47	1.00274e-47	9.75568e-49	8.86637e-50	7.57256e-51	6.10941e-52	4.67721e-53	3.41147e-54	2.37905e-55	1.59128e-56	1.02376e-57	6.35135e-59	3.80841e-60	2.21175e-61	1.24641e-62	6.82768e-64	3.64125e-65	1.89332e-66	9.61101e-68	4.76888e-69	2.31557e-70	1.1014e-71	5.13694e-73	2.35138e-74	1.05722e-75	4.67277e-77	2.03173e-78	8.69632e-80	3.66661e-81	1.52375e-82	6.24493e-84	2.52545e-85	1.00824e-86	3.97567e-88	1.54907e-89	5.96664e-91	2.27241e-92	0	
0	0	0	0	0	0	0	0	0	0	0	0	0	0	0	0	0	0	0	0	0	0	0	0	0	0	0	0	0	0	0	0	3.77451e-59	1.87949e-56	4.26421e-54	5.82537e-52	5.33376e-50	3.4471e-48	1.61297e-46	5.5178e-45	1.37892e-43	2.50084e-42	3.2781e-41	3.14008e-40	2.22531e-39	1.03478e-38	1.80329e-38	4.36251e-38	2.22996e-37	8.3688e-37	6.11767e-37	2.53881e-37	8.35578e-38	3.08692e-38	1.15283e-38	3.6302e-39	9.29728e-40	1.97531e-40	3.57519e-41	5.63893e-42	7.89173e-43	9.94222e-44	1.14081e-44	1.20385e-45	1.17789e-46	1.07605e-47	9.23343e-49	7.48119e-50	5.74968e-51	4.2086e-52	2.94448e-53	1.97535e-54	1.27434e-55	7.92587e-57	4.76364e-58	2.7725e-59	1.56558e-60	8.59216e-62	4.59034e-63	2.39075e-64	1.21549e-65	6.03994e-67	2.93678e-68	1.3987e-69	6.53158e-71	2.99326e-72	1.34732e-73	5.96125e-75	2.59457e-76	1.11161e-77	4.69118e-79	1.95125e-80	8.00374e-82	3.23933e-83	1.29425e-84	5.10726e-86	1.99141e-87	7.67573e-89	2.92522e-90	0	
0	0	0	0	0	0	0	0	0	0	0	0	0	0	0	0	0	0	0	0	0	0	0	0	0	0	0	0	0	0	0	9.61668e-59	5.21193e-56	1.29693e-53	1.96093e-51	2.00884e-49	1.47173e-47	7.93162e-46	3.18566e-44	9.55969e-43	2.13258e-41	3.50466e-40	4.21863e-39	3.7504e-38	2.47848e-37	1.08033e-36	1.88408e-36	4.56e-36	2.19096e-35	7.67823e-35	5.58124e-35	2.32419e-35	7.79298e-36	2.98755e-36	1.14437e-36	3.65317e-37	9.44716e-38	2.0248e-38	3.69606e-39	5.87779e-40	8.29057e-41	1.0521e-41	1.21533e-42	1.29033e-43	1.2695e-44	1.16555e-45	1.00468e-46	8.17368e-48	6.30533e-49	4.63099e-50	3.25004e-51	2.18653e-52	1.41426e-53	8.81729e-55	5.31121e-56	3.09758e-57	1.75251e-58	9.63532e-60	5.15628e-61	2.68974e-62	1.36952e-63	6.81485e-65	3.31793e-66	1.5822e-67	7.39723e-69	3.39377e-70	1.52923e-71	6.773e-73	2.95074e-74	1.26538e-75	5.34485e-77	2.22503e-78	9.13419e-80	3.69975e-81	1.47932e-82	5.8418e-84	2.27941e-85	8.79173e-87	3.35264e-88	0	
0	0	0	0	0	0	0	0	0	0	0	0	0	0	0	0	0	0	0	0	0	0	0	0	0	0	0	0	0	0	2.19153e-58	1.2841e-55	3.47705e-53	5.76434e-51	6.53325e-49	5.35261e-47	3.26784e-45	1.51019e-43	5.31309e-42	1.42017e-40	2.86156e-39	4.30008e-38	4.78584e-37	3.96911e-36	2.45788e-35	1.00997e-34	1.76179e-34	4.25086e-34	1.92572e-33	6.33319e-33	4.57864e-33	1.91425e-33	6.54578e-34	2.60211e-34	1.02026e-34	3.2983e-35	8.60997e-36	1.86166e-36	3.42775e-37	5.49681e-38	7.81451e-39	9.98933e-40	1.1616e-40	1.2407e-41	1.22729e-42	1.1323e-43	9.80317e-45	8.00713e-46	6.19907e-47	4.56783e-48	3.21528e-49	2.16905e-50	1.40647e-51	8.78903e-53	5.30552e-54	3.10042e-55	1.75736e-56	9.6787e-58	5.18789e-59	2.71034e-60	1.38199e-61	6.88618e-63	3.35694e-64	1.60275e-65	7.50187e-67	3.44554e-68	1.55417e-69	6.8903e-71	3.00469e-72	1.28969e-73	5.45225e-75	2.27163e-76	9.33297e-78	3.78317e-79	1.5138e-80	5.98221e-82	2.3358e-83	9.0152e-85	3.44e-86	0	
0	0	0	0	0	0	0	0	0	0	0	0	0	0	0	0	0	0	0	0	0	0	0	0	0	0	0	0	0	4.48898e-58	2.82738e-55	8.27555e-53	1.49257e-50	1.85432e-48	1.6802e-46	1.14657e-44	5.99862e-43	2.42607e-41	7.59266e-40	1.82954e-38	3.36125e-37	4.65281e-36	4.81515e-35	3.74172e-34	2.18029e-33	8.48665e-33	1.47984e-32	3.54851e-32	1.51975e-31	4.71041e-31	3.38782e-31	1.42284e-31	4.96725e-32	2.04601e-32	8.19683e-33	2.68125e-33	7.06421e-34	1.54112e-34	2.86269e-35	4.62983e-36	6.6345e-37	8.54295e-38	9.99979e-39	1.07443e-39	1.06848e-40	9.90487e-42	8.61213e-43	7.06147e-44	5.48604e-45	4.05525e-46	2.86272e-47	1.93632e-48	1.25862e-49	7.88278e-51	4.76835e-52	2.79189e-53	1.58533e-54	8.74597e-56	4.69534e-57	2.45666e-58	1.2544e-59	6.25867e-61	3.05486e-62	1.46025e-63	6.84262e-65	3.14613e-66	1.42057e-67	6.30418e-69	2.75167e-70	1.18215e-71	5.00191e-73	2.08572e-74	8.57597e-76	3.47898e-77	1.3931e-78	5.50915e-80	2.15257e-81	8.31349e-83	3.17422e-84	0	
0	0	0	0	0	0	0	0	0	0	0	0	0	0	0	0	0	0	0	0	0	0	0	0	0	0	0	0	8.29752e-58	5.59014e-55	1.75858e-52	3.42786e-50	4.63213e-48	4.59951e-46	3.47009e-44	2.02833e-42	9.28119e-41	3.33628e-39	9.4011e-38	2.06185e-36	3.48063e-35	4.46549e-34	4.31754e-33	3.15536e-32	1.73635e-31	6.42875e-31	1.11977e-30	2.66126e-30	1.08006e-29	3.16665e-29	2.26631e-29	9.56748e-30	3.41383e-30	1.4559e-30	5.95023e-31	1.96813e-31	5.23334e-32	1.15215e-32	2.15962e-33	3.52315e-34	5.08941e-35	6.60152e-36	7.77822e-37	8.40654e-38	8.40387e-39	7.82697e-40	6.83402e-41	5.62468e-42	4.38471e-43	3.25119e-44	2.3016e-45	1.56081e-46	1.01695e-47	6.38316e-49	3.86909e-50	2.26967e-51	1.29108e-52	7.13442e-54	3.83613e-55	2.01005e-56	1.02777e-57	5.13468e-59	2.50935e-60	1.20091e-61	5.63367e-63	2.59305e-64	1.17203e-65	5.2063e-67	2.2746e-68	9.78066e-70	4.14196e-71	1.72857e-72	7.1131e-74	2.88775e-75	1.15721e-76	4.57956e-78	1.79058e-79	6.92007e-81	2.64385e-82	0	
0	0	0	0	0	0	0	0	0	0	0	0	0	0	0	0	0	0	0	0	0	0	0	0	0	0	0	1.38851e-57	9.963e-55	3.35211e-52	7.02178e-50	1.02532e-47	1.10715e-45	9.15116e-44	5.91179e-42	3.02096e-40	1.2279e-38	3.97105e-37	1.01735e-35	2.04689e-34	3.19529e-33	3.81894e-32	3.46359e-31	2.38828e-30	1.24506e-29	4.40038e-29	7.65038e-29	1.79766e-28	6.92768e-28	1.92763e-27	1.37316e-27	5.83098e-28	2.12898e-28	9.39353e-29	3.91091e-29	1.30741e-29	3.50889e-30	7.79787e-31	1.47533e-31	2.42822e-32	3.53645e-33	4.62103e-34	5.48058e-35	5.95795e-36	5.987e-37	5.60181e-38	4.91138e-39	4.05729e-40	3.17347e-41	2.36024e-42	1.67552e-43	1.13913e-44	7.43945e-46	4.67972e-47	2.84228e-48	1.67046e-49	9.51891e-51	5.26876e-52	2.83737e-53	1.48889e-54	7.62347e-56	3.81361e-57	1.86605e-58	8.94096e-60	4.19909e-61	1.93482e-62	8.75419e-64	3.89253e-65	1.70222e-66	7.3261e-68	3.10519e-69	1.29697e-70	5.34138e-72	2.17016e-73	8.70298e-75	3.44663e-76	1.34855e-77	5.21528e-79	1.99379e-80	0	
0	0	0	0	0	0	0	0	0	0	0	0	0	0	0	0	0	0	0	0	0	0	0	0	0	0	2.10897e-57	1.60559e-54	5.75296e-52	1.28873e-49	2.02201e-47	2.35892e-45	2.11989e-43	1.5e-41	8.46879e-40	3.84259e-38	1.4044e-36	4.12627e-35	9.68771e-34	1.79983e-32	2.6121e-31	2.92097e-30	2.49352e-29	1.62675e-28	8.05628e-28	2.72636e-27	4.72717e-27	1.09584e-26	4.01718e-26	1.06386e-25	7.54547e-26	3.22538e-26	1.20646e-26	5.50305e-27	2.33109e-27	7.87332e-28	2.13315e-28	4.78681e-29	9.14401e-30	1.51873e-30	2.23028e-31	2.93597e-32	3.50506e-33	3.83258e-34	3.87115e-35	3.6387e-36	3.2033e-37	2.65598e-38	2.08431e-39	1.55487e-40	1.10683e-41	7.54406e-43	4.93837e-44	3.11316e-45	1.89461e-46	1.11558e-47	6.36821e-49	3.53065e-50	1.90431e-51	1.00074e-52	5.13115e-54	2.57022e-55	1.25922e-56	6.04061e-58	2.84018e-59	1.3101e-60	5.93379e-62	2.64108e-63	1.15606e-64	4.98008e-66	2.11269e-67	8.83178e-69	3.64021e-70	1.48016e-71	5.9404e-73	2.3543e-74	9.2182e-76	3.56743e-77	1.36471e-78	0	
0	0	0	0	0	0	0	0	0	0	0	0	0	0	0	0	0	0	0	0	0	0	0	0	0	2.91332e-57	2.34545e-54	8.91613e-52	2.12686e-49	3.56827e-47	4.4724e-45	4.34166e-43	3.33946e-41	2.0646e-39	1.03469e-37	4.21977e-36	1.40042e-34	3.76814e-33	8.16141e-32	1.40781e-30	1.90818e-29	2.00384e-28	1.61481e-27	9.99118e-27	4.71175e-26	1.53086e-25	2.64481e-25	6.03671e-25	2.10833e-24	5.32757e-24	3.76336e-24	1.62072e-24	6.21842e-25	2.92999e-25	1.26138e-25	4.30346e-26	1.17735e-26	2.66882e-27	5.1492e-28	8.6325e-29	1.27844e-29	1.69562e-30	2.0377e-31	2.24111e-32	2.27533e-33	2.14848e-34	1.89911e-35	1.5804e-36	1.24435e-37	9.31063e-39	6.64602e-40	4.54134e-41	2.97973e-42	1.88251e-43	1.14798e-44	6.7723e-46	3.87276e-47	2.15071e-48	1.16184e-49	6.11475e-51	3.13967e-52	1.57479e-53	7.72513e-55	3.71033e-56	1.74656e-57	8.06533e-59	3.65689e-60	1.62931e-61	7.13884e-63	3.07817e-64	1.30703e-65	5.46859e-67	2.25589e-68	9.18019e-70	3.68723e-71	1.46243e-72	5.73029e-74	2.21918e-75	8.4951e-77	0	
0	0	0	0	0	0	0	0	0	0	0	0	0	0	0	0	0	0	0	0	0	0	0	0	3.66572e-57	3.11158e-54	1.25078e-51	3.16527e-49	5.65438e-47	7.57744e-45	7.90201e-43	6.56457e-41	4.41091e-39	2.42008e-37	1.08981e-35	4.0343e-34	1.22554e-32	3.04012e-31	6.10828e-30	9.82864e-29	1.24901e-27	1.23562e-26	9.42335e-26	5.54096e-25	2.49349e-24	7.79589e-24	1.34081e-23	3.00775e-23	1.0021e-22	2.42162e-22	1.70431e-22	7.40153e-23	2.91667e-23	1.41851e-23	6.20038e-24	2.1366e-24	5.90464e-25	1.35269e-25	2.63705e-26	4.46361e-27	6.66761e-28	8.91081e-29	1.07801e-29	1.19257e-30	1.21704e-31	1.15445e-32	1.02463e-33	8.55809e-35	6.76074e-36	5.07394e-37	3.63188e-38	2.48807e-39	1.63637e-40	1.03608e-41	6.33114e-43	3.74212e-44	2.1438e-45	1.19257e-46	6.45277e-48	3.40124e-49	1.74891e-50	8.78418e-52	4.31472e-53	2.07492e-54	9.77885e-56	4.52087e-57	2.05204e-58	9.15235e-60	4.01415e-61	1.73252e-62	7.36335e-64	3.08358e-65	1.27314e-66	5.18526e-68	2.08435e-69	8.27339e-71	3.24424e-72	1.25732e-73	4.81639e-75	0	
0	0	0	0	0	0	0	0	0	0	0	0	0	0	0	0	0	0	0	0	0	0	0	4.20573e-57	3.754e-54	1.59097e-51	4.25719e-49	8.06745e-47	1.15106e-44	1.28329e-42	1.14509e-40	8.30895e-39	4.9537e-37	2.44163e-35	9.97738e-34	3.37961e-32	9.46056e-31	2.17574e-29	4.07455e-28	6.14014e-27	7.3399e-26	6.85904e-25	4.96107e-24	2.77718e-23	1.19472e-22	3.6016e-22	6.16059e-22	1.35591e-21	4.31429e-21	9.99007e-21	7.00778e-21	3.07213e-21	1.24501e-21	6.24508e-22	2.76927e-22	9.63876e-23	2.69198e-23	6.23588e-24	1.22888e-24	2.10079e-25	3.16587e-26	4.26376e-27	5.1931e-28	5.77898e-29	5.92824e-30	5.64935e-31	5.03473e-32	4.2208e-33	3.34557e-34	2.51856e-35	1.80784e-36	1.2417e-37	8.18621e-39	5.1948e-40	3.18101e-41	1.88388e-42	1.08124e-43	6.02531e-45	3.26555e-46	1.72395e-47	8.87772e-49	4.46527e-50	2.19626e-51	1.05752e-52	4.9901e-54	2.30969e-55	1.04956e-56	4.68624e-58	2.05749e-59	8.88907e-61	3.78156e-62	1.58509e-63	6.55032e-65	2.67014e-66	1.07422e-67	4.26736e-69	1.67466e-70	6.49516e-72	2.48986e-73	0	
0	0	0	0	0	0	0	0	0	0	0	0	0	0	0	0	0	0	0	0	0	0	4.40257e-57	4.12245e-54	1.83716e-51	5.18275e-49	1.03845e-46	1.57167e-44	1.86543e-42	1.77938e-40	1.38667e-38	8.92642e-37	4.78004e-35	2.13747e-33	7.99005e-32	2.4931e-30	6.46734e-29	1.38552e-27	2.42819e-26	3.43866e-25	3.87775e-24	3.43094e-23	2.35781e-22	1.25844e-21	5.1833e-21	1.5092e-20	2.56492e-20	5.52996e-20	1.68187e-19	3.73837e-19	2.61487e-19	1.1585e-19	4.83489e-20	2.49941e-20	1.12356e-20	3.95067e-21	1.1157e-21	2.61492e-22	5.21158e-23	9.00112e-24	1.36878e-24	1.85803e-25	2.27857e-26	2.55085e-27	2.63055e-28	2.51853e-29	2.25393e-30	1.89668e-31	1.50854e-32	1.13919e-33	8.20074e-35	5.64762e-36	3.73252e-37	2.37404e-38	1.45686e-39	8.64543e-41	4.97145e-42	2.77537e-43	1.50674e-44	7.96725e-46	4.10914e-47	2.06981e-48	1.01947e-49	4.91538e-51	2.32236e-52	1.07623e-53	4.89627e-55	2.18862e-56	9.61946e-58	4.16026e-59	1.77161e-60	7.43311e-62	3.07455e-63	1.25442e-64	5.05102e-66	2.0082e-67	7.88728e-69	3.06147e-70	1.17446e-71	0	
0	0	0	0	0	0	0	0	0	0	0	0	0	0	0	0	0	0	0	0	0	4.20573e-57	4.12245e-54	1.92726e-51	5.71701e-49	1.20764e-46	1.93245e-44	2.43288e-42	2.47043e-40	2.05784e-38	1.42255e-36	8.22398e-35	3.99466e-33	1.63368e-31	5.62393e-30	1.62562e-28	3.9266e-27	7.86804e-26	1.29492e-24	1.72836e-23	1.84318e-22	1.5471e-21	1.01172e-20	5.15486e-20	2.03547e-19	5.73261e-19	9.67028e-19	2.03919e-18	5.93223e-18	1.26768e-17	8.84603e-18	3.96588e-18	1.70686e-18	9.0866e-19	4.13838e-19	1.47045e-19	4.20192e-20	9.97104e-21	2.01088e-21	3.51022e-22	5.3878e-23	7.37279e-24	9.10494e-25	1.02553e-25	1.06327e-26	1.02285e-27	9.19309e-29	7.76589e-30	6.19837e-31	4.69584e-32	3.39044e-33	2.34131e-34	1.55133e-35	9.89061e-37	6.08308e-38	3.61744e-39	2.08428e-40	1.16575e-41	6.34002e-43	3.35808e-44	1.73471e-45	8.75118e-47	4.31656e-48	2.08412e-49	9.85988e-51	4.57507e-52	2.08395e-53	9.32606e-55	4.10362e-56	1.77666e-57	7.57365e-59	3.18084e-60	1.31696e-61	5.3782e-63	2.16753e-64	8.62524e-66	3.39044e-67	1.31708e-68	5.05656e-70	0	
0	0	0	0	0	0	0	0	0	0	0	0	0	0	0	0	0	0	0	0	3.66572e-57	3.754e-54	1.83716e-51	5.71701e-49	1.26984e-46	2.14218e-44	2.85135e-42	3.07098e-40	2.72302e-38	2.0119e-36	1.2489e-34	6.54831e-33	2.90852e-31	1.0952e-29	3.49173e-28	9.39484e-27	2.12165e-25	3.9903e-24	6.18564e-23	7.80115e-22	7.88397e-21	6.28834e-20	3.91808e-19	1.9076e-18	7.22889e-18	1.97167e-17	3.29787e-17	6.7916e-17	1.89071e-16	3.88964e-16	2.70931e-16	1.23089e-16	5.47115e-17	2.99713e-17	1.38229e-17	4.96531e-18	1.43686e-18	3.45483e-19	7.05457e-20	1.24516e-20	1.92963e-21	2.66252e-22	3.31171e-23	3.75354e-24	3.91316e-25	3.78291e-26	3.41495e-27	2.89629e-28	2.32008e-29	1.76354e-30	1.27721e-31	8.84506e-33	5.8762e-34	3.75572e-35	2.31528e-36	1.37985e-37	7.96675e-39	4.46453e-40	2.43256e-41	1.2907e-42	6.67856e-44	3.37453e-45	1.66702e-46	8.06038e-48	3.8186e-49	1.77421e-50	8.09181e-52	3.62565e-53	1.59721e-54	6.92293e-56	2.95434e-57	1.24208e-58	5.14775e-60	2.10428e-61	8.48866e-63	3.38094e-64	1.33016e-65	5.17163e-67	1.9871e-68	0	
0	0	0	0	0	0	0	0	0	0	0	0	0	0	0	0	0	0	0	2.91332e-57	3.11158e-54	1.59097e-51	5.18275e-49	1.20764e-46	2.14218e-44	3.00595e-42	3.4228e-40	3.21896e-38	2.53153e-36	1.67947e-34	9.45449e-33	4.53242e-31	1.85326e-29	6.46163e-28	1.91712e-26	4.8211e-25	1.0215e-23	1.80868e-22	2.64764e-21	3.16194e-20	3.03363e-19	2.30247e-18	1.36823e-17	6.37026e-17	2.31865e-16	6.13068e-16	1.01568e-15	2.03971e-15	5.43532e-15	1.07773e-14	7.49799e-15	3.45765e-15	1.58963e-15	8.95409e-16	4.1805e-16	1.51899e-16	4.45554e-17	1.08647e-17	2.24776e-18	4.01346e-19	6.28194e-20	8.74239e-21	1.09547e-21	1.24967e-22	1.31024e-23	1.27307e-24	1.15449e-25	9.83207e-27	7.90581e-28	6.03025e-29	4.38131e-30	3.04324e-31	2.02739e-32	1.29915e-33	8.02835e-35	4.79566e-36	2.77484e-37	1.55819e-38	8.50643e-40	4.52174e-41	2.34381e-42	1.18625e-43	5.86937e-45	2.84225e-46	1.34847e-47	6.27397e-49	2.86523e-50	1.28544e-51	5.66971e-53	2.46035e-54	1.05114e-55	4.42407e-57	1.83546e-58	7.51052e-60	3.0327e-61	1.20903e-62	4.761e-64	1.8527e-65	7.12458e-67	0	
0	0	0	0	0	0	0	0	0	0	0	0	0	0	0	0	0	0	2.10897e-57	2.34545e-54	1.25078e-51	4.25719e-49	1.03845e-46	1.93245e-44	2.85135e-42	3.4228e-40	3.40317e-38	2.83857e-36	2.0044e-34	1.20584e-32	6.20593e-31	2.73848e-29	1.03666e-27	3.3629e-26	9.32312e-25	2.19904e-23	4.3848e-22	7.32795e-21	1.0152e-19	1.15017e-18	1.04914e-17	7.58557e-17	4.30236e-16	1.91647e-15	6.70388e-15	1.7197e-14	2.81892e-14	5.512e-14	1.40598e-13	2.68965e-13	1.87039e-13	8.77089e-14	4.17724e-14	2.41767e-14	1.14241e-14	4.20198e-15	1.25071e-15	3.09605e-16	6.49472e-17	1.17377e-17	1.85636e-18	2.6065e-19	3.29128e-20	3.77981e-21	3.98657e-22	3.89402e-23	3.54817e-24	3.03485e-25	2.44995e-26	1.87555e-27	1.36728e-28	9.52685e-30	6.36527e-31	4.09002e-32	2.53399e-33	1.51731e-34	8.79933e-36	4.95182e-37	2.70879e-38	1.44269e-39	7.4918e-41	3.79836e-42	1.8825e-43	9.13053e-45	4.33842e-46	2.02146e-47	9.24454e-49	4.15296e-50	1.83409e-51	7.96876e-53	3.40851e-54	1.43622e-55	5.96511e-57	2.44344e-58	9.87651e-60	3.94129e-61	1.5535e-62	6.05085e-64	2.32888e-65	0	
0	0	0	0	0	0	0	0	0	0	0	0	0	0	0	0	0	1.38851e-57	1.60559e-54	8.91613e-52	3.16527e-49	8.06745e-47	1.57167e-44	2.43288e-42	3.07098e-40	3.21896e-38	2.83857e-36	2.12581e-34	1.36117e-32	7.48595e-31	3.54603e-29	1.4485e-27	5.10097e-26	1.54593e-24	4.01888e-23	8.91799e-22	1.67776e-20	2.65237e-19	3.484e-18	3.75033e-17	3.25629e-16	2.24475e-15	1.21577e-14	5.1826e-14	1.74286e-13	4.34003e-13	7.03098e-13	1.33655e-12	3.26261e-12	6.02647e-12	4.19251e-12	2.00341e-12	9.90021e-13	5.8834e-13	2.81343e-13	1.04855e-13	3.17111e-14	7.97795e-15	1.69837e-15	3.10872e-16	4.97021e-17	7.04375e-18	8.96593e-19	1.03693e-19	1.10046e-20	1.0809e-21	9.89849e-23	8.50516e-24	6.89471e-25	5.29855e-26	3.87645e-27	2.70994e-28	1.81621e-29	1.17038e-30	7.27081e-32	4.36473e-33	2.53732e-34	1.43112e-35	7.84544e-37	4.18694e-38	2.17846e-39	1.10651e-40	5.49357e-42	2.66894e-43	1.27018e-44	5.92734e-46	2.71465e-47	1.22121e-48	5.40051e-50	2.34943e-51	1.00618e-52	4.24468e-54	1.76497e-55	7.23769e-57	2.92861e-58	1.16988e-59	4.61575e-61	1.79954e-62	6.93244e-64	0	
0	0	0	0	0	0	0	0	0	0	0	0	0	0	0	0	8.29752e-58	9.963e-55	5.75296e-52	2.12686e-49	5.65438e-47	1.15106e-44	1.86543e-42	2.47043e-40	2.72302e-38	2.53153e-36	2.0044e-34	1.36117e-32	7.96747e-31	4.03289e-29	1.7683e-27	6.71892e-26	2.21021e-24	6.28001e-23	1.53555e-21	3.21398e-20	5.71761e-19	8.56642e-18	1.06854e-16	1.0942e-15	9.05171e-15	5.95275e-14	3.07938e-13	1.25614e-12	4.06131e-12	9.82102e-12	1.57062e-11	2.89785e-11	6.76621e-11	1.20751e-10	8.41226e-11	4.1061e-11	2.10891e-11	1.28596e-11	6.2238e-12	2.35315e-12	7.24176e-13	1.85403e-13	4.00929e-14	7.43807e-15	1.20286e-15	1.72142e-16	2.20977e-17	2.57463e-18	2.75037e-19	2.71741e-20	2.50177e-21	2.16004e-22	1.75882e-23	1.35718e-24	9.9668e-26	6.9921e-27	4.70149e-28	3.03896e-29	1.89333e-30	1.13965e-31	6.64191e-33	3.7552e-34	2.06328e-35	1.1035e-36	5.75316e-38	2.92788e-39	1.4563e-40	7.08757e-42	3.37871e-43	1.5792e-44	7.24359e-46	3.26337e-47	1.44517e-48	6.2955e-50	2.69961e-51	1.14027e-52	4.74701e-54	1.94886e-55	7.89444e-57	3.15692e-58	1.24684e-59	4.86588e-61	1.87627e-62	0	
0	0	0	0	0	0	0	0	0	0	0	0	0	0	0	4.48898e-58	5.59014e-55	3.35211e-52	1.28873e-49	3.56827e-47	7.57744e-45	1.28329e-42	1.77938e-40	2.05784e-38	2.0119e-36	1.67947e-34	1.20584e-32	7.48595e-31	4.03289e-29	1.8895e-27	7.70608e-26	2.7349e-24	8.43362e-23	2.25349e-21	5.1961e-20	1.02811e-18	1.73272e-17	2.46414e-16	2.92242e-15	2.84953e-14	2.24732e-13	1.41034e-12	6.96791e-12	2.71897e-11	8.44948e-11	1.98444e-10	3.12909e-10	5.5939e-10	1.24826e-09	2.15317e-09	1.50394e-09	7.51906e-10	4.02059e-10	2.51401e-10	1.2318e-10	4.73169e-11	1.48442e-11	3.87317e-12	8.51753e-13	1.60294e-13	2.62382e-14	3.79403e-15	4.91422e-16	5.77085e-17	6.20803e-18	6.17222e-19	5.71476e-20	4.95973e-21	4.05766e-22	3.14474e-23	2.31876e-24	1.6328e-25	1.10174e-26	7.14467e-28	4.46486e-29	2.69523e-30	1.57502e-31	8.92749e-33	4.91696e-34	2.63568e-35	1.37709e-36	7.02254e-38	3.49972e-39	1.7064e-40	8.14885e-42	3.81514e-43	1.75276e-44	7.9086e-46	3.50743e-47	1.53007e-48	6.57e-50	2.77866e-51	1.15821e-52	4.76065e-54	1.93067e-55	7.72914e-57	3.05593e-58	1.19383e-59	4.60788e-61	0	
0	0	0	0	0	0	0	0	0	0	0	0	0	0	2.19153e-58	2.82738e-55	1.75858e-52	7.02178e-50	2.02201e-47	4.4724e-45	7.90201e-43	1.14509e-40	1.38667e-38	1.42255e-36	1.2489e-34	9.45449e-33	6.20593e-31	3.54603e-29	1.7683e-27	7.70608e-26	2.93543e-24	9.76545e-23	2.83162e-21	7.13392e-20	1.55467e-18	2.91336e-17	4.65886e-16	6.29659e-15	7.10686e-14	6.60257e-13	4.96602e-12	2.97401e-11	1.40277e-10	5.23244e-10	1.56191e-09	3.56228e-09	5.53127e-09	9.56335e-09	2.03699e-08	3.39681e-08	2.38223e-08	1.2238e-08	6.82495e-09	4.37356e-09	2.17056e-09	8.48655e-10	2.71976e-10	7.24476e-11	1.62228e-11	3.1001e-12	5.14056e-13	7.51595e-14	9.82897e-15	1.16402e-15	1.26164e-16	1.26284e-17	1.1764e-18	1.02667e-19	8.44221e-21	6.57353e-22	4.86797e-23	3.44165e-24	2.33093e-25	1.51685e-26	9.51001e-28	5.75827e-29	3.37462e-30	1.91795e-31	1.05902e-32	5.69041e-34	2.97988e-35	1.52288e-36	7.60484e-38	3.71517e-39	1.77745e-40	8.33635e-42	3.83633e-43	1.73377e-44	7.70097e-46	3.36438e-47	1.44668e-48	6.12674e-50	2.55707e-51	1.05236e-52	4.27294e-54	1.71258e-55	6.77873e-57	2.65102e-58	1.02427e-59	0	
0	0	0	0	0	0	0	0	0	0	0	0	0	9.61668e-59	1.2841e-55	8.27555e-53	3.42786e-50	1.02532e-47	2.35892e-45	4.34166e-43	6.56457e-41	8.30895e-39	8.92642e-37	8.22398e-35	6.54831e-33	4.53242e-31	2.73848e-29	1.4485e-27	6.71892e-26	2.7349e-24	9.76545e-23	3.05469e-21	8.35082e-20	1.98817e-18	4.10275e-17	7.29296e-16	1.10795e-14	1.42444e-13	1.53104e-12	1.35572e-11	9.72475e-11	5.55569e-10	2.4999e-09	8.90355e-09	2.55025e-08	5.64596e-08	8.62125e-08	1.43872e-07	2.92024e-07	4.70731e-07	3.32058e-07	1.75925e-07	1.0251e-07	6.72883e-08	3.38524e-08	1.35028e-08	4.43164e-09	1.20756e-09	2.75757e-10	5.35723e-11	9.00803e-12	1.33287e-12	1.76124e-13	2.10493e-14	2.30008e-15	2.31915e-16	2.17471e-17	1.90934e-18	1.57869e-19	1.23546e-20	9.19175e-22	6.52659e-23	4.43796e-24	2.89876e-25	1.82371e-26	1.10784e-27	6.51223e-29	3.71179e-30	2.05504e-31	1.10703e-32	5.81107e-34	2.97651e-35	1.48959e-36	7.29193e-38	3.49545e-39	1.64242e-40	7.57165e-42	3.42764e-43	1.52492e-44	6.67228e-46	2.87329e-47	1.21857e-48	5.09275e-50	2.09864e-51	8.53187e-53	3.42367e-54	1.35673e-55	5.31182e-57	2.0545e-58	0	
0	0	0	0	0	0	0	0	0	0	0	0	3.77451e-59	5.21193e-56	3.47705e-53	1.49257e-50	4.63213e-48	1.10715e-45	2.11989e-43	3.33946e-41	4.41091e-39	4.9537e-37	4.78004e-35	3.99466e-33	2.90852e-31	1.85326e-29	1.03666e-27	5.10097e-26	2.21021e-24	8.43362e-23	2.83162e-21	8.35082e-20	2.15726e-18	4.8629e-17	9.51732e-16	1.60681e-14	2.32124e-13	2.84061e-12	2.90845e-11	2.45465e-10	1.67864e-09	9.14168e-09	3.91956e-08	1.33074e-07	3.65161e-07	7.84138e-07	1.17582e-06	1.8898e-06	3.64727e-06	5.68097e-06	4.03963e-06	2.21666e-06	1.35204e-06	9.08688e-07	4.63962e-07	1.89337e-07	6.38273e-08	1.7833e-08	4.16041e-09	8.22897e-10	1.40483e-10	2.10588e-11	2.81437e-12	3.39728e-13	3.74533e-14	3.80656e-15	3.59523e-16	3.17718e-17	2.64265e-18	2.07942e-19	1.55486e-20	1.10915e-21	7.5744e-23	4.96714e-24	3.13661e-25	1.91198e-26	1.12757e-27	6.44637e-29	3.57925e-30	1.9333e-31	1.01741e-32	5.22381e-34	2.62018e-35	1.28541e-36	6.17431e-38	2.90678e-39	1.34252e-40	6.08823e-42	2.71316e-43	1.18905e-44	5.12833e-46	2.17815e-47	9.116e-49	3.76167e-50	1.53128e-51	6.15245e-53	2.44104e-54	9.56823e-56	3.70488e-57	0	
0	0	0	0	0	0	0	0	0	0	0	1.31722e-59	1.87949e-56	1.29693e-53	5.76434e-51	1.85432e-48	4.59951e-46	9.15116e-44	1.5e-41	2.0646e-39	2.42008e-37	2.44163e-35	2.13747e-33	1.63368e-31	1.0952e-29	6.46163e-28	3.3629e-26	1.54593e-24	6.28001e-23	2.25349e-21	7.13392e-20	1.98817e-18	4.8629e-17	1.03958e-15	1.93215e-14	3.10121e-13	4.26292e-12	4.96706e-11	4.84434e-10	3.89522e-09	2.53757e-08	1.31576e-07	5.36635e-07	1.73291e-06	4.54521e-06	9.4557e-06	1.39024e-05	2.14686e-05	3.92856e-05	5.90813e-05	4.24658e-05	2.4255e-05	1.55142e-05	1.06729e-05	5.53967e-06	2.32122e-06	8.06617e-07	2.31724e-07	5.53498e-08	1.11659e-08	1.93829e-09	2.9475e-10	3.98861e-11	4.86792e-12	5.41927e-13	5.55617e-14	5.28913e-15	4.70751e-16	3.94096e-17	3.11942e-18	2.34519e-19	1.6813e-20	1.15347e-21	7.59659e-23	4.8161e-24	2.94661e-25	1.74374e-26	1.00013e-27	5.56991e-29	3.01711e-30	1.59203e-31	8.19491e-33	4.12029e-34	2.02592e-35	9.75222e-37	4.60061e-38	2.12897e-39	9.67261e-41	4.31813e-42	1.89564e-43	8.18903e-45	3.4835e-46	1.46009e-47	6.03356e-49	2.45947e-50	9.89481e-52	3.93083e-53	1.54267e-54	5.98025e-56	0	
0	0	0	0	0	0	0	0	0	0	4.05706e-60	5.97841e-57	4.26421e-54	1.96093e-51	6.53325e-49	1.6802e-46	3.47009e-44	5.91179e-42	8.46879e-40	1.03469e-37	1.08981e-35	9.97738e-34	7.99005e-32	5.62393e-30	3.49173e-28	1.91712e-26	9.32312e-25	4.01888e-23	1.53555e-21	5.1961e-20	1.55467e-18	4.10275e-17	9.51732e-16	1.93215e-14	3.41374e-13	5.21266e-12	6.82022e-11	7.56606e-10	7.02583e-09	5.3776e-08	3.33296e-07	1.64252e-06	6.35759e-06	1.94684e-05	4.8656e-05	9.78916e-05	0.000140885	0.000208501	0.000360476	0.000522778	0.000381138	0.000227897	0.000153132	0.000107815	5.70185e-05	2.46434e-05	8.86548e-06	2.62749e-06	6.44272e-07	1.32853e-07	2.34946e-08	3.63026e-09	4.98125e-10	6.15403e-11	6.92549e-12	7.16919e-13	6.88387e-14	6.17484e-15	5.206e-16	4.14733e-17	3.13635e-18	2.26066e-19	1.55866e-20	1.03123e-21	6.56565e-23	4.03294e-24	2.3954e-25	1.37862e-26	7.70261e-28	4.18499e-29	2.21458e-30	1.143e-31	5.76146e-33	2.83967e-34	1.37005e-35	6.47719e-37	3.00352e-38	1.36727e-39	6.11529e-41	2.68937e-42	1.16377e-43	4.95861e-45	2.08162e-46	8.61488e-48	3.51677e-49	1.41681e-50	5.63599e-52	2.21472e-53	8.59601e-55	0	
0	0	0	0	0	0	0	0	0	1.09277e-60	1.66236e-57	1.22504e-54	5.82537e-52	2.00884e-49	5.35261e-47	1.14657e-44	2.02833e-42	3.02096e-40	3.84259e-38	4.21977e-36	4.0343e-34	3.37961e-32	2.4931e-30	1.62562e-28	9.39484e-27	4.8211e-25	2.19904e-23	8.91799e-22	3.21398e-20	1.02811e-18	2.91336e-17	7.29296e-16	1.60681e-14	3.10121e-13	5.21266e-12	7.57535e-11	9.43426e-10	9.96036e-09	8.79842e-08	6.40142e-07	3.76731e-06	1.76019e-05	6.44571e-05	0.000186446	0.000442126	0.000858119	0.00120671	0.00170696	0.00277629	0.00387576	0.00287879	0.00181378	0.00128223	0.000924002	0.000499486	0.00022396	8.38451e-05	2.57398e-05	6.50035e-06	1.37393e-06	2.4812e-07	3.90341e-08	5.4403e-09	6.81358e-10	7.76058e-11	8.11996e-12	7.87153e-13	7.12149e-14	6.05068e-15	4.85413e-16	3.69435e-17	2.67844e-18	1.85663e-19	1.23445e-20	7.89546e-22	4.87034e-23	2.9042e-24	1.67761e-25	9.40537e-27	5.12664e-28	2.72111e-29	1.40845e-30	7.11864e-32	3.51754e-33	1.70121e-34	8.06127e-36	3.74624e-37	1.70892e-38	7.65851e-40	3.37442e-41	1.46286e-42	6.24379e-44	2.6255e-45	1.08831e-46	4.44953e-48	1.79525e-49	7.15153e-51	2.81411e-52	1.09367e-53	0	
0	0	0	0	0	0	0	0	2.54426e-61	3.99512e-58	3.04116e-55	1.49496e-52	5.33376e-50	1.47173e-47	3.26784e-45	5.99862e-43	9.28119e-41	1.2279e-38	1.4044e-36	1.40042e-34	1.22554e-32	9.46056e-31	6.46734e-29	3.9266e-27	2.12165e-25	1.0215e-23	4.3848e-22	1.67776e-20	5.71761e-19	1.73272e-17	4.65886e-16	1.10795e-14	2.32124e-13	4.26292e-12	6.82022e-11	9.43426e-10	1.11799e-08	1.12237e-07	9.41778e-07	6.49988e-06	3.62236e-05	0.000159919	0.000551806	0.0015002	0.00335637	0.00626259	0.00858776	0.0115814	0.0176322	0.023635	0.0179872	0.012027	0.00895468	0.00660715	0.00366692	0.0017183	0.000673636	0.000215264	5.6219e-05	1.22224e-05	2.26068e-06	3.63007e-07	5.14959e-08	6.54946e-09	7.56099e-10	8.00574e-11	7.84317e-12	7.16305e-13	6.13777e-14	4.9618e-15	3.80262e-16	2.77444e-17	1.93436e-18	1.29301e-19	8.31082e-21	5.14998e-22	3.08399e-23	1.78851e-24	1.00642e-25	5.50477e-27	2.93133e-28	1.52192e-29	7.71438e-31	3.82235e-32	1.85342e-33	8.80418e-35	4.10107e-36	1.87496e-37	8.42049e-39	3.71771e-40	1.61482e-41	6.90524e-43	2.90884e-44	1.20783e-45	4.94635e-47	1.99888e-48	7.97493e-50	3.14277e-51	1.22313e-52	0	
0	0	0	0	0	0	0	5.04432e-62	8.17854e-59	6.43205e-56	3.26882e-53	1.20658e-50	3.4471e-48	7.93162e-46	1.51019e-43	2.42607e-41	3.33628e-39	3.97105e-37	4.12627e-35	3.76814e-33	3.04012e-31	2.17574e-29	1.38552e-27	7.86804e-26	3.9903e-24	1.80868e-22	7.32795e-21	2.65237e-19	8.56642e-18	2.46414e-16	6.29659e-15	1.42444e-13	2.84061e-12	4.96706e-11	7.56606e-10	9.96036e-09	1.12237e-07	1.07005e-06	8.51195e-06	5.55705e-05	0.000292191	0.00121346	0.00392495	0.00996682	0.0208787	0.0372548	0.0496898	0.0637265	0.0902546	0.115655	0.0909244	0.0650445	0.0510397	0.0386057	0.0221435	0.0109474	0.00452798	0.0015152	0.00041133	9.23886e-05	1.75666e-05	2.88786e-06	4.18013e-07	5.40983e-08	6.34066e-09	6.80334e-10	6.74375e-11	6.22345e-12	5.38258e-13	4.38795e-14	3.38846e-15	2.4894e-16	1.74662e-17	1.17431e-18	7.58833e-20	4.72561e-21	2.8429e-22	1.65578e-23	9.35469e-25	5.13593e-26	2.74459e-27	1.42971e-28	7.26976e-30	3.61277e-31	1.75674e-32	8.36728e-34	3.9075e-35	1.79081e-36	8.06124e-38	3.567e-39	1.55265e-40	6.65295e-42	2.80805e-43	1.16817e-44	4.79261e-46	1.94013e-47	7.75358e-49	3.06051e-50	1.19296e-51	0	
0	0	0	0	0	0	8.34835e-63	1.39906e-59	1.13776e-56	5.9819e-54	2.28557e-51	6.76321e-49	1.61297e-46	3.18566e-44	5.31309e-42	7.59266e-40	9.4011e-38	1.01735e-35	9.68771e-34	8.16141e-32	6.10828e-30	4.07455e-28	2.42819e-26	1.29492e-24	6.18564e-23	2.64764e-21	1.0152e-19	3.484e-18	1.06854e-16	2.92242e-15	7.10686e-14	1.53104e-12	2.90845e-11	4.84434e-10	7.02583e-09	8.79842e-08	9.41778e-07	8.51195e-06	6.40207e-05	0.000393915	0.0019449	0.00755455	0.0227521	0.0535116	0.103719	0.175002	0.225648	0.273865	0.35638	0.431242	0.35609	0.276274	0.229122	0.178595	0.107278	0.0567439	0.0250021	0.00882806	0.00250727	0.000585001	0.00011486	1.9402e-05	2.87398e-06	3.79369e-07	4.52298e-08	4.92572e-09	4.94674e-10	4.61817e-11	4.03559e-12	3.32047e-13	2.58567e-14	1.91412e-15	1.35236e-16	9.15047e-18	5.94788e-19	3.72425e-20	2.25186e-21	1.31774e-22	7.4778e-24	4.12251e-25	2.21162e-26	1.15631e-27	5.90006e-29	2.94174e-30	1.43492e-31	6.85478e-33	3.21023e-34	1.47522e-35	6.6578e-37	2.95328e-38	1.28856e-39	5.53388e-41	2.34082e-42	9.75852e-44	4.01169e-45	1.62717e-46	6.51514e-48	2.57636e-49	1.006e-50	0	
0	0	0	0	0	1.12205e-63	1.94841e-60	1.64193e-57	8.94708e-55	3.54397e-52	1.08758e-49	2.69118e-47	5.5178e-45	9.55969e-43	1.42017e-40	1.82954e-38	2.06185e-36	2.04689e-34	1.79983e-32	1.40781e-30	9.82864e-29	6.14014e-27	3.43866e-25	1.72836e-23	7.80115e-22	3.16194e-20	1.15017e-18	3.75033e-17	1.0942e-15	2.84953e-14	6.60257e-13	1.35572e-11	2.45465e-10	3.89522e-09	5.3776e-08	6.40142e-07	6.49988e-06	5.55705e-05	0.000393915	0.00227411	0.0104814	0.0377856	0.104805	0.224477	0.391338	0.601608	0.732635	0.827373	0.958019	1.06055	0.954462	0.828954	0.737192	0.606049	0.396726	0.231476	0.110676	0.0417462	0.0125126	0.00305306	0.000622295	0.000108468	1.64978e-05	2.22726e-06	2.70717e-07	2.99798e-08	3.05521e-09	2.88944e-10	2.55421e-11	2.12345e-12	1.66908e-13	1.24613e-14	8.87277e-16	6.04661e-17	3.95632e-18	2.49241e-19	1.51561e-20	8.91618e-22	5.08486e-23	2.81638e-24	1.51756e-25	7.96732e-27	4.08128e-28	2.04248e-29	9.99806e-31	4.79228e-32	2.25153e-33	1.03783e-34	4.69758e-36	2.08962e-37	9.14186e-39	3.93627e-40	1.66918e-41	6.97525e-43	2.87413e-44	1.16837e-45	4.68819e-47	1.85776e-48	7.26856e-50	0	
0	0	0	0	1.17648e-64	2.12859e-61	1.86765e-58	1.05908e-55	4.36424e-53	1.39311e-50	3.58571e-48	7.64838e-46	1.37892e-43	2.13258e-41	2.86156e-39	3.36125e-37	3.48063e-35	3.19529e-33	2.6121e-31	1.90818e-29	1.24901e-27	7.3399e-26	3.87775e-24	1.84318e-22	7.88397e-21	3.03363e-19	1.04914e-17	3.25629e-16	9.05171e-15	2.24732e-13	4.96602e-12	9.72475e-11	1.67864e-09	2.53757e-08	3.33296e-07	3.76731e-06	3.62236e-05	0.000292191	0.0019449	0.0104814	0.0447595	0.147689	0.366163	0.677482	0.983346	1.25275	1.37494	1.42805	1.47447	1.50698	1.47358	1.4287	1.37565	1.2512	0.983698	0.684246	0.374925	0.156015	0.0501269	0.0129022	0.0027468	0.000496403	7.78259e-05	1.07799e-05	1.33938e-06	1.51174e-07	1.56646e-08	1.50341e-09	1.34652e-10	1.13269e-11	8.99852e-13	6.7837e-14	4.8732e-15	3.34819e-16	2.20731e-17	1.40032e-18	8.57084e-20	5.07289e-21	2.90959e-22	1.62021e-23	8.7744e-25	4.62863e-26	2.38175e-27	1.19707e-28	5.8836e-30	2.83108e-31	1.33504e-32	6.17558e-34	2.80473e-35	1.25167e-36	5.49299e-38	2.37222e-39	1.00884e-40	4.22746e-42	1.74656e-43	7.1183e-45	2.8634e-46	1.1374e-47	4.4604e-49	0	
0	0	0	9.02699e-66	1.72477e-62	1.59322e-59	9.48888e-57	4.09928e-54	1.36992e-51	3.68773e-49	8.22082e-47	1.54829e-44	2.50084e-42	3.50466e-40	4.30008e-38	4.65281e-36	4.46549e-34	3.81894e-32	2.92097e-30	2.00384e-28	1.23562e-26	6.85904e-25	3.43094e-23	1.5471e-21	6.28834e-20	2.30247e-18	7.58557e-17	2.24475e-15	5.95275e-14	1.41034e-12	2.97401e-11	5.55569e-10	9.14168e-09	1.31576e-07	1.64252e-06	1.76019e-05	0.000159919	0.00121346	0.00755455	0.0377856	0.147689	0.430116	0.873393	1.25611	1.45391	1.56439	1.60975	1.62688	1.63825	1.64556	1.63819	1.62721	1.61007	1.56406	1.45383	1.25661	0.876649	0.439833	0.157427	0.0433563	0.00971277	0.00182989	0.000297064	4.23811e-05	5.40086e-06	6.23126e-07	6.58225e-08	6.42575e-09	5.84323e-10	4.98285e-11	4.00772e-12	3.05544e-13	2.21763e-14	1.53813e-15	1.02292e-16	6.54218e-18	4.03453e-19	2.40482e-20	1.38842e-21	7.77947e-23	4.2377e-24	2.24779e-25	1.16268e-26	5.87255e-28	2.89993e-29	1.40163e-30	6.63778e-32	3.08299e-33	1.40564e-34	6.29634e-36	2.77303e-37	1.20168e-38	5.12728e-40	2.15537e-41	8.93213e-43	3.65114e-44	1.47289e-45	5.86674e-47	2.30679e-48	0	
