8.85e-19	1.15e-18	1.7e-18	2.64e-18	4.18e-18	6.64e-18	1.05e-17	1.66e-17	2.61e-17	4.07e-17	6.32e-17	9.75e-17	1.49e-16	2.27e-16	3.44e-16	5.15e-16	7.68e-16	1.13e-15	1.66e-15	2.42e-15	3.49e-15	4.99e-15	7.08e-15	9.94e-15	1.38e-14	1.91e-14	2.6e-14	3.51e-14	4.69e-14	6.2e-14	8.1e-14	1.05e-13	1.34e-13	1.69e-13	2.1e-13	2.59e-13	3.15e-13	3.77e-13	4.47e-13	5.22e-13	6.01e-13	6.83e-13	7.65e-13	8.45e-13	9.19e-13	9.86e-13	1.04e-12	1.09e-12	1.11e-12	1.13e-12	1.12e-12	1.1e-12	1.06e-12	1.01e-12	9.5e-13	8.79e-13	8.01e-13	7.2e-13	6.37e-13	5.57e-13	4.8e-13	4.08e-13	3.42e-13	2.83e-13	2.31e-13	1.86e-13	1.49e-13	1.17e-13	9.09e-14	6.99e-14	5.32e-14	4e-14	2.98e-14	2.19e-14	1.6e-14	1.15e-14	8.25e-15	5.84e-15	4.1e-15	2.86e-15	1.97e-15	1.35e-15	9.16e-16	6.17e-16	4.13e-16	2.74e-16	1.81e-16	1.18e-16	7.69e-17	4.97e-17	3.19e-17	2.04e-17	1.29e-17	8.17e-18	5.15e-18	3.24e-18	2.07e-18	1.36e-18	9.79e-19	8.31e-19	
1.15e-18	1.51e-18	2.24e-18	3.5e-18	5.57e-18	8.89e-18	1.42e-17	2.25e-17	3.55e-17	5.57e-17	8.69e-17	1.35e-16	2.07e-16	3.17e-16	4.82e-16	7.28e-16	1.09e-15	1.62e-15	2.39e-15	3.49e-15	5.07e-15	7.29e-15	1.04e-14	1.47e-14	2.05e-14	2.84e-14	3.9e-14	5.29e-14	7.11e-14	9.44e-14	1.24e-13	1.61e-13	2.07e-13	2.62e-13	3.28e-13	4.06e-13	4.95e-13	5.96e-13	7.09e-13	8.3e-13	9.6e-13	1.09e-12	1.23e-12	1.36e-12	1.48e-12	1.59e-12	1.68e-12	1.76e-12	1.8e-12	1.82e-12	1.81e-12	1.78e-12	1.72e-12	1.63e-12	1.53e-12	1.41e-12	1.29e-12	1.15e-12	1.02e-12	8.87e-13	7.62e-13	6.45e-13	5.39e-13	4.44e-13	3.61e-13	2.9e-13	2.3e-13	1.8e-13	1.4e-13	1.07e-13	8.08e-14	6.05e-14	4.48e-14	3.28e-14	2.38e-14	1.71e-14	1.21e-14	8.55e-15	5.97e-15	4.13e-15	2.84e-15	1.93e-15	1.3e-15	8.73e-16	5.81e-16	3.84e-16	2.51e-16	1.64e-16	1.06e-16	6.81e-17	4.35e-17	2.76e-17	1.75e-17	1.1e-17	6.88e-18	4.31e-18	2.73e-18	1.79e-18	1.28e-18	1.08e-18	
1.7e-18	2.24e-18	3.34e-18	5.25e-18	8.41e-18	1.35e-17	2.17e-17	3.46e-17	5.49e-17	8.67e-17	1.36e-16	2.12e-16	3.29e-16	5.07e-16	7.75e-16	1.18e-15	1.77e-15	2.65e-15	3.94e-15	5.8e-15	8.46e-15	1.22e-14	1.76e-14	2.5e-14	3.51e-14	4.9e-14	6.76e-14	9.23e-14	1.25e-13	1.67e-13	2.2e-13	2.87e-13	3.7e-13	4.72e-13	5.94e-13	7.38e-13	9.04e-13	1.09e-12	1.3e-12	1.53e-12	1.78e-12	2.03e-12	2.29e-12	2.54e-12	2.78e-12	2.99e-12	3.16e-12	3.3e-12	3.39e-12	3.43e-12	3.42e-12	3.35e-12	3.23e-12	3.07e-12	2.87e-12	2.65e-12	2.4e-12	2.15e-12	1.89e-12	1.64e-12	1.4e-12	1.19e-12	9.86e-13	8.09e-13	6.55e-13	5.24e-13	4.13e-13	3.22e-13	2.48e-13	1.89e-13	1.42e-13	1.06e-13	7.78e-14	5.66e-14	4.08e-14	2.91e-14	2.06e-14	1.44e-14	1e-14	6.87e-15	4.69e-15	3.17e-15	2.13e-15	1.42e-15	9.36e-16	6.14e-16	4e-16	2.59e-16	1.66e-16	1.06e-16	6.75e-17	4.26e-17	2.68e-17	1.67e-17	1.04e-17	6.49e-18	4.08e-18	2.66e-18	1.89e-18	1.59e-18	
2.64e-18	3.5e-18	5.25e-18	8.31e-18	1.34e-17	2.16e-17	3.49e-17	5.61e-17	8.96e-17	1.42e-16	2.25e-16	3.53e-16	5.5e-16	8.52e-16	1.31e-15	2e-15	3.04e-15	4.57e-15	6.83e-15	1.01e-14	1.48e-14	2.16e-14	3.12e-14	4.46e-14	6.31e-14	8.85e-14	1.23e-13	1.69e-13	2.29e-13	3.08e-13	4.09e-13	5.37e-13	6.96e-13	8.91e-13	1.13e-12	1.41e-12	1.73e-12	2.1e-12	2.52e-12	2.97e-12	3.45e-12	3.96e-12	4.47e-12	4.97e-12	5.44e-12	5.87e-12	6.22e-12	6.5e-12	6.68e-12	6.76e-12	6.73e-12	6.59e-12	6.36e-12	6.03e-12	5.64e-12	5.18e-12	4.69e-12	4.19e-12	3.68e-12	3.18e-12	2.71e-12	2.28e-12	1.89e-12	1.54e-12	1.25e-12	9.91e-13	7.78e-13	6.03e-13	4.62e-13	3.5e-13	2.62e-13	1.94e-13	1.42e-13	1.03e-13	7.35e-14	5.22e-14	3.66e-14	2.55e-14	1.76e-14	1.2e-14	8.15e-15	5.48e-15	3.65e-15	2.42e-15	1.59e-15	1.04e-15	6.7e-16	4.31e-16	2.75e-16	1.75e-16	1.1e-16	6.93e-17	4.32e-17	2.69e-17	1.66e-17	1.03e-17	6.44e-18	4.16e-18	2.94e-18	2.47e-18	
4.18e-18	5.57e-18	8.41e-18	1.34e-17	2.17e-17	3.53e-17	5.72e-17	9.24e-17	1.48e-16	2.37e-16	3.77e-16	5.95e-16	9.33e-16	1.45e-15	2.25e-15	3.46e-15	5.28e-15	7.99e-15	1.2e-14	1.79e-14	2.64e-14	3.87e-14	5.61e-14	8.07e-14	1.15e-13	1.62e-13	2.26e-13	3.13e-13	4.27e-13	5.77e-13	7.7e-13	1.02e-12	1.32e-12	1.7e-12	2.16e-12	2.71e-12	3.35e-12	4.08e-12	4.91e-12	5.81e-12	6.79e-12	7.8e-12	8.83e-12	9.84e-12	1.08e-11	1.17e-11	1.24e-11	1.3e-11	1.33e-11	1.35e-11	1.34e-11	1.31e-11	1.27e-11	1.2e-11	1.12e-11	1.03e-11	9.28e-12	8.26e-12	7.23e-12	6.24e-12	5.3e-12	4.44e-12	3.67e-12	2.98e-12	2.4e-12	1.9e-12	1.48e-12	1.14e-12	8.72e-13	6.57e-13	4.89e-13	3.6e-13	2.62e-13	1.88e-13	1.34e-13	9.47e-14	6.61e-14	4.58e-14	3.14e-14	2.13e-14	1.44e-14	9.6e-15	6.36e-15	4.18e-15	2.73e-15	1.77e-15	1.14e-15	7.29e-16	4.63e-16	2.92e-16	1.84e-16	1.15e-16	7.11e-17	4.39e-17	2.7e-17	1.66e-17	1.03e-17	6.64e-18	4.66e-18	3.9e-18	
6.64e-18	8.89e-18	1.35e-17	2.16e-17	3.53e-17	5.77e-17	9.4e-17	1.53e-16	2.47e-16	3.97e-16	6.34e-16	1.01e-15	1.59e-15	2.49e-15	3.87e-15	5.99e-15	9.18e-15	1.4e-14	2.11e-14	3.17e-14	4.71e-14	6.93e-14	1.01e-13	1.46e-13	2.1e-13	2.97e-13	4.18e-13	5.8e-13	7.97e-13	1.08e-12	1.45e-12	1.93e-12	2.52e-12	3.26e-12	4.16e-12	5.24e-12	6.5e-12	7.96e-12	9.61e-12	1.14e-11	1.34e-11	1.54e-11	1.75e-11	1.95e-11	2.15e-11	2.32e-11	2.47e-11	2.59e-11	2.66e-11	2.7e-11	2.68e-11	2.63e-11	2.53e-11	2.39e-11	2.23e-11	2.04e-11	1.84e-11	1.63e-11	1.43e-11	1.23e-11	1.04e-11	8.67e-12	7.13e-12	5.78e-12	4.62e-12	3.64e-12	2.83e-12	2.17e-12	1.65e-12	1.24e-12	9.14e-13	6.69e-13	4.84e-13	3.47e-13	2.46e-13	1.72e-13	1.2e-13	8.22e-14	5.6e-14	3.79e-14	2.54e-14	1.68e-14	1.11e-14	7.26e-15	4.71e-15	3.04e-15	1.94e-15	1.24e-15	7.81e-16	4.9e-16	3.06e-16	1.9e-16	1.17e-16	7.19e-17	4.4e-17	2.7e-17	1.67e-17	1.06e-17	7.42e-18	6.19e-18	
1.05e-17	1.42e-17	2.17e-17	3.49e-17	5.72e-17	9.4e-17	1.54e-16	2.52e-16	4.09e-16	6.61e-16	1.06e-15	1.7e-15	2.69e-15	4.24e-15	6.65e-15	1.03e-14	1.59e-14	2.44e-14	3.71e-14	5.6e-14	8.37e-14	1.24e-13	1.82e-13	2.65e-13	3.82e-13	5.45e-13	7.69e-13	1.07e-12	1.48e-12	2.03e-12	2.74e-12	3.65e-12	4.8e-12	6.24e-12	8e-12	1.01e-11	1.26e-11	1.55e-11	1.88e-11	2.24e-11	2.64e-11	3.05e-11	3.47e-11	3.89e-11	4.28e-11	4.64e-11	4.94e-11	5.18e-11	5.33e-11	5.4e-11	5.37e-11	5.26e-11	5.06e-11	4.78e-11	4.45e-11	4.07e-11	3.66e-11	3.24e-11	2.82e-11	2.41e-11	2.04e-11	1.69e-11	1.39e-11	1.12e-11	8.9e-12	6.98e-12	5.41e-12	4.13e-12	3.12e-12	2.32e-12	1.71e-12	1.24e-12	8.94e-13	6.37e-13	4.48e-13	3.13e-13	2.16e-13	1.48e-13	9.99e-14	6.71e-14	4.47e-14	2.95e-14	1.93e-14	1.26e-14	8.11e-15	5.2e-15	3.31e-15	2.09e-15	1.31e-15	8.2e-16	5.09e-16	3.14e-16	1.93e-16	1.18e-16	7.16e-17	4.36e-17	2.68e-17	1.7e-17	1.18e-17	9.8e-18	
1.66e-17	2.25e-17	3.46e-17	5.61e-17	9.24e-17	1.53e-16	2.52e-16	4.14e-16	6.76e-16	1.1e-15	1.77e-15	2.85e-15	4.55e-15	7.21e-15	1.14e-14	1.78e-14	2.76e-14	4.25e-14	6.5e-14	9.86e-14	1.48e-13	2.21e-13	3.27e-13	4.79e-13	6.94e-13	9.96e-13	1.41e-12	1.99e-12	2.76e-12	3.79e-12	5.15e-12	6.9e-12	9.13e-12	1.19e-11	1.54e-11	1.95e-11	2.45e-11	3.02e-11	3.68e-11	4.4e-11	5.19e-11	6.03e-11	6.88e-11	7.73e-11	8.53e-11	9.26e-11	9.88e-11	1.04e-10	1.07e-10	1.08e-10	1.08e-10	1.05e-10	1.01e-10	9.55e-11	8.87e-11	8.09e-11	7.26e-11	6.4e-11	5.56e-11	4.75e-11	3.99e-11	3.3e-11	2.69e-11	2.16e-11	1.71e-11	1.34e-11	1.03e-11	7.83e-12	5.87e-12	4.35e-12	3.19e-12	2.3e-12	1.65e-12	1.17e-12	8.16e-13	5.66e-13	3.88e-13	2.64e-13	1.78e-13	1.19e-13	7.85e-14	5.15e-14	3.35e-14	2.17e-14	1.39e-14	8.86e-15	5.6e-15	3.52e-15	2.2e-15	1.36e-15	8.42e-16	5.17e-16	3.15e-16	1.92e-16	1.16e-16	7.02e-17	4.29e-17	2.7e-17	1.86e-17	1.55e-17	
2.61e-17	3.55e-17	5.49e-17	8.96e-17	1.48e-16	2.47e-16	4.09e-16	6.76e-16	1.11e-15	1.82e-15	2.95e-15	4.77e-15	7.65e-15	1.22e-14	1.93e-14	3.04e-14	4.75e-14	7.37e-14	1.13e-13	1.73e-13	2.62e-13	3.93e-13	5.84e-13	8.61e-13	1.26e-12	1.81e-12	2.59e-12	3.66e-12	5.12e-12	7.07e-12	9.66e-12	1.3e-11	1.73e-11	2.28e-11	2.95e-11	3.77e-11	4.74e-11	5.88e-11	7.19e-11	8.64e-11	1.02e-10	1.19e-10	1.36e-10	1.54e-10	1.7e-10	1.85e-10	1.98e-10	2.07e-10	2.14e-10	2.17e-10	2.16e-10	2.11e-10	2.02e-10	1.91e-10	1.77e-10	1.61e-10	1.44e-10	1.27e-10	1.1e-10	9.33e-11	7.82e-11	6.44e-11	5.23e-11	4.18e-11	3.29e-11	2.56e-11	1.96e-11	1.48e-11	1.1e-11	8.14e-12	5.92e-12	4.26e-12	3.03e-12	2.13e-12	1.48e-12	1.02e-12	6.96e-13	4.7e-13	3.15e-13	2.09e-13	1.37e-13	8.95e-14	5.79e-14	3.72e-14	2.37e-14	1.5e-14	9.45e-15	5.9e-15	3.66e-15	2.26e-15	1.39e-15	8.46e-16	5.14e-16	3.1e-16	1.87e-16	1.12e-16	6.83e-17	4.28e-17	2.93e-17	2.42e-17	
4.07e-17	5.57e-17	8.67e-17	1.42e-16	2.37e-16	3.97e-16	6.61e-16	1.1e-15	1.82e-15	2.98e-15	4.88e-15	7.93e-15	1.28e-14	2.05e-14	3.27e-14	5.18e-14	8.15e-14	1.27e-13	1.97e-13	3.02e-13	4.61e-13	6.95e-13	1.04e-12	1.54e-12	2.26e-12	3.29e-12	4.73e-12	6.73e-12	9.47e-12	1.32e-11	1.81e-11	2.45e-11	3.28e-11	4.33e-11	5.65e-11	7.25e-11	9.17e-11	1.14e-10	1.4e-10	1.69e-10	2.01e-10	2.35e-10	2.7e-10	3.05e-10	3.39e-10	3.69e-10	3.95e-10	4.15e-10	4.29e-10	4.34e-10	4.32e-10	4.22e-10	4.05e-10	3.81e-10	3.53e-10	3.2e-10	2.86e-10	2.51e-10	2.16e-10	1.83e-10	1.53e-10	1.25e-10	1.01e-10	8.07e-11	6.32e-11	4.88e-11	3.72e-11	2.8e-11	2.07e-11	1.52e-11	1.1e-11	7.85e-12	5.55e-12	3.88e-12	2.68e-12	1.83e-12	1.24e-12	8.34e-13	5.55e-13	3.66e-13	2.39e-13	1.55e-13	9.96e-14	6.36e-14	4.03e-14	2.54e-14	1.58e-14	9.84e-15	6.07e-15	3.73e-15	2.27e-15	1.38e-15	8.32e-16	5e-16	2.99e-16	1.79e-16	1.08e-16	6.74e-17	4.59e-17	3.78e-17	
6.32e-17	8.69e-17	1.36e-16	2.25e-16	3.77e-16	6.34e-16	1.06e-15	1.77e-15	2.95e-15	4.88e-15	8.02e-15	1.31e-14	2.13e-14	3.44e-14	5.52e-14	8.79e-14	1.39e-13	2.18e-13	3.4e-13	5.26e-13	8.06e-13	1.23e-12	1.85e-12	2.75e-12	4.07e-12	5.95e-12	8.62e-12	1.23e-11	1.75e-11	2.44e-11	3.38e-11	4.61e-11	6.2e-11	8.24e-11	1.08e-10	1.39e-10	1.77e-10	2.22e-10	2.74e-10	3.32e-10	3.96e-10	4.65e-10	5.36e-10	6.07e-10	6.75e-10	7.37e-10	7.9e-10	8.32e-10	8.59e-10	8.71e-10	8.66e-10	8.46e-10	8.1e-10	7.62e-10	7.03e-10	6.37e-10	5.67e-10	4.96e-10	4.26e-10	3.6e-10	2.99e-10	2.44e-10	1.96e-10	1.55e-10	1.21e-10	9.31e-11	7.05e-11	5.27e-11	3.88e-11	2.83e-11	2.03e-11	1.44e-11	1.01e-11	7.03e-12	4.83e-12	3.28e-12	2.21e-12	1.47e-12	9.74e-13	6.38e-13	4.14e-13	2.67e-13	1.7e-13	1.08e-13	6.81e-14	4.26e-14	2.64e-14	1.63e-14	1e-14	6.11e-15	3.7e-15	2.23e-15	1.34e-15	8.01e-16	4.77e-16	2.84e-16	1.7e-16	1.05e-16	7.14e-17	5.86e-17	
9.75e-17	1.35e-16	2.12e-16	3.53e-16	5.95e-16	1.01e-15	1.7e-15	2.85e-15	4.77e-15	7.93e-15	1.31e-14	2.16e-14	3.52e-14	5.73e-14	9.24e-14	1.48e-13	2.36e-13	3.73e-13	5.85e-13	9.1e-13	1.4e-12	2.15e-12	3.26e-12	4.89e-12	7.28e-12	1.07e-11	1.56e-11	2.25e-11	3.21e-11	4.52e-11	6.28e-11	8.63e-11	1.17e-10	1.56e-10	2.06e-10	2.67e-10	3.42e-10	4.31e-10	5.34e-10	6.5e-10	7.79e-10	9.17e-10	1.06e-09	1.21e-09	1.34e-09	1.47e-09	1.58e-09	1.67e-09	1.72e-09	1.75e-09	1.74e-09	1.7e-09	1.62e-09	1.52e-09	1.4e-09	1.27e-09	1.13e-09	9.81e-10	8.39e-10	7.06e-10	5.84e-10	4.75e-10	3.8e-10	2.99e-10	2.32e-10	1.77e-10	1.33e-10	9.9e-11	7.25e-11	5.24e-11	3.74e-11	2.64e-11	1.84e-11	1.27e-11	8.67e-12	5.85e-12	3.91e-12	2.59e-12	1.7e-12	1.11e-12	7.14e-13	4.57e-13	2.9e-13	1.83e-13	1.14e-13	7.11e-14	4.39e-14	2.69e-14	1.64e-14	9.95e-15	6e-15	3.6e-15	2.15e-15	1.27e-15	7.55e-16	4.46e-16	2.66e-16	1.64e-16	1.1e-16	9.02e-17	
1.49e-16	2.07e-16	3.29e-16	5.5e-16	9.33e-16	1.59e-15	2.69e-15	4.55e-15	7.65e-15	1.28e-14	2.13e-14	3.52e-14	5.8e-14	9.48e-14	1.54e-13	2.48e-13	3.98e-13	6.34e-13	1e-12	1.57e-12	2.44e-12	3.75e-12	5.73e-12	8.66e-12	1.3e-11	1.92e-11	2.82e-11	4.1e-11	5.88e-11	8.33e-11	1.17e-10	1.61e-10	2.2e-10	2.96e-10	3.92e-10	5.12e-10	6.59e-10	8.34e-10	1.04e-09	1.27e-09	1.53e-09	1.81e-09	2.1e-09	2.39e-09	2.68e-09	2.94e-09	3.16e-09	3.34e-09	3.45e-09	3.5e-09	3.49e-09	3.4e-09	3.25e-09	3.04e-09	2.8e-09	2.52e-09	2.23e-09	1.94e-09	1.65e-09	1.38e-09	1.14e-09	9.21e-10	7.33e-10	5.74e-10	4.42e-10	3.36e-10	2.51e-10	1.85e-10	1.35e-10	9.7e-11	6.88e-11	4.82e-11	3.34e-11	2.29e-11	1.55e-11	1.04e-11	6.9e-12	4.54e-12	2.96e-12	1.91e-12	1.22e-12	7.78e-13	4.91e-13	3.07e-13	1.91e-13	1.18e-13	7.24e-14	4.41e-14	2.67e-14	1.61e-14	9.66e-15	5.76e-15	3.41e-15	2.02e-15	1.19e-15	6.98e-16	4.14e-16	2.53e-16	1.69e-16	1.38e-16	
2.27e-16	3.17e-16	5.07e-16	8.52e-16	1.45e-15	2.49e-15	4.24e-15	7.21e-15	1.22e-14	2.05e-14	3.44e-14	5.73e-14	9.48e-14	1.56e-13	2.55e-13	4.14e-13	6.68e-13	1.07e-12	1.7e-12	2.68e-12	4.2e-12	6.52e-12	1e-11	1.53e-11	2.3e-11	3.44e-11	5.08e-11	7.42e-11	1.07e-10	1.53e-10	2.16e-10	3e-10	4.12e-10	5.58e-10	7.45e-10	9.79e-10	1.27e-09	1.61e-09	2.02e-09	2.49e-09	3.01e-09	3.57e-09	4.16e-09	4.76e-09	5.34e-09	5.87e-09	6.33e-09	6.69e-09	6.93e-09	7.03e-09	6.99e-09	6.81e-09	6.5e-09	6.09e-09	5.58e-09	5.02e-09	4.43e-09	3.83e-09	3.25e-09	2.71e-09	2.22e-09	1.79e-09	1.41e-09	1.1e-09	8.43e-10	6.36e-10	4.73e-10	3.47e-10	2.51e-10	1.79e-10	1.26e-10	8.76e-11	6.03e-11	4.1e-11	2.76e-11	1.84e-11	1.21e-11	7.91e-12	5.12e-12	3.28e-12	2.09e-12	1.32e-12	8.26e-13	5.14e-13	3.17e-13	1.95e-13	1.19e-13	7.19e-14	4.33e-14	2.59e-14	1.54e-14	9.15e-15	5.4e-15	3.17e-15	1.85e-15	1.08e-15	6.39e-16	3.89e-16	2.58e-16	2.1e-16	
3.44e-16	4.82e-16	7.75e-16	1.31e-15	2.25e-15	3.87e-15	6.65e-15	1.14e-14	1.93e-14	3.27e-14	5.52e-14	9.24e-14	1.54e-13	2.55e-13	4.2e-13	6.86e-13	1.11e-12	1.8e-12	2.88e-12	4.57e-12	7.2e-12	1.13e-11	1.74e-11	2.67e-11	4.06e-11	6.11e-11	9.1e-11	1.34e-10	1.95e-10	2.8e-10	3.98e-10	5.58e-10	7.71e-10	1.05e-09	1.41e-09	1.87e-09	2.43e-09	3.11e-09	3.92e-09	4.85e-09	5.9e-09	7.03e-09	8.23e-09	9.45e-09	1.06e-08	1.17e-08	1.27e-08	1.34e-08	1.39e-08	1.41e-08	1.4e-08	1.37e-08	1.3e-08	1.22e-08	1.11e-08	9.98e-09	8.77e-09	7.56e-09	6.39e-09	5.3e-09	4.32e-09	3.46e-09	2.72e-09	2.1e-09	1.6e-09	1.2e-09	8.87e-10	6.46e-10	4.64e-10	3.28e-10	2.3e-10	1.59e-10	1.08e-10	7.31e-11	4.88e-11	3.23e-11	2.11e-11	1.37e-11	8.81e-12	5.61e-12	3.55e-12	2.22e-12	1.38e-12	8.54e-13	5.24e-13	3.19e-13	1.93e-13	1.16e-13	6.97e-14	4.15e-14	2.45e-14	1.45e-14	8.47e-15	4.95e-15	2.88e-15	1.67e-15	9.8e-16	5.92e-16	3.91e-16	3.16e-16	
5.15e-16	7.28e-16	1.18e-15	2e-15	3.46e-15	5.99e-15	1.03e-14	1.78e-14	3.04e-14	5.18e-14	8.79e-14	1.48e-13	2.48e-13	4.14e-13	6.86e-13	1.13e-12	1.85e-12	3e-12	4.84e-12	7.74e-12	1.23e-11	1.93e-11	3.02e-11	4.66e-11	7.14e-11	1.08e-10	1.62e-10	2.41e-10	3.53e-10	5.11e-10	7.32e-10	1.03e-09	1.44e-09	1.97e-09	2.67e-09	3.56e-09	4.66e-09	6e-09	7.6e-09	9.46e-09	1.16e-08	1.38e-08	1.63e-08	1.88e-08	2.12e-08	2.34e-08	2.54e-08	2.69e-08	2.79e-08	2.84e-08	2.82e-08	2.74e-08	2.61e-08	2.43e-08	2.22e-08	1.98e-08	1.74e-08	1.49e-08	1.26e-08	1.04e-08	8.4e-09	6.68e-09	5.23e-09	4.02e-09	3.04e-09	2.26e-09	1.66e-09	1.2e-09	8.55e-10	6.01e-10	4.17e-10	2.86e-10	1.94e-10	1.3e-10	8.61e-11	5.65e-11	3.67e-11	2.36e-11	1.51e-11	9.53e-12	5.98e-12	3.72e-12	2.3e-12	1.41e-12	8.6e-13	5.2e-13	3.13e-13	1.87e-13	1.11e-13	6.58e-14	3.87e-14	2.27e-14	1.32e-14	7.66e-15	4.43e-15	2.56e-15	1.49e-15	8.96e-16	5.89e-16	4.74e-16	
7.68e-16	1.09e-15	1.77e-15	3.04e-15	5.28e-15	9.18e-15	1.59e-14	2.76e-14	4.75e-14	8.15e-14	1.39e-13	2.36e-13	3.98e-13	6.68e-13	1.11e-12	1.85e-12	3.04e-12	4.98e-12	8.08e-12	1.3e-11	2.08e-11	3.3e-11	5.19e-11	8.09e-11	1.25e-10	1.91e-10	2.88e-10	4.31e-10	6.36e-10	9.29e-10	1.34e-09	1.91e-09	2.67e-09	3.7e-09	5.03e-09	6.75e-09	8.91e-09	1.16e-08	1.47e-08	1.84e-08	2.26e-08	2.73e-08	3.22e-08	3.72e-08	4.22e-08	4.68e-08	5.08e-08	5.4e-08	5.61e-08	5.7e-08	5.66e-08	5.5e-08	5.23e-08	4.87e-08	4.43e-08	3.95e-08	3.44e-08	2.94e-08	2.46e-08	2.02e-08	1.63e-08	1.29e-08	1e-08	7.65e-09	5.75e-09	4.25e-09	3.09e-09	2.22e-09	1.57e-09	1.1e-09	7.55e-10	5.13e-10	3.45e-10	2.3e-10	1.51e-10	9.83e-11	6.34e-11	4.05e-11	2.56e-11	1.61e-11	1e-11	6.19e-12	3.8e-12	2.31e-12	1.4e-12	8.42e-13	5.03e-13	2.99e-13	1.77e-13	1.04e-13	6.07e-14	3.53e-14	2.04e-14	1.18e-14	6.78e-15	3.9e-15	2.26e-15	1.35e-15	8.78e-16	7.05e-16	
1.13e-15	1.62e-15	2.65e-15	4.57e-15	7.99e-15	1.4e-14	2.44e-14	4.25e-14	7.37e-14	1.27e-13	2.18e-13	3.73e-13	6.34e-13	1.07e-12	1.8e-12	3e-12	4.98e-12	8.2e-12	1.34e-11	2.18e-11	3.51e-11	5.61e-11	8.88e-11	1.39e-10	2.17e-10	3.34e-10	5.09e-10	7.66e-10	1.14e-09	1.68e-09	2.44e-09	3.5e-09	4.95e-09	6.9e-09	9.47e-09	1.28e-08	1.7e-08	2.22e-08	2.85e-08	3.58e-08	4.43e-08	5.36e-08	6.36e-08	7.39e-08	8.4e-08	9.35e-08	1.02e-07	1.08e-07	1.13e-07	1.14e-07	1.14e-07	1.1e-07	1.05e-07	9.73e-08	8.83e-08	7.84e-08	6.81e-08	5.8e-08	4.83e-08	3.95e-08	3.16e-08	2.48e-08	1.92e-08	1.45e-08	1.08e-08	7.96e-09	5.75e-09	4.09e-09	2.87e-09	1.99e-09	1.36e-09	9.17e-10	6.12e-10	4.04e-10	2.63e-10	1.7e-10	1.09e-10	6.9e-11	4.33e-11	2.7e-11	1.67e-11	1.02e-11	6.23e-12	3.77e-12	2.27e-12	1.35e-12	8.03e-13	4.74e-13	2.78e-13	1.62e-13	9.43e-14	5.45e-14	3.14e-14	1.8e-14	1.03e-14	5.88e-15	3.38e-15	2.01e-15	1.3e-15	1.04e-15	
1.66e-15	2.39e-15	3.94e-15	6.83e-15	1.2e-14	2.11e-14	3.71e-14	6.5e-14	1.13e-13	1.97e-13	3.4e-13	5.85e-13	1e-12	1.7e-12	2.88e-12	4.84e-12	8.08e-12	1.34e-11	2.21e-11	3.62e-11	5.87e-11	9.46e-11	1.51e-10	2.39e-10	3.75e-10	5.81e-10	8.93e-10	1.36e-09	2.04e-09	3.02e-09	4.43e-09	6.41e-09	9.13e-09	1.28e-08	1.77e-08	2.41e-08	3.23e-08	4.25e-08	5.49e-08	6.96e-08	8.65e-08	1.05e-07	1.26e-07	1.47e-07	1.67e-07	1.87e-07	2.04e-07	2.17e-07	2.26e-07	2.3e-07	2.29e-07	2.22e-07	2.1e-07	1.95e-07	1.76e-07	1.56e-07	1.35e-07	1.14e-07	9.46e-08	7.68e-08	6.11e-08	4.77e-08	3.66e-08	2.76e-08	2.04e-08	1.48e-08	1.06e-08	7.51e-09	5.23e-09	3.59e-09	2.43e-09	1.63e-09	1.08e-09	7.05e-10	4.57e-10	2.93e-10	1.86e-10	1.17e-10	7.28e-11	4.5e-11	2.76e-11	1.68e-11	1.02e-11	6.1e-12	3.64e-12	2.16e-12	1.27e-12	7.45e-13	4.35e-13	2.52e-13	1.46e-13	8.36e-14	4.79e-14	2.73e-14	1.55e-14	8.8e-15	5.04e-15	2.97e-15	1.91e-15	1.52e-15	
2.42e-15	3.49e-15	5.8e-15	1.01e-14	1.79e-14	3.17e-14	5.6e-14	9.86e-14	1.73e-13	3.02e-13	5.26e-13	9.1e-13	1.57e-12	2.68e-12	4.57e-12	7.74e-12	1.3e-11	2.18e-11	3.62e-11	5.96e-11	9.76e-11	1.58e-10	2.55e-10	4.07e-10	6.43e-10	1.01e-09	1.56e-09	2.39e-09	3.62e-09	5.42e-09	8e-09	1.17e-08	1.68e-08	2.38e-08	3.31e-08	4.55e-08	6.13e-08	8.13e-08	1.06e-07	1.35e-07	1.69e-07	2.07e-07	2.48e-07	2.91e-07	3.33e-07	3.73e-07	4.08e-07	4.36e-07	4.55e-07	4.63e-07	4.6e-07	4.46e-07	4.22e-07	3.9e-07	3.51e-07	3.1e-07	2.67e-07	2.25e-07	1.85e-07	1.49e-07	1.18e-07	9.16e-08	6.97e-08	5.21e-08	3.82e-08	2.76e-08	1.96e-08	1.37e-08	9.48e-09	6.46e-09	4.34e-09	2.88e-09	1.89e-09	1.23e-09	7.87e-10	5e-10	3.15e-10	1.96e-10	1.21e-10	7.44e-11	4.53e-11	2.74e-11	1.64e-11	9.79e-12	5.8e-12	3.41e-12	2e-12	1.16e-12	6.74e-13	3.88e-13	2.23e-13	1.27e-13	7.24e-14	4.1e-14	2.32e-14	1.31e-14	7.43e-15	4.35e-15	2.79e-15	2.21e-15	
3.49e-15	5.07e-15	8.46e-15	1.48e-14	2.64e-14	4.71e-14	8.37e-14	1.48e-13	2.62e-13	4.61e-13	8.06e-13	1.4e-12	2.44e-12	4.2e-12	7.2e-12	1.23e-11	2.08e-11	3.51e-11	5.87e-11	9.76e-11	1.61e-10	2.63e-10	4.27e-10	6.88e-10	1.1e-09	1.73e-09	2.71e-09	4.18e-09	6.39e-09	9.65e-09	1.44e-08	2.12e-08	3.07e-08	4.38e-08	6.17e-08	8.53e-08	1.16e-07	1.55e-07	2.03e-07	2.61e-07	3.29e-07	4.05e-07	4.89e-07	5.76e-07	6.63e-07	7.46e-07	8.19e-07	8.76e-07	9.15e-07	9.32e-07	9.26e-07	8.96e-07	8.46e-07	7.8e-07	7.01e-07	6.15e-07	5.27e-07	4.42e-07	3.62e-07	2.9e-07	2.28e-07	1.75e-07	1.32e-07	9.81e-08	7.14e-08	5.11e-08	3.6e-08	2.5e-08	1.71e-08	1.15e-08	7.69e-09	5.06e-09	3.29e-09	2.12e-09	1.35e-09	8.48e-10	5.3e-10	3.28e-10	2.01e-10	1.22e-10	7.38e-11	4.43e-11	2.64e-11	1.56e-11	9.17e-12	5.36e-12	3.11e-12	1.8e-12	1.04e-12	5.93e-13	3.38e-13	1.92e-13	1.08e-13	6.11e-14	3.43e-14	1.93e-14	1.09e-14	6.33e-15	4.03e-15	3.19e-15	
4.99e-15	7.29e-15	1.22e-14	2.16e-14	3.87e-14	6.93e-14	1.24e-13	2.21e-13	3.93e-13	6.95e-13	1.23e-12	2.15e-12	3.75e-12	6.52e-12	1.13e-11	1.93e-11	3.3e-11	5.61e-11	9.46e-11	1.58e-10	2.63e-10	4.35e-10	7.11e-10	1.15e-09	1.86e-09	2.96e-09	4.66e-09	7.27e-09	1.12e-08	1.71e-08	2.57e-08	3.82e-08	5.59e-08	8.05e-08	1.14e-07	1.6e-07	2.19e-07	2.95e-07	3.89e-07	5.04e-07	6.4e-07	7.94e-07	9.63e-07	1.14e-06	1.32e-06	1.49e-06	1.64e-06	1.76e-06	1.84e-06	1.88e-06	1.86e-06	1.8e-06	1.7e-06	1.56e-06	1.4e-06	1.22e-06	1.04e-06	8.67e-07	7.06e-07	5.62e-07	4.38e-07	3.34e-07	2.5e-07	1.84e-07	1.33e-07	9.43e-08	6.59e-08	4.53e-08	3.07e-08	2.05e-08	1.36e-08	8.84e-09	5.69e-09	3.63e-09	2.29e-09	1.43e-09	8.85e-10	5.43e-10	3.3e-10	1.99e-10	1.19e-10	7.1e-11	4.19e-11	2.46e-11	1.44e-11	8.34e-12	4.81e-12	2.76e-12	1.58e-12	8.98e-13	5.09e-13	2.87e-13	1.61e-13	9.02e-14	5.04e-14	2.81e-14	1.58e-14	9.13e-15	5.78e-15	4.55e-15	
7.08e-15	1.04e-14	1.76e-14	3.12e-14	5.61e-14	1.01e-13	1.82e-13	3.27e-13	5.84e-13	1.04e-12	1.85e-12	3.26e-12	5.73e-12	1e-11	1.74e-11	3.02e-11	5.19e-11	8.88e-11	1.51e-10	2.55e-10	4.27e-10	7.11e-10	1.17e-09	1.92e-09	3.12e-09	5.01e-09	7.98e-09	1.26e-08	1.96e-08	3.01e-08	4.57e-08	6.85e-08	1.01e-07	1.47e-07	2.11e-07	2.97e-07	4.11e-07	5.59e-07	7.45e-07	9.72e-07	1.24e-06	1.55e-06	1.89e-06	2.26e-06	2.63e-06	2.98e-06	3.29e-06	3.54e-06	3.71e-06	3.78e-06	3.75e-06	3.63e-06	3.41e-06	3.12e-06	2.79e-06	2.42e-06	2.05e-06	1.7e-06	1.38e-06	1.09e-06	8.4e-07	6.37e-07	4.73e-07	3.44e-07	2.46e-07	1.73e-07	1.2e-07	8.16e-08	5.48e-08	3.63e-08	2.37e-08	1.53e-08	9.78e-09	6.18e-09	3.86e-09	2.39e-09	1.47e-09	8.91e-10	5.38e-10	3.22e-10	1.91e-10	1.13e-10	6.61e-11	3.85e-11	2.23e-11	1.29e-11	7.37e-12	4.2e-12	2.39e-12	1.35e-12	7.59e-13	4.25e-13	2.37e-13	1.32e-13	7.33e-14	4.07e-14	2.27e-14	1.3e-14	8.21e-15	6.44e-15	
9.94e-15	1.47e-14	2.5e-14	4.46e-14	8.07e-14	1.46e-13	2.65e-13	4.79e-13	8.61e-13	1.54e-12	2.75e-12	4.89e-12	8.66e-12	1.53e-11	2.67e-11	4.66e-11	8.09e-11	1.39e-10	2.39e-10	4.07e-10	6.88e-10	1.15e-09	1.92e-09	3.18e-09	5.2e-09	8.43e-09	1.35e-08	2.15e-08	3.38e-08	5.26e-08	8.07e-08	1.22e-07	1.82e-07	2.68e-07	3.87e-07	5.51e-07	7.7e-07	1.06e-06	1.42e-06	1.87e-06	2.41e-06	3.03e-06	3.73e-06	4.47e-06	5.22e-06	5.95e-06	6.6e-06	7.12e-06	7.47e-06	7.62e-06	7.56e-06	7.3e-06	6.85e-06	6.25e-06	5.55e-06	4.81e-06	4.05e-06	3.33e-06	2.67e-06	2.1e-06	1.61e-06	1.21e-06	8.88e-07	6.41e-07	4.54e-07	3.16e-07	2.17e-07	1.46e-07	9.72e-08	6.37e-08	4.13e-08	2.64e-08	1.67e-08	1.04e-08	6.46e-09	3.96e-09	2.41e-09	1.45e-09	8.68e-10	5.15e-10	3.04e-10	1.78e-10	1.03e-10	5.98e-11	3.44e-11	1.97e-11	1.12e-11	6.33e-12	3.57e-12	2e-12	1.12e-12	6.24e-13	3.46e-13	1.92e-13	1.06e-13	5.83e-14	3.24e-14	1.85e-14	1.16e-14	9.03e-15	
1.38e-14	2.05e-14	3.51e-14	6.31e-14	1.15e-13	2.1e-13	3.82e-13	6.94e-13	1.26e-12	2.26e-12	4.07e-12	7.28e-12	1.3e-11	2.3e-11	4.06e-11	7.14e-11	1.25e-10	2.17e-10	3.75e-10	6.43e-10	1.1e-09	1.86e-09	3.12e-09	5.2e-09	8.59e-09	1.41e-08	2.28e-08	3.66e-08	5.82e-08	9.13e-08	1.41e-07	2.16e-07	3.26e-07	4.84e-07	7.08e-07	1.02e-06	1.44e-06	1.99e-06	2.7e-06	3.58e-06	4.66e-06	5.91e-06	7.32e-06	8.84e-06	1.04e-05	1.19e-05	1.32e-05	1.43e-05	1.51e-05	1.54e-05	1.53e-05	1.47e-05	1.38e-05	1.25e-05	1.11e-05	9.53e-06	7.98e-06	6.52e-06	5.19e-06	4.04e-06	3.07e-06	2.28e-06	1.66e-06	1.19e-06	8.34e-07	5.75e-07	3.9e-07	2.6e-07	1.71e-07	1.11e-07	7.12e-08	4.51e-08	2.82e-08	1.75e-08	1.07e-08	6.52e-09	3.92e-09	2.34e-09	1.39e-09	8.18e-10	4.78e-10	2.77e-10	1.6e-10	9.18e-11	5.24e-11	2.98e-11	1.68e-11	9.45e-12	5.29e-12	2.95e-12	1.64e-12	9.07e-13	5e-13	2.75e-13	1.51e-13	8.28e-14	4.57e-14	2.59e-14	1.61e-14	1.25e-14	
1.91e-14	2.84e-14	4.9e-14	8.85e-14	1.62e-13	2.97e-13	5.45e-13	9.96e-13	1.81e-12	3.29e-12	5.95e-12	1.07e-11	1.92e-11	3.44e-11	6.11e-11	1.08e-10	1.91e-10	3.34e-10	5.81e-10	1.01e-09	1.73e-09	2.96e-09	5.01e-09	8.43e-09	1.41e-08	2.33e-08	3.81e-08	6.18e-08	9.91e-08	1.57e-07	2.46e-07	3.81e-07	5.8e-07	8.71e-07	1.29e-06	1.87e-06	2.66e-06	3.73e-06	5.11e-06	6.85e-06	8.99e-06	1.15e-05	1.44e-05	1.75e-05	2.07e-05	2.38e-05	2.66e-05	2.88e-05	3.04e-05	3.1e-05	3.08e-05	2.96e-05	2.76e-05	2.51e-05	2.21e-05	1.89e-05	1.57e-05	1.27e-05	1.01e-05	7.75e-06	5.84e-06	4.3e-06	3.1e-06	2.19e-06	1.52e-06	1.04e-06	6.96e-07	4.6e-07	2.99e-07	1.92e-07	1.22e-07	7.64e-08	4.74e-08	2.9e-08	1.76e-08	1.06e-08	6.33e-09	3.75e-09	2.2e-09	1.28e-09	7.44e-10	4.29e-10	2.45e-10	1.4e-10	7.91e-11	4.46e-11	2.5e-11	1.4e-11	7.77e-12	4.3e-12	2.37e-12	1.31e-12	7.16e-13	3.91e-13	2.13e-13	1.16e-13	6.39e-14	3.6e-14	2.23e-14	1.73e-14	
2.6e-14	3.9e-14	6.76e-14	1.23e-13	2.26e-13	4.18e-13	7.69e-13	1.41e-12	2.59e-12	4.73e-12	8.62e-12	1.56e-11	2.82e-11	5.08e-11	9.1e-11	1.62e-10	2.88e-10	5.09e-10	8.93e-10	1.56e-09	2.71e-09	4.66e-09	7.98e-09	1.35e-08	2.28e-08	3.81e-08	6.31e-08	1.03e-07	1.68e-07	2.68e-07	4.25e-07	6.64e-07	1.02e-06	1.55e-06	2.32e-06	3.41e-06	4.92e-06	6.96e-06	9.64e-06	1.31e-05	1.73e-05	2.23e-05	2.81e-05	3.44e-05	4.1e-05	4.75e-05	5.33e-05	5.81e-05	6.13e-05	6.27e-05	6.22e-05	5.97e-05	5.56e-05	5.02e-05	4.39e-05	3.74e-05	3.09e-05	2.48e-05	1.94e-05	1.48e-05	1.11e-05	8.07e-06	5.76e-06	4.02e-06	2.76e-06	1.86e-06	1.24e-06	8.07e-07	5.2e-07	3.3e-07	2.07e-07	1.28e-07	7.87e-08	4.78e-08	2.87e-08	1.71e-08	1.01e-08	5.94e-09	3.46e-09	2e-09	1.15e-09	6.55e-10	3.72e-10	2.1e-10	1.18e-10	6.61e-11	3.68e-11	2.04e-11	1.13e-11	6.2e-12	3.4e-12	1.86e-12	1.01e-12	5.51e-13	2.99e-13	1.62e-13	8.83e-14	4.95e-14	3.04e-14	2.35e-14	
3.51e-14	5.29e-14	9.23e-14	1.69e-13	3.13e-13	5.8e-13	1.07e-12	1.99e-12	3.66e-12	6.73e-12	1.23e-11	2.25e-11	4.1e-11	7.42e-11	1.34e-10	2.41e-10	4.31e-10	7.66e-10	1.36e-09	2.39e-09	4.18e-09	7.27e-09	1.26e-08	2.15e-08	3.66e-08	6.18e-08	1.03e-07	1.71e-07	2.8e-07	4.54e-07	7.28e-07	1.15e-06	1.79e-06	2.76e-06	4.17e-06	6.19e-06	9.03e-06	1.29e-05	1.81e-05	2.48e-05	3.32e-05	4.33e-05	5.5e-05	6.79e-05	8.15e-05	9.48e-05	0.000107	0.000117	0.000124	0.000127	0.000126	0.00012	0.000112	0.0001	8.75e-05	7.39e-05	6.06e-05	4.83e-05	3.75e-05	2.83e-05	2.09e-05	1.51e-05	1.06e-05	7.34e-06	4.98e-06	3.32e-06	2.18e-06	1.4e-06	8.94e-07	5.62e-07	3.48e-07	2.14e-07	1.3e-07	7.79e-08	4.63e-08	2.73e-08	1.6e-08	9.3e-09	5.36e-09	3.07e-09	1.75e-09	9.91e-10	5.58e-10	3.13e-10	1.75e-10	9.69e-11	5.36e-11	2.95e-11	1.62e-11	8.85e-12	4.82e-12	2.62e-12	1.42e-12	7.67e-13	4.13e-13	2.23e-13	1.21e-13	6.74e-14	4.12e-14	3.17e-14	
4.69e-14	7.11e-14	1.25e-13	2.29e-13	4.27e-13	7.97e-13	1.48e-12	2.76e-12	5.12e-12	9.47e-12	1.75e-11	3.21e-11	5.88e-11	1.07e-10	1.95e-10	3.53e-10	6.36e-10	1.14e-09	2.04e-09	3.62e-09	6.39e-09	1.12e-08	1.96e-08	3.38e-08	5.82e-08	9.91e-08	1.68e-07	2.8e-07	4.65e-07	7.62e-07	1.23e-06	1.97e-06	3.12e-06	4.85e-06	7.42e-06	1.12e-05	1.65e-05	2.39e-05	3.38e-05	4.69e-05	6.34e-05	8.36e-05	0.000107	0.000134	0.000162	0.000189	0.000215	0.000236	0.00025	0.000256	0.000254	0.000243	0.000225	0.000201	0.000174	0.000146	0.000119	9.37e-05	7.2e-05	5.38e-05	3.92e-05	2.8e-05	1.95e-05	1.33e-05	8.92e-06	5.87e-06	3.8e-06	2.42e-06	1.52e-06	9.46e-07	5.8e-07	3.52e-07	2.11e-07	1.25e-07	7.39e-08	4.32e-08	2.5e-08	1.44e-08	8.23e-09	4.67e-09	2.64e-09	1.48e-09	8.28e-10	4.6e-10	2.55e-10	1.4e-10	7.71e-11	4.22e-11	2.3e-11	1.25e-11	6.76e-12	3.65e-12	1.97e-12	1.06e-12	5.66e-13	3.04e-13	1.64e-13	9.08e-14	5.51e-14	4.23e-14	
6.2e-14	9.44e-14	1.67e-13	3.08e-13	5.77e-13	1.08e-12	2.03e-12	3.79e-12	7.07e-12	1.32e-11	2.44e-11	4.52e-11	8.33e-11	1.53e-10	2.8e-10	5.11e-10	9.29e-10	1.68e-09	3.02e-09	5.42e-09	9.65e-09	1.71e-08	3.01e-08	5.26e-08	9.13e-08	1.57e-07	2.68e-07	4.54e-07	7.62e-07	1.26e-06	2.07e-06	3.36e-06	5.36e-06	8.45e-06	1.31e-05	2e-05	2.99e-05	4.38e-05	6.29e-05	8.83e-05	0.000121	0.000161	0.000209	0.000263	0.00032	0.000378	0.000431	0.000476	0.000506	0.000519	0.000514	0.000491	0.000452	0.000403	0.000346	0.000288	0.000232	0.000181	0.000138	0.000102	7.34e-05	5.16e-05	3.55e-05	2.39e-05	1.58e-05	1.03e-05	6.58e-06	4.14e-06	2.57e-06	1.58e-06	9.56e-07	5.73e-07	3.4e-07	2e-07	1.17e-07	6.74e-08	3.87e-08	2.2e-08	1.25e-08	7.02e-09	3.93e-09	2.19e-09	1.21e-09	6.69e-10	3.68e-10	2.01e-10	1.1e-10	5.96e-11	3.22e-11	1.74e-11	9.37e-12	5.03e-12	2.69e-12	1.44e-12	7.67e-13	4.09e-13	2.19e-13	1.21e-13	7.3e-14	5.58e-14	
8.1e-14	1.24e-13	2.2e-13	4.09e-13	7.7e-13	1.45e-12	2.74e-12	5.15e-12	9.66e-12	1.81e-11	3.38e-11	6.28e-11	1.17e-10	2.16e-10	3.98e-10	7.32e-10	1.34e-09	2.44e-09	4.43e-09	8e-09	1.44e-08	2.57e-08	4.57e-08	8.07e-08	1.41e-07	2.46e-07	4.25e-07	7.28e-07	1.23e-06	2.07e-06	3.44e-06	5.64e-06	9.14e-06	1.46e-05	2.29e-05	3.54e-05	5.37e-05	7.99e-05	0.000116	0.000165	0.000229	0.000309	0.000405	0.000515	0.000634	0.000754	0.000866	0.00096	0.00102	0.00105	0.00104	0.000992	0.000911	0.000806	0.000688	0.000567	0.000453	0.00035	0.000263	0.000192	0.000136	9.47e-05	6.43e-05	4.27e-05	2.79e-05	1.79e-05	1.13e-05	7.01e-06	4.3e-06	2.6e-06	1.56e-06	9.22e-07	5.41e-07	3.15e-07	1.81e-07	1.04e-07	5.9e-08	3.33e-08	1.87e-08	1.04e-08	5.78e-09	3.19e-09	1.75e-09	9.61e-10	5.24e-10	2.84e-10	1.54e-10	8.31e-11	4.47e-11	2.4e-11	1.28e-11	6.84e-12	3.64e-12	1.93e-12	1.03e-12	5.44e-13	2.91e-13	1.59e-13	9.56e-14	7.28e-14	
1.05e-13	1.61e-13	2.87e-13	5.37e-13	1.02e-12	1.93e-12	3.65e-12	6.9e-12	1.3e-11	2.45e-11	4.61e-11	8.63e-11	1.61e-10	3e-10	5.58e-10	1.03e-09	1.91e-09	3.5e-09	6.41e-09	1.17e-08	2.12e-08	3.82e-08	6.85e-08	1.22e-07	2.16e-07	3.81e-07	6.64e-07	1.15e-06	1.97e-06	3.36e-06	5.64e-06	9.38e-06	1.54e-05	2.49e-05	3.97e-05	6.22e-05	9.58e-05	0.000145	0.000213	0.000308	0.000433	0.000591	0.000785	0.00101	0.00125	0.0015	0.00174	0.00194	0.00207	0.00213	0.00211	0.00201	0.00183	0.00161	0.00137	0.00112	0.000881	0.000673	0.000499	0.000359	0.000252	0.000172	0.000115	7.56e-05	4.86e-05	3.07e-05	1.91e-05	1.17e-05	7.09e-06	4.24e-06	2.5e-06	1.47e-06	8.5e-07	4.89e-07	2.79e-07	1.58e-07	8.88e-08	4.96e-08	2.76e-08	1.52e-08	8.39e-09	4.59e-09	2.51e-09	1.36e-09	7.36e-10	3.97e-10	2.13e-10	1.14e-10	6.12e-11	3.26e-11	1.73e-11	9.19e-12	4.87e-12	2.57e-12	1.36e-12	7.16e-13	3.8e-13	2.07e-13	1.24e-13	9.39e-14	
1.34e-13	2.07e-13	3.7e-13	6.96e-13	1.32e-12	2.52e-12	4.8e-12	9.13e-12	1.73e-11	3.28e-11	6.2e-11	1.17e-10	2.2e-10	4.12e-10	7.71e-10	1.44e-09	2.67e-09	4.95e-09	9.13e-09	1.68e-08	3.07e-08	5.59e-08	1.01e-07	1.82e-07	3.26e-07	5.8e-07	1.02e-06	1.79e-06	3.12e-06	5.36e-06	9.14e-06	1.54e-05	2.56e-05	4.2e-05	6.8e-05	0.000108	0.000169	0.000259	0.000389	0.000569	0.000812	0.00113	0.00151	0.00197	0.00247	0.003	0.00349	0.00391	0.0042	0.00433	0.00428	0.00405	0.00369	0.00322	0.00271	0.00219	0.00171	0.00129	0.000942	0.000668	0.000462	0.000311	0.000205	0.000132	8.38e-05	5.22e-05	3.2e-05	1.93e-05	1.15e-05	6.81e-06	3.98e-06	2.3e-06	1.32e-06	7.48e-07	4.22e-07	2.37e-07	1.32e-07	7.29e-08	4.02e-08	2.2e-08	1.2e-08	6.52e-09	3.53e-09	1.9e-09	1.02e-09	5.47e-10	2.92e-10	1.56e-10	8.26e-11	4.38e-11	2.31e-11	1.22e-11	6.42e-12	3.38e-12	1.77e-12	9.31e-13	4.92e-13	2.67e-13	1.58e-13	1.2e-13	
1.69e-13	2.62e-13	4.72e-13	8.91e-13	1.7e-12	3.26e-12	6.24e-12	1.19e-11	2.28e-11	4.33e-11	8.24e-11	1.56e-10	2.96e-10	5.58e-10	1.05e-09	1.97e-09	3.7e-09	6.9e-09	1.28e-08	2.38e-08	4.38e-08	8.05e-08	1.47e-07	2.68e-07	4.84e-07	8.71e-07	1.55e-06	2.76e-06	4.85e-06	8.45e-06	1.46e-05	2.49e-05	4.2e-05	7e-05	0.000115	0.000186	0.000295	0.00046	0.000701	0.00104	0.00151	0.00213	0.0029	0.00383	0.00487	0.00595	0.00699	0.00788	0.0085	0.00877	0.00866	0.00819	0.00741	0.00643	0.00535	0.00428	0.0033	0.00245	0.00177	0.00123	0.000839	0.000556	0.000361	0.000229	0.000143	8.75e-05	5.29e-05	3.15e-05	1.85e-05	1.08e-05	6.22e-06	3.55e-06	2.01e-06	1.13e-06	6.3e-07	3.49e-07	1.93e-07	1.06e-07	5.76e-08	3.13e-08	1.69e-08	9.12e-09	4.89e-09	2.62e-09	1.4e-09	7.43e-10	3.94e-10	2.08e-10	1.1e-10	5.79e-11	3.05e-11	1.6e-11	8.37e-12	4.37e-12	2.28e-12	1.19e-12	6.28e-13	3.39e-13	2e-13	1.51e-13	
2.1e-13	3.28e-13	5.94e-13	1.13e-12	2.16e-12	4.16e-12	8e-12	1.54e-11	2.95e-11	5.65e-11	1.08e-10	2.06e-10	3.92e-10	7.45e-10	1.41e-09	2.67e-09	5.03e-09	9.47e-09	1.77e-08	3.31e-08	6.17e-08	1.14e-07	2.11e-07	3.87e-07	7.08e-07	1.29e-06	2.32e-06	4.17e-06	7.42e-06	1.31e-05	2.29e-05	3.97e-05	6.8e-05	0.000115	0.000192	0.000315	0.00051	0.000807	0.00125	0.0019	0.00279	0.004	0.00554	0.00741	0.00954	0.0118	0.014	0.0158	0.0171	0.0177	0.0175	0.0165	0.0148	0.0128	0.0105	0.00833	0.00633	0.00464	0.00329	0.00226	0.00151	0.000984	0.000627	0.000391	0.00024	0.000145	8.61e-05	5.05e-05	2.93e-05	1.68e-05	9.57e-06	5.4e-06	3.02e-06	1.68e-06	9.25e-07	5.08e-07	2.77e-07	1.51e-07	8.14e-08	4.38e-08	2.35e-08	1.26e-08	6.69e-09	3.55e-09	1.88e-09	9.94e-10	5.24e-10	2.75e-10	1.44e-10	7.57e-11	3.96e-11	2.06e-11	1.08e-11	5.59e-12	2.91e-12	1.51e-12	7.92e-13	4.25e-13	2.5e-13	1.88e-13	
2.59e-13	4.06e-13	7.38e-13	1.41e-12	2.71e-12	5.24e-12	1.01e-11	1.95e-11	3.77e-11	7.25e-11	1.39e-10	2.67e-10	5.12e-10	9.79e-10	1.87e-09	3.56e-09	6.75e-09	1.28e-08	2.41e-08	4.55e-08	8.53e-08	1.6e-07	2.97e-07	5.51e-07	1.02e-06	1.87e-06	3.41e-06	6.19e-06	1.12e-05	2e-05	3.54e-05	6.22e-05	0.000108	0.000186	0.000315	0.000527	0.000867	0.0014	0.00221	0.00341	0.00511	0.00745	0.0105	0.0142	0.0186	0.0232	0.0277	0.0316	0.0344	0.0356	0.0351	0.033	0.0296	0.0253	0.0206	0.0161	0.0121	0.00871	0.00607	0.0041	0.00269	0.00172	0.00107	0.000659	0.000397	0.000236	0.000138	7.97e-05	4.56e-05	2.58e-05	1.45e-05	8.06e-06	4.46e-06	2.45e-06	1.34e-06	7.26e-07	3.92e-07	2.11e-07	1.13e-07	6.03e-08	3.21e-08	1.7e-08	9e-09	4.75e-09	2.5e-09	1.31e-09	6.86e-10	3.59e-10	1.87e-10	9.74e-11	5.06e-11	2.63e-11	1.36e-11	7.06e-12	3.65e-12	1.89e-12	9.86e-13	5.27e-13	3.09e-13	2.31e-13	
3.15e-13	4.95e-13	9.04e-13	1.73e-12	3.35e-12	6.5e-12	1.26e-11	2.45e-11	4.74e-11	9.17e-11	1.77e-10	3.42e-10	6.59e-10	1.27e-09	2.43e-09	4.66e-09	8.91e-09	1.7e-08	3.23e-08	6.13e-08	1.16e-07	2.19e-07	4.11e-07	7.7e-07	1.44e-06	2.66e-06	4.92e-06	9.03e-06	1.65e-05	2.99e-05	5.37e-05	9.58e-05	0.000169	0.000295	0.00051	0.000867	0.00145	0.00239	0.00384	0.00604	0.00925	0.0137	0.0197	0.0271	0.0358	0.0452	0.0544	0.0623	0.068	0.0705	0.0695	0.0652	0.0581	0.0493	0.0399	0.0308	0.0228	0.0162	0.0111	0.00733	0.00471	0.00296	0.00181	0.00109	0.000647	0.000377	0.000217	0.000124	6.96e-05	3.89e-05	2.15e-05	1.18e-05	6.46e-06	3.51e-06	1.89e-06	1.02e-06	5.45e-07	2.91e-07	1.54e-07	8.17e-08	4.31e-08	2.27e-08	1.19e-08	6.24e-09	3.26e-09	1.7e-09	8.85e-10	4.6e-10	2.38e-10	1.24e-10	6.39e-11	3.3e-11	1.7e-11	8.78e-12	4.52e-12	2.33e-12	1.21e-12	6.45e-13	3.76e-13	2.8e-13	
3.77e-13	5.96e-13	1.09e-12	2.1e-12	4.08e-12	7.96e-12	1.55e-11	3.02e-11	5.88e-11	1.14e-10	2.22e-10	4.31e-10	8.34e-10	1.61e-09	3.11e-09	6e-09	1.16e-08	2.22e-08	4.25e-08	8.13e-08	1.55e-07	2.95e-07	5.59e-07	1.06e-06	1.99e-06	3.73e-06	6.96e-06	1.29e-05	2.39e-05	4.38e-05	7.99e-05	0.000145	0.000259	0.00046	0.000807	0.0014	0.00239	0.004	0.00658	0.0106	0.0165	0.0249	0.0362	0.0506	0.0676	0.086	0.104	0.12	0.131	0.135	0.134	0.125	0.111	0.0942	0.0757	0.0579	0.0423	0.0295	0.0199	0.0129	0.00814	0.005	0.00301	0.00178	0.00103	0.000592	0.000335	0.000188	0.000104	5.73e-05	3.13e-05	1.7e-05	9.18e-06	4.93e-06	2.64e-06	1.4e-06	7.44e-07	3.93e-07	2.07e-07	1.09e-07	5.69e-08	2.97e-08	1.55e-08	8.06e-09	4.19e-09	2.17e-09	1.12e-09	5.8e-10	2.99e-10	1.54e-10	7.94e-11	4.08e-11	2.1e-11	1.08e-11	5.53e-12	2.84e-12	1.47e-12	7.78e-13	4.51e-13	3.36e-13	
4.47e-13	7.09e-13	1.3e-12	2.52e-12	4.91e-12	9.61e-12	1.88e-11	3.68e-11	7.19e-11	1.4e-10	2.74e-10	5.34e-10	1.04e-09	2.02e-09	3.92e-09	7.6e-09	1.47e-08	2.85e-08	5.49e-08	1.06e-07	2.03e-07	3.89e-07	7.45e-07	1.42e-06	2.7e-06	5.11e-06	9.64e-06	1.81e-05	3.38e-05	6.29e-05	0.000116	0.000213	0.000389	0.000701	0.00125	0.00221	0.00384	0.00658	0.011	0.0181	0.0287	0.0442	0.0653	0.0922	0.124	0.158	0.191	0.218	0.238	0.246	0.243	0.228	0.204	0.173	0.139	0.106	0.0766	0.0528	0.0349	0.0223	0.0138	0.0083	0.00489	0.00283	0.00161	0.000909	0.000506	0.000279	0.000153	8.28e-05	4.47e-05	2.4e-05	1.28e-05	6.79e-06	3.59e-06	1.89e-06	9.95e-07	5.21e-07	2.72e-07	1.42e-07	7.37e-08	3.82e-08	1.98e-08	1.02e-08	5.28e-09	2.72e-09	1.4e-09	7.21e-10	3.7e-10	1.9e-10	9.72e-11	4.98e-11	2.55e-11	1.3e-11	6.65e-12	3.4e-12	1.75e-12	9.26e-13	5.35e-13	3.97e-13	
5.22e-13	8.3e-13	1.53e-12	2.97e-12	5.81e-12	1.14e-11	2.24e-11	4.4e-11	8.64e-11	1.69e-10	3.32e-10	6.5e-10	1.27e-09	2.49e-09	4.85e-09	9.46e-09	1.84e-08	3.58e-08	6.96e-08	1.35e-07	2.61e-07	5.04e-07	9.72e-07	1.87e-06	3.58e-06	6.85e-06	1.31e-05	2.48e-05	4.69e-05	8.83e-05	0.000165	0.000308	0.000569	0.00104	0.0019	0.00341	0.00604	0.0106	0.0181	0.0302	0.0489	0.0763	0.114	0.161	0.215	0.272	0.324	0.366	0.395	0.407	0.403	0.381	0.344	0.296	0.24	0.184	0.134	0.0916	0.0598	0.0375	0.0228	0.0134	0.00776	0.0044	0.00246	0.00136	0.000746	0.000405	0.000218	0.000117	6.22e-05	3.3e-05	1.74e-05	9.15e-06	4.79e-06	2.5e-06	1.3e-06	6.77e-07	3.51e-07	1.81e-07	9.37e-08	4.83e-08	2.48e-08	1.28e-08	6.55e-09	3.36e-09	1.72e-09	8.8e-10	4.5e-10	2.3e-10	1.17e-10	5.97e-11	3.04e-11	1.55e-11	7.89e-12	4.02e-12	2.06e-12	1.09e-12	6.26e-13	4.64e-13	
6.01e-13	9.6e-13	1.78e-12	3.45e-12	6.79e-12	1.34e-11	2.64e-11	5.19e-11	1.02e-10	2.01e-10	3.96e-10	7.79e-10	1.53e-09	3.01e-09	5.9e-09	1.16e-08	2.26e-08	4.43e-08	8.65e-08	1.69e-07	3.29e-07	6.4e-07	1.24e-06	2.41e-06	4.66e-06	8.99e-06	1.73e-05	3.32e-05	6.34e-05	0.000121	0.000229	0.000433	0.000812	0.00151	0.00279	0.00511	0.00925	0.0165	0.0287	0.0489	0.0803	0.126	0.188	0.264	0.346	0.425	0.494	0.545	0.579	0.592	0.587	0.562	0.519	0.457	0.382	0.3	0.22	0.152	0.0988	0.0612	0.0365	0.0211	0.012	0.00667	0.00366	0.00199	0.00107	0.000573	0.000304	0.000161	8.46e-05	4.43e-05	2.31e-05	1.2e-05	6.25e-06	3.24e-06	1.67e-06	8.61e-07	4.43e-07	2.28e-07	1.17e-07	5.98e-08	3.06e-08	1.56e-08	7.98e-09	4.07e-09	2.07e-09	1.06e-09	5.38e-10	2.73e-10	1.39e-10	7.06e-11	3.58e-11	1.82e-11	9.23e-12	4.69e-12	2.4e-12	1.26e-12	7.22e-13	5.34e-13	
6.83e-13	1.09e-12	2.03e-12	3.96e-12	7.8e-12	1.54e-11	3.05e-11	6.03e-11	1.19e-10	2.35e-10	4.65e-10	9.17e-10	1.81e-09	3.57e-09	7.03e-09	1.38e-08	2.73e-08	5.36e-08	1.05e-07	2.07e-07	4.05e-07	7.94e-07	1.55e-06	3.03e-06	5.91e-06	1.15e-05	2.23e-05	4.33e-05	8.36e-05	0.000161	0.000309	0.000591	0.00113	0.00213	0.004	0.00745	0.0137	0.0249	0.0442	0.0763	0.126	0.198	0.291	0.397	0.501	0.592	0.662	0.711	0.741	0.753	0.748	0.727	0.687	0.626	0.543	0.444	0.337	0.237	0.156	0.096	0.0565	0.0322	0.0179	0.00979	0.00528	0.00282	0.0015	0.000788	0.000413	0.000216	0.000112	5.81e-05	3e-05	1.55e-05	7.96e-06	4.09e-06	2.09e-06	1.07e-06	5.48e-07	2.8e-07	1.43e-07	7.26e-08	3.69e-08	1.88e-08	9.54e-09	4.84e-09	2.46e-09	1.25e-09	6.32e-10	3.2e-10	1.62e-10	8.2e-11	4.15e-11	2.1e-11	1.06e-11	5.38e-12	2.74e-12	1.43e-12	8.21e-13	6.06e-13	
7.65e-13	1.23e-12	2.29e-12	4.47e-12	8.83e-12	1.75e-11	3.47e-11	6.88e-11	1.36e-10	2.7e-10	5.36e-10	1.06e-09	2.1e-09	4.16e-09	8.23e-09	1.63e-08	3.22e-08	6.36e-08	1.26e-07	2.48e-07	4.89e-07	9.63e-07	1.89e-06	3.73e-06	7.32e-06	1.44e-05	2.81e-05	5.5e-05	0.000107	0.000209	0.000405	0.000785	0.00151	0.0029	0.00554	0.0105	0.0197	0.0362	0.0653	0.114	0.188	0.291	0.414	0.54	0.65	0.735	0.794	0.833	0.854	0.863	0.86	0.844	0.814	0.764	0.691	0.591	0.471	0.344	0.231	0.143	0.084	0.0472	0.0258	0.0139	0.00737	0.00388	0.00202	0.00105	0.000544	0.000281	0.000144	7.41e-05	3.79e-05	1.94e-05	9.89e-06	5.04e-06	2.57e-06	1.3e-06	6.62e-07	3.36e-07	1.7e-07	8.63e-08	4.37e-08	2.21e-08	1.12e-08	5.66e-09	2.86e-09	1.44e-09	7.29e-10	3.68e-10	1.86e-10	9.38e-11	4.73e-11	2.39e-11	1.2e-11	6.08e-12	3.09e-12	1.61e-12	9.21e-13	6.78e-13	
8.45e-13	1.36e-12	2.54e-12	4.97e-12	9.84e-12	1.95e-11	3.89e-11	7.73e-11	1.54e-10	3.05e-10	6.07e-10	1.21e-09	2.39e-09	4.76e-09	9.45e-09	1.88e-08	3.72e-08	7.39e-08	1.47e-07	2.91e-07	5.76e-07	1.14e-06	2.26e-06	4.47e-06	8.84e-06	1.75e-05	3.44e-05	6.79e-05	0.000134	0.000263	0.000515	0.00101	0.00197	0.00383	0.00741	0.0142	0.0271	0.0506	0.0922	0.161	0.264	0.397	0.54	0.669	0.768	0.837	0.881	0.907	0.922	0.928	0.925	0.915	0.894	0.859	0.802	0.717	0.6	0.46	0.32	0.202	0.119	0.0663	0.0358	0.019	0.00992	0.00514	0.00265	0.00136	0.000695	0.000355	0.000181	9.19e-05	4.66e-05	2.37e-05	1.2e-05	6.06e-06	3.07e-06	1.55e-06	7.83e-07	3.95e-07	1.99e-07	1.01e-07	5.07e-08	2.55e-08	1.29e-08	6.48e-09	3.26e-09	1.64e-09	8.27e-10	4.16e-10	2.09e-10	1.05e-10	5.3e-11	2.67e-11	1.34e-11	6.77e-12	3.43e-12	1.79e-12	1.02e-12	7.48e-13	
9.19e-13	1.48e-12	2.78e-12	5.44e-12	1.08e-11	2.15e-11	4.28e-11	8.53e-11	1.7e-10	3.39e-10	6.75e-10	1.34e-09	2.68e-09	5.34e-09	1.06e-08	2.12e-08	4.22e-08	8.4e-08	1.67e-07	3.33e-07	6.63e-07	1.32e-06	2.63e-06	5.22e-06	1.04e-05	2.07e-05	4.1e-05	8.15e-05	0.000162	0.00032	0.000634	0.00125	0.00247	0.00487	0.00954	0.0186	0.0358	0.0676	0.124	0.215	0.346	0.501	0.65	0.768	0.849	0.901	0.932	0.949	0.959	0.962	0.961	0.954	0.941	0.917	0.875	0.808	0.707	0.569	0.413	0.269	0.16	0.0889	0.0476	0.0249	0.0128	0.00657	0.00335	0.0017	0.00086	0.000434	0.000219	0.000111	5.57e-05	2.81e-05	1.41e-05	7.11e-06	3.57e-06	1.8e-06	9.03e-07	4.54e-07	2.28e-07	1.15e-07	5.75e-08	2.89e-08	1.45e-08	7.28e-09	3.65e-09	1.83e-09	9.21e-10	4.62e-10	2.32e-10	1.17e-10	5.85e-11	2.94e-11	1.47e-11	7.42e-12	3.76e-12	1.95e-12	1.11e-12	8.14e-13	
9.86e-13	1.59e-12	2.99e-12	5.87e-12	1.17e-11	2.32e-11	4.64e-11	9.26e-11	1.85e-10	3.69e-10	7.37e-10	1.47e-09	2.94e-09	5.87e-09	1.17e-08	2.34e-08	4.68e-08	9.35e-08	1.87e-07	3.73e-07	7.46e-07	1.49e-06	2.98e-06	5.95e-06	1.19e-05	2.38e-05	4.75e-05	9.48e-05	0.000189	0.000378	0.000754	0.0015	0.003	0.00595	0.0118	0.0232	0.0452	0.086	0.158	0.272	0.425	0.592	0.735	0.837	0.901	0.939	0.96	0.972	0.978	0.98	0.979	0.975	0.966	0.95	0.92	0.869	0.785	0.66	0.5	0.336	0.203	0.113	0.0603	0.0313	0.016	0.00807	0.00407	0.00204	0.00103	0.000515	0.000258	0.000129	6.47e-05	3.24e-05	1.62e-05	8.11e-06	4.06e-06	2.03e-06	1.02e-06	5.09e-07	2.55e-07	1.28e-07	6.39e-08	3.2e-08	1.6e-08	8.02e-09	4.02e-09	2.01e-09	1.01e-09	5.04e-10	2.53e-10	1.27e-10	6.34e-11	3.18e-11	1.59e-11	8e-12	4.05e-12	2.1e-12	1.19e-12	8.73e-13	
