6.17e-89	3.73e-90	2.22e-91	1.3e-92	7.56e-94	4.33e-95	2.48e-96	4.17e-96	4.05e-94	3.74e-92	3.16e-90	2.46e-88	1.77e-86	1.17e-84	7.2e-83	4.09e-81	2.15e-79	1.05e-77	4.73e-76	1.98e-74	7.69e-73	2.77e-71	9.21e-70	2.84e-68	8.09e-67	2.13e-65	5.16e-64	1.15e-62	2.36e-61	4.42e-60	7.58e-59	1.18e-57	1.67e-56	2.14e-55	2.45e-54	2.51e-53	2.28e-52	1.83e-51	1.28e-50	7.82e-50	4.1e-49	1.84e-48	7.03e-48	2.25e-47	5.96e-47	1.31e-46	2.54e-46	5.02e-46	9.64e-46	1.47e-45	1.53e-45	1.16e-45	7.25e-46	4.09e-46	2.18e-46	1.08e-46	4.86e-47	1.94e-47	6.9e-48	2.19e-48	6.26e-49	1.62e-49	3.84e-50	8.34e-51	1.68e-51	3.14e-52	5.5e-53	9.03e-54	1.4e-54	2.05e-55	2.84e-56	3.76e-57	4.75e-58	5.74e-59	6.66e-60	7.42e-61	7.97e-62	8.27e-63	8.29e-64	8.04e-65	7.56e-66	6.91e-67	6.14e-68	5.3e-69	4.47e-70	3.67e-71	2.94e-72	2.31e-73	1.77e-74	1.32e-75	9.73e-77	7.01e-78	4.95e-79	3.43e-80	2.34e-81	1.56e-82	1.03e-83	6.65e-85	4.23e-86	2.65e-87	
3.73e-90	2.27e-91	1.36e-92	8.05e-94	4.7e-95	2.7e-96	1.55e-97	1.73e-97	1.66e-95	1.53e-93	1.29e-91	1.01e-89	7.25e-88	4.81e-86	2.95e-84	1.68e-82	8.83e-81	4.31e-79	1.95e-77	8.15e-76	3.17e-74	1.14e-72	3.8e-71	1.17e-69	3.34e-68	8.79e-67	2.13e-65	4.76e-64	9.77e-63	1.83e-61	3.15e-60	4.92e-59	6.96e-58	8.9e-57	1.02e-55	1.05e-54	9.55e-54	7.66e-53	5.38e-52	3.29e-51	1.73e-50	7.78e-50	2.98e-49	9.55e-49	2.54e-48	5.58e-48	1.09e-47	2.16e-47	4.16e-47	6.37e-47	6.67e-47	5.1e-47	3.19e-47	1.8e-47	9.63e-48	4.79e-48	2.15e-48	8.64e-49	3.08e-49	9.84e-50	2.83e-50	7.38e-51	1.76e-51	3.85e-52	7.81e-53	1.47e-53	2.59e-54	4.29e-55	6.69e-56	9.88e-57	1.38e-57	1.84e-58	2.35e-59	2.86e-60	3.34e-61	3.76e-62	4.07e-63	4.25e-64	4.29e-65	4.2e-66	3.98e-67	3.66e-68	3.28e-69	2.86e-70	2.42e-71	2.01e-72	1.62e-73	1.28e-74	9.87e-76	7.46e-77	5.52e-78	4e-79	2.85e-80	1.99e-81	1.36e-82	9.19e-84	6.08e-85	3.96e-86	2.54e-87	1.6e-88	
2.22e-91	1.36e-92	8.21e-94	4.89e-95	2.87e-96	1.67e-97	9.6e-99	7.19e-99	6.7e-97	6.18e-95	5.24e-93	4.08e-91	2.94e-89	1.95e-87	1.2e-85	6.81e-84	3.59e-82	1.75e-80	7.91e-79	3.32e-77	1.29e-75	4.64e-74	1.55e-72	4.78e-71	1.36e-69	3.59e-68	8.72e-67	1.95e-65	4e-64	7.52e-63	1.29e-61	2.02e-60	2.86e-59	3.66e-58	4.21e-57	4.33e-56	3.95e-55	3.17e-54	2.23e-53	1.36e-52	7.2e-52	3.25e-51	1.25e-50	4.01e-50	1.07e-49	2.35e-49	4.61e-49	9.18e-49	1.77e-48	2.73e-48	2.87e-48	2.21e-48	1.39e-48	7.86e-49	4.2e-49	2.09e-49	9.41e-50	3.79e-50	1.36e-50	4.37e-51	1.26e-51	3.32e-52	7.96e-53	1.76e-53	3.58e-54	6.81e-55	1.21e-55	2.02e-56	3.17e-57	4.71e-58	6.65e-59	8.93e-60	1.15e-60	1.41e-61	1.66e-62	1.88e-63	2.05e-64	2.16e-65	2.2e-66	2.16e-67	2.07e-68	1.92e-69	1.73e-70	1.52e-71	1.3e-72	1.08e-73	8.8e-75	7e-76	5.44e-77	4.14e-78	3.09e-79	2.26e-80	1.62e-81	1.14e-82	7.85e-84	5.32e-85	3.55e-86	2.33e-87	1.5e-88	9.56e-90	
1.3e-92	8.05e-94	4.89e-95	2.93e-96	1.73e-97	1.01e-98	5.85e-100	2.99e-100	2.68e-98	2.47e-96	2.1e-94	1.64e-92	1.18e-90	7.83e-89	4.81e-87	2.73e-85	1.44e-83	7.03e-82	3.18e-80	1.34e-78	5.19e-77	1.87e-75	6.24e-74	1.93e-72	5.51e-71	1.45e-69	3.53e-68	7.89e-67	1.62e-65	3.05e-64	5.24e-63	8.2e-62	1.16e-60	1.49e-59	1.72e-58	1.77e-57	1.61e-56	1.3e-55	9.15e-55	5.6e-54	2.96e-53	1.34e-52	5.16e-52	1.67e-51	4.51e-51	1.02e-50	2e-50	4.04e-50	8.37e-50	1.48e-49	1.51e-49	1.09e-49	6.51e-50	3.57e-50	1.87e-50	9.21e-51	4.13e-51	1.66e-51	5.97e-52	1.92e-52	5.59e-53	1.48e-53	3.56e-54	7.91e-55	1.63e-55	3.11e-56	5.57e-57	9.35e-58	1.48e-58	2.22e-59	3.15e-60	4.27e-61	5.52e-62	6.84e-63	8.12e-64	9.26e-65	1.02e-65	1.08e-66	1.11e-67	1.1e-68	1.06e-69	9.9e-71	9e-72	7.95e-73	6.85e-74	5.75e-75	4.72e-76	3.78e-77	2.96e-78	2.27e-79	1.7e-80	1.25e-81	9.05e-83	6.41e-84	4.46e-85	3.04e-86	2.04e-87	1.35e-88	8.78e-90	5.62e-91	
7.56e-94	4.7e-95	2.87e-96	1.73e-97	1.03e-98	6.06e-100	3.53e-101	1.25e-101	1.06e-99	9.8e-98	8.31e-96	6.49e-94	4.67e-92	3.11e-90	1.91e-88	1.09e-86	5.73e-85	2.8e-83	1.27e-81	5.32e-80	2.07e-78	7.46e-77	2.49e-75	7.7e-74	2.2e-72	5.81e-71	1.41e-69	3.16e-68	6.5e-67	1.22e-65	2.11e-64	3.3e-63	4.68e-62	6.01e-61	6.92e-60	7.13e-59	6.53e-58	5.3e-57	3.87e-56	2.71e-55	2.12e-54	2e-53	1.94e-52	1.62e-51	1.05e-50	4.41e-50	8.55e-50	2.33e-49	1.12e-48	3.81e-48	3.33e-48	1.67e-48	6.24e-49	2.22e-49	7.99e-50	2.66e-50	7.69e-51	1.91e-51	4.13e-52	7.99e-53	1.42e-53	2.39e-54	3.92e-55	6.43e-56	1.06e-56	1.77e-57	2.9e-58	4.63e-59	7.15e-60	1.06e-60	1.5e-61	2.04e-62	2.64e-63	3.29e-64	3.93e-65	4.52e-66	5.01e-67	5.35e-68	5.53e-69	5.53e-70	5.37e-71	5.05e-72	4.62e-73	4.12e-74	3.57e-75	3.02e-76	2.5e-77	2.02e-78	1.59e-79	1.23e-80	9.28e-82	6.88e-83	5e-84	3.57e-85	2.5e-86	1.72e-87	1.16e-88	7.73e-90	5.06e-91	3.26e-92	
4.33e-95	2.7e-96	1.67e-97	1.01e-98	6.06e-100	3.59e-101	2.1e-102	5.34e-103	4.16e-101	3.85e-99	3.26e-97	2.55e-95	1.84e-93	1.22e-91	7.51e-90	4.28e-88	2.26e-86	1.1e-84	4.99e-83	2.1e-81	8.17e-80	2.95e-78	9.85e-77	3.04e-75	8.71e-74	2.3e-72	5.6e-71	1.25e-69	2.58e-68	4.86e-67	8.37e-66	1.31e-64	1.87e-63	2.46e-62	3.4e-61	7.26e-60	2.61e-58	9.92e-57	3.13e-55	7.75e-54	1.48e-52	2.16e-51	2.4e-50	2.03e-49	1.26e-48	5.1e-48	9.89e-48	2.69e-47	1.23e-46	3.97e-46	3.45e-46	1.72e-46	6.49e-47	2.35e-47	8.64e-48	2.91e-48	8.43e-49	2.08e-49	4.41e-50	8.18e-51	1.35e-51	2.01e-52	2.73e-53	3.4e-54	3.93e-55	4.24e-56	4.29e-57	4.1e-58	3.72e-59	3.22e-60	2.67e-61	2.13e-62	1.66e-63	1.27e-64	9.67e-66	7.45e-67	5.88e-68	4.81e-69	4.08e-70	3.56e-71	3.16e-72	2.82e-73	2.5e-74	2.19e-75	1.89e-76	1.59e-77	1.32e-78	1.07e-79	8.46e-81	6.57e-82	5e-83	3.73e-84	2.73e-85	1.96e-86	1.38e-87	9.57e-89	6.52e-90	4.36e-91	2.87e-92	1.86e-93	
2.48e-96	1.55e-97	9.6e-99	5.85e-100	3.53e-101	2.1e-102	1.23e-103	2.32e-104	1.62e-102	1.49e-100	1.27e-98	9.92e-97	7.15e-95	4.76e-93	2.93e-91	1.67e-89	8.8e-88	4.3e-86	1.95e-84	8.19e-83	3.19e-81	1.15e-79	3.85e-78	1.19e-76	3.41e-75	9.01e-74	2.2e-72	4.92e-71	1.01e-69	1.94e-68	4.16e-67	2.23e-65	2.42e-63	2.37e-61	1.81e-59	1.08e-57	5.03e-56	1.85e-54	5.34e-53	1.21e-51	2.13e-50	2.89e-49	3.01e-48	2.39e-47	1.41e-46	5.42e-46	1.05e-45	2.85e-45	1.24e-44	3.79e-44	3.26e-44	1.63e-44	6.2e-45	2.3e-45	8.64e-46	2.95e-46	8.63e-47	2.14e-47	4.57e-48	8.54e-49	1.42e-49	2.12e-50	2.89e-51	3.62e-52	4.2e-53	4.54e-54	4.61e-55	4.41e-56	4e-57	3.45e-58	2.83e-59	2.23e-60	1.68e-61	1.22e-62	8.58e-64	5.81e-65	3.81e-66	2.43e-67	1.5e-68	9.04e-70	5.31e-71	3.04e-72	1.7e-73	9.34e-75	5.03e-76	2.67e-77	1.4e-78	7.25e-80	3.76e-81	1.96e-82	1.04e-83	5.63e-85	3.16e-86	1.83e-87	1.1e-88	6.81e-90	4.28e-91	2.73e-92	1.74e-93	1.11e-94	
4.17e-96	1.73e-97	7.19e-99	2.99e-100	1.25e-101	5.34e-103	2.32e-104	1.65e-105	6.23e-104	5.75e-102	4.89e-100	3.82e-98	2.75e-96	1.83e-94	1.13e-92	6.44e-91	3.4e-89	1.66e-87	7.54e-86	3.17e-84	1.24e-82	4.46e-81	1.49e-79	4.62e-78	1.32e-76	3.5e-75	8.53e-74	2.83e-72	7.03e-70	2.27e-67	4.8e-65	7.11e-63	7.79e-61	6.54e-59	4.3e-57	2.24e-55	9.28e-54	3.07e-52	8.09e-51	1.69e-49	2.75e-48	3.49e-47	3.41e-46	2.56e-45	1.43e-44	5.27e-44	1.02e-43	2.75e-43	1.14e-42	3.31e-42	2.83e-42	1.42e-42	5.44e-43	2.06e-43	7.91e-44	2.74e-44	8.09e-45	2.02e-45	4.34e-46	8.16e-47	1.36e-47	2.05e-48	2.8e-49	3.53e-50	4.11e-51	4.47e-52	4.55e-53	4.37e-54	3.97e-55	3.43e-56	2.83e-57	2.23e-58	1.69e-59	1.23e-60	8.64e-62	5.87e-63	3.86e-64	2.46e-65	1.52e-66	9.17e-68	5.38e-69	3.08e-70	1.72e-71	9.42e-73	5.04e-74	2.64e-75	1.36e-76	6.86e-78	3.4e-79	1.66e-80	7.93e-82	3.74e-83	1.73e-84	7.93e-86	3.58e-87	1.59e-88	6.99e-90	3.03e-91	1.3e-92	5.51e-94	
4.05e-94	1.66e-95	6.7e-97	2.68e-98	1.06e-99	4.16e-101	1.62e-102	6.23e-104	4.75e-105	2.2e-103	1.87e-101	1.46e-99	1.05e-97	7.01e-96	4.32e-94	2.46e-92	1.3e-90	6.37e-89	2.89e-87	1.22e-85	4.74e-84	1.71e-82	5.73e-81	1.78e-79	5.09e-78	1.35e-76	1.92e-72	1.48e-69	5.36e-67	1.22e-64	1.94e-62	2.29e-60	2.09e-58	1.51e-56	8.66e-55	4.01e-53	1.5e-51	4.51e-50	1.09e-48	2.1e-47	3.2e-46	3.8e-45	3.51e-44	2.5e-43	1.33e-42	4.7e-42	9.12e-42	2.43e-41	9.6e-41	2.66e-40	2.26e-40	1.13e-40	4.39e-41	1.7e-41	6.67e-42	2.34e-42	6.96e-43	1.75e-43	3.78e-44	7.15e-45	1.2e-45	1.82e-46	2.5e-47	3.16e-48	3.7e-49	4.03e-50	4.12e-51	3.97e-52	3.62e-53	3.14e-54	2.59e-55	2.05e-56	1.56e-57	1.14e-58	7.99e-60	5.43e-61	3.57e-62	2.28e-63	1.42e-64	8.54e-66	5.02e-67	2.88e-68	1.61e-69	8.82e-71	4.72e-72	2.48e-73	1.28e-74	6.44e-76	3.2e-77	1.56e-78	7.46e-80	3.52e-81	1.64e-82	7.48e-84	3.37e-85	1.5e-86	6.59e-88	2.86e-89	1.22e-90	5.17e-92	
3.74e-92	1.53e-93	6.18e-95	2.47e-96	9.8e-98	3.85e-99	1.49e-100	5.75e-102	2.2e-103	1.66e-104	7.06e-103	5.52e-101	3.99e-99	2.66e-97	1.64e-95	9.34e-94	4.93e-92	2.42e-90	1.1e-88	4.62e-87	1.8e-85	6.52e-84	2.18e-82	6.77e-81	1.94e-79	3.7e-72	3.01e-69	1.16e-66	2.81e-64	4.78e-62	6.08e-60	5.99e-58	4.69e-56	2.95e-54	1.51e-52	6.28e-51	2.13e-49	5.9e-48	1.32e-46	2.36e-45	3.37e-44	3.77e-43	3.29e-42	2.23e-41	1.13e-40	3.84e-40	7.45e-40	1.96e-39	7.43e-39	1.97e-38	1.66e-38	8.32e-39	3.26e-39	1.29e-39	5.17e-40	1.84e-40	5.51e-41	1.4e-41	3.03e-42	5.77e-43	9.74e-44	1.48e-44	2.05e-45	2.6e-46	3.06e-47	3.35e-48	3.43e-49	3.32e-50	3.04e-51	2.64e-52	2.19e-53	1.73e-54	1.32e-55	9.63e-57	6.79e-58	4.62e-59	3.05e-60	1.95e-61	1.21e-62	7.31e-64	4.3e-65	2.47e-66	1.38e-67	7.59e-69	4.07e-70	2.14e-71	1.1e-72	5.57e-74	2.76e-75	1.35e-76	6.46e-78	3.05e-79	1.42e-80	6.49e-82	2.93e-83	1.3e-84	5.73e-86	2.48e-87	1.06e-88	4.5e-90	
3.16e-90	1.29e-91	5.24e-93	2.1e-94	8.31e-96	3.26e-97	1.27e-98	4.89e-100	1.87e-101	7.06e-103	5.3e-104	2.07e-102	1.5e-100	9.98e-99	6.15e-97	3.51e-95	1.86e-93	9.09e-92	4.13e-90	1.74e-88	6.79e-87	2.46e-85	8.23e-84	2.55e-82	6.56e-72	5.64e-69	2.3e-66	5.9e-64	1.07e-61	1.45e-59	1.54e-57	1.3e-55	8.91e-54	4.98e-52	2.29e-50	8.67e-49	2.7e-47	6.89e-46	1.43e-44	2.4e-43	3.21e-42	3.4e-41	2.82e-40	1.82e-39	8.81e-39	2.89e-38	5.6e-38	1.46e-37	5.28e-37	1.34e-36	1.12e-36	5.64e-37	2.24e-37	9.08e-38	3.7e-38	1.33e-38	4.02e-39	1.03e-39	2.24e-40	4.29e-41	7.29e-42	1.11e-42	1.55e-43	1.97e-44	2.33e-45	2.56e-46	2.64e-47	2.56e-48	2.35e-49	2.04e-50	1.7e-51	1.35e-52	1.03e-53	7.53e-55	5.32e-56	3.63e-57	2.4e-58	1.53e-59	9.54e-61	5.77e-62	3.4e-63	1.95e-64	1.1e-65	6.01e-67	3.23e-68	1.7e-69	8.75e-71	4.43e-72	2.2e-73	1.07e-74	5.15e-76	2.43e-77	1.13e-78	5.19e-80	2.34e-81	1.04e-82	4.59e-84	1.99e-85	8.53e-87	3.61e-88	
2.46e-88	1.01e-89	4.08e-91	1.64e-92	6.49e-94	2.55e-95	9.92e-97	3.82e-98	1.46e-99	5.52e-101	2.07e-102	1.54e-103	5.57e-102	3.72e-100	2.29e-98	1.31e-96	6.92e-95	3.39e-93	1.54e-91	6.5e-90	2.54e-88	9.19e-87	3.08e-85	1.08e-71	9.73e-69	4.18e-66	1.13e-63	2.18e-61	3.16e-59	3.58e-57	3.25e-55	2.4e-53	1.46e-51	7.34e-50	3.07e-48	1.06e-46	3.06e-45	7.25e-44	1.41e-42	2.21e-41	2.8e-40	2.8e-39	2.21e-38	1.36e-37	6.33e-37	2.01e-36	3.88e-36	9.94e-36	3.46e-35	8.45e-35	7.03e-35	3.54e-35	1.42e-35	5.89e-36	2.44e-36	8.89e-37	2.71e-37	6.95e-38	1.53e-38	2.94e-39	5.03e-40	7.73e-41	1.08e-41	1.38e-42	1.64e-43	1.81e-44	1.87e-45	1.82e-46	1.67e-47	1.46e-48	1.22e-49	9.69e-51	7.4e-52	5.43e-53	3.84e-54	2.63e-55	1.74e-56	1.11e-57	6.94e-59	4.2e-60	2.48e-61	1.43e-62	8.01e-64	4.4e-65	2.36e-66	1.24e-67	6.42e-69	3.25e-70	1.62e-71	7.9e-73	3.79e-74	1.79e-75	8.35e-77	3.83e-78	1.73e-79	7.71e-81	3.39e-82	1.47e-83	6.31e-85	2.67e-86	
1.77e-86	7.25e-88	2.94e-89	1.18e-90	4.67e-92	1.84e-93	7.15e-95	2.75e-96	1.05e-97	3.99e-99	1.5e-100	5.57e-102	4.11e-103	1.37e-101	8.47e-100	4.84e-98	2.56e-96	1.26e-94	5.71e-93	2.41e-91	9.4e-90	3.41e-88	1.63e-71	1.55e-68	6.99e-66	2e-63	4.06e-61	6.25e-59	7.54e-57	7.31e-55	5.8e-53	3.81e-51	2.08e-49	9.51e-48	3.64e-46	1.17e-44	3.11e-43	6.88e-42	1.25e-40	1.86e-39	2.22e-38	2.11e-37	1.59e-36	9.36e-36	4.18e-35	1.29e-34	2.47e-34	6.25e-34	2.09e-33	4.91e-33	4.06e-33	2.05e-33	8.33e-34	3.53e-34	1.49e-34	5.49e-35	1.68e-35	4.35e-36	9.64e-37	1.87e-37	3.21e-38	4.96e-39	6.96e-40	8.96e-41	1.07e-41	1.18e-42	1.23e-43	1.2e-44	1.1e-45	9.67e-47	8.07e-48	6.44e-49	4.93e-50	3.62e-51	2.57e-52	1.76e-53	1.16e-54	7.48e-56	4.66e-57	2.83e-58	1.67e-59	9.62e-61	5.41e-62	2.97e-63	1.6e-64	8.43e-66	4.35e-67	2.21e-68	1.1e-69	5.37e-71	2.58e-72	1.22e-73	5.69e-75	2.61e-76	1.18e-77	5.26e-79	2.32e-80	1.01e-81	4.32e-83	1.83e-84	
1.17e-84	4.81e-86	1.95e-87	7.83e-89	3.11e-90	1.22e-91	4.76e-93	1.83e-94	7.01e-96	2.66e-97	9.98e-99	3.72e-100	1.37e-101	1.01e-102	3.11e-101	1.77e-99	9.4e-98	4.61e-96	2.1e-94	8.84e-93	3.46e-91	2.29e-71	2.27e-68	1.08e-65	3.24e-63	6.94e-61	1.13e-58	1.44e-56	1.49e-54	1.26e-52	8.91e-51	5.26e-49	2.61e-47	1.09e-45	3.86e-44	1.15e-42	2.86e-41	5.93e-40	1.02e-38	1.42e-37	1.61e-36	1.46e-35	1.05e-34	5.93e-34	2.55e-33	7.61e-33	1.46e-32	3.62e-32	1.16e-31	2.64e-31	2.17e-31	1.1e-31	4.52e-32	1.96e-32	8.43e-33	3.13e-33	9.68e-34	2.52e-34	5.62e-35	1.1e-35	1.89e-36	2.94e-37	4.15e-38	5.37e-39	6.42e-40	7.14e-41	7.43e-42	7.28e-43	6.74e-44	5.92e-45	4.95e-46	3.96e-47	3.03e-48	2.24e-49	1.59e-50	1.09e-51	7.22e-53	4.64e-54	2.9e-55	1.76e-56	1.04e-57	6.01e-59	3.38e-60	1.86e-61	1e-62	5.29e-64	2.73e-65	1.39e-66	6.9e-68	3.38e-69	1.63e-70	7.7e-72	3.59e-73	1.65e-74	7.45e-76	3.33e-77	1.46e-78	6.37e-80	2.73e-81	1.16e-82	
7.2e-83	2.95e-84	1.2e-85	4.81e-87	1.91e-88	7.51e-90	2.93e-91	1.13e-92	4.32e-94	1.64e-95	6.15e-97	2.29e-98	8.47e-100	3.11e-101	2.26e-102	6.46e-101	3.42e-99	1.68e-97	7.64e-96	3.22e-94	2.97e-71	3.08e-68	1.53e-65	4.83e-63	1.09e-60	1.86e-58	2.52e-56	2.76e-54	2.5e-52	1.88e-50	1.19e-48	6.39e-47	2.9e-45	1.12e-43	3.67e-42	1.02e-40	2.37e-39	4.63e-38	7.5e-37	9.96e-36	1.07e-34	9.28e-34	6.38e-33	3.46e-32	1.43e-31	4.16e-31	7.92e-31	1.94e-30	5.99e-30	1.31e-29	1.07e-29	5.44e-30	2.27e-30	1.01e-30	4.41e-31	1.65e-31	5.15e-32	1.35e-32	3.03e-33	5.95e-34	1.04e-34	1.62e-35	2.3e-36	2.98e-37	3.58e-38	4e-39	4.18e-40	4.1e-41	3.81e-42	3.35e-43	2.81e-44	2.25e-45	1.73e-46	1.28e-47	9.09e-49	6.24e-50	4.15e-51	2.67e-52	1.67e-53	1.02e-54	6.02e-56	3.47e-57	1.96e-58	1.08e-59	5.82e-61	3.07e-62	1.59e-63	8.07e-65	4.02e-66	1.97e-67	9.48e-69	4.49e-70	2.1e-71	9.63e-73	4.36e-74	1.95e-75	8.58e-77	3.73e-78	1.6e-79	6.8e-81	
4.09e-81	1.68e-82	6.81e-84	2.73e-85	1.09e-86	4.28e-88	1.67e-89	6.44e-91	2.46e-92	9.34e-94	3.51e-95	1.31e-96	4.84e-98	1.77e-99	6.46e-101	4.67e-102	1.24e-100	6.07e-99	2.76e-97	3.58e-71	3.88e-68	2.01e-65	6.63e-63	1.57e-60	2.82e-58	4.03e-56	4.67e-54	4.47e-52	3.59e-50	2.43e-48	1.4e-46	6.86e-45	2.88e-43	1.03e-41	3.15e-40	8.16e-39	1.79e-37	3.3e-36	5.06e-35	6.39e-34	6.56e-33	5.42e-32	3.57e-31	1.86e-30	7.43e-30	2.1e-29	3.98e-29	9.54e-29	2.85e-28	6.03e-28	4.9e-28	2.49e-28	1.06e-28	4.81e-29	2.14e-29	8.08e-30	2.54e-30	6.7e-31	1.51e-31	2.99e-32	5.24e-33	8.24e-34	1.18e-34	1.54e-35	1.85e-36	2.07e-37	2.17e-38	2.14e-39	1.99e-40	1.76e-41	1.48e-42	1.19e-43	9.15e-45	6.77e-46	4.82e-47	3.32e-48	2.21e-49	1.42e-50	8.92e-52	5.43e-53	3.22e-54	1.86e-55	1.05e-56	5.8e-58	3.13e-59	1.65e-60	8.56e-62	4.35e-63	2.17e-64	1.06e-65	5.13e-67	2.43e-68	1.14e-69	5.22e-71	2.37e-72	1.06e-73	4.66e-75	2.03e-76	8.72e-78	3.7e-79	
2.15e-79	8.83e-81	3.59e-82	1.44e-83	5.73e-85	2.26e-86	8.8e-88	3.4e-89	1.3e-90	4.93e-92	1.86e-93	6.92e-95	2.56e-96	9.4e-98	3.42e-99	1.24e-100	8.87e-102	2.18e-100	4.01e-71	4.51e-68	2.44e-65	8.41e-63	2.08e-60	3.93e-58	5.9e-56	7.2e-54	7.29e-52	6.2e-50	4.47e-48	2.75e-46	1.45e-44	6.56e-43	2.55e-41	8.51e-40	2.43e-38	5.94e-37	1.23e-35	2.15e-34	3.12e-33	3.75e-32	3.68e-31	2.91e-30	1.84e-29	9.23e-29	3.56e-28	9.8e-28	1.85e-27	4.34e-27	1.25e-26	2.56e-26	2.07e-26	1.06e-26	4.57e-27	2.13e-27	9.58e-28	3.66e-28	1.16e-28	3.08e-29	7.01e-30	1.4e-30	2.46e-31	3.89e-32	5.58e-33	7.32e-34	8.87e-35	9.98e-36	1.05e-36	1.04e-37	9.68e-39	8.57e-40	7.23e-41	5.82e-42	4.49e-43	3.33e-44	2.37e-45	1.64e-46	1.09e-47	7.05e-49	4.42e-50	2.69e-51	1.6e-52	9.26e-54	5.23e-55	2.89e-56	1.56e-57	8.25e-59	4.28e-60	2.18e-61	1.09e-62	5.33e-64	2.57e-65	1.22e-66	5.7e-68	2.62e-69	1.19e-70	5.32e-72	2.35e-73	1.02e-74	4.4e-76	1.87e-77	
1.05e-77	4.31e-79	1.75e-80	7.03e-82	2.8e-83	1.1e-84	4.3e-86	1.66e-87	6.37e-89	2.42e-90	9.09e-92	3.39e-93	1.26e-94	4.61e-96	1.68e-97	6.07e-99	2.18e-100	4.16e-71	4.87e-68	2.74e-65	9.85e-63	2.55e-60	5.03e-58	7.92e-56	1.02e-53	1.09e-51	9.76e-50	7.46e-48	4.88e-46	2.75e-44	1.34e-42	5.6e-41	2.03e-39	6.35e-38	1.71e-36	3.93e-35	7.7e-34	1.27e-32	1.77e-31	2.02e-30	1.9e-29	1.44e-28	8.75e-28	4.22e-27	1.58e-26	4.23e-26	7.91e-26	1.82e-25	5.07e-25	1.01e-24	8.11e-25	4.16e-25	1.83e-25	8.7e-26	3.98e-26	1.53e-26	4.89e-27	1.31e-27	3.01e-28	6.03e-29	1.07e-29	1.7e-30	2.45e-31	3.24e-32	3.94e-33	4.45e-34	4.7e-35	4.66e-36	4.36e-37	3.87e-38	3.27e-39	2.64e-40	2.04e-41	1.52e-42	1.08e-43	7.48e-45	5e-46	3.23e-47	2.03e-48	1.24e-49	7.37e-51	4.27e-52	2.42e-53	1.34e-54	7.22e-56	3.82e-57	1.98e-58	1.01e-59	5.05e-61	2.48e-62	1.2e-63	5.69e-65	2.66e-66	1.22e-67	5.56e-69	2.49e-70	1.1e-71	4.79e-73	2.06e-74	8.75e-76	
4.73e-76	1.95e-77	7.91e-79	3.18e-80	1.27e-81	4.99e-83	1.95e-84	7.54e-86	2.89e-87	1.1e-88	4.13e-90	1.54e-91	5.71e-93	2.1e-94	7.64e-96	2.76e-97	4.01e-71	4.87e-68	2.84e-65	1.07e-62	2.87e-60	5.93e-58	9.77e-56	1.32e-53	1.48e-51	1.4e-49	1.13e-47	7.85e-46	4.7e-44	2.44e-42	1.1e-40	4.3e-39	1.46e-37	4.28e-36	1.09e-34	2.37e-33	4.4e-32	6.92e-31	9.14e-30	1e-28	8.99e-28	6.55e-27	3.83e-26	1.78e-25	6.44e-25	1.69e-24	3.13e-24	7.07e-24	1.9e-23	3.66e-23	2.93e-23	1.51e-23	6.76e-24	3.3e-24	1.53e-24	5.95e-25	1.91e-25	5.16e-26	1.19e-26	2.41e-27	4.31e-28	6.9e-29	1e-29	1.33e-30	1.62e-31	1.84e-32	1.95e-33	1.94e-34	1.82e-35	1.62e-36	1.37e-37	1.11e-38	8.6e-40	6.4e-41	4.59e-42	3.17e-43	2.12e-44	1.38e-45	8.65e-47	5.29e-48	3.15e-49	1.83e-50	1.03e-51	5.73e-53	3.1e-54	1.64e-55	8.54e-57	4.35e-58	2.18e-59	1.07e-60	5.17e-62	2.46e-63	1.15e-64	5.3e-66	2.41e-67	1.08e-68	4.77e-70	2.08e-71	8.95e-73	3.81e-74	
1.98e-74	8.15e-76	3.32e-77	1.34e-78	5.32e-80	2.1e-81	8.19e-83	3.17e-84	1.22e-85	4.62e-87	1.74e-88	6.5e-90	2.41e-91	8.84e-93	3.22e-94	3.58e-71	4.51e-68	2.74e-65	1.07e-62	2.99e-60	6.44e-58	1.11e-55	1.56e-53	1.84e-51	1.83e-49	1.56e-47	1.14e-45	7.27e-44	4.01e-42	1.93e-40	8.11e-39	2.97e-37	9.46e-36	2.62e-34	6.29e-33	1.3e-31	2.3e-30	3.44e-29	4.34e-28	4.55e-27	3.92e-26	2.74e-25	1.54e-24	6.94e-24	2.43e-23	6.21e-23	1.14e-22	2.53e-22	6.56e-22	1.23e-21	9.81e-22	5.09e-22	2.32e-22	1.16e-22	5.43e-23	2.13e-23	6.91e-24	1.88e-24	4.39e-25	8.94e-26	1.61e-26	2.59e-27	3.78e-28	5.04e-29	6.19e-30	7.05e-31	7.5e-32	7.48e-33	7.05e-34	6.29e-35	5.34e-36	4.33e-37	3.36e-38	2.51e-39	1.8e-40	1.25e-41	8.36e-43	5.43e-44	3.42e-45	2.09e-46	1.25e-47	7.25e-49	4.11e-50	2.28e-51	1.24e-52	6.56e-54	3.41e-55	1.74e-56	8.71e-58	4.29e-59	2.07e-60	9.86e-62	4.62e-63	2.13e-64	9.69e-66	4.34e-67	1.92e-68	8.38e-70	3.61e-71	1.54e-72	
7.69e-73	3.17e-74	1.29e-75	5.19e-77	2.07e-78	8.17e-80	3.19e-81	1.24e-82	4.74e-84	1.8e-85	6.79e-87	2.54e-88	9.4e-90	3.46e-91	2.97e-71	3.88e-68	2.44e-65	9.85e-63	2.87e-60	6.44e-58	1.15e-55	1.7e-53	2.09e-51	2.19e-49	1.96e-47	1.52e-45	1.02e-43	5.96e-42	3.05e-40	1.37e-38	5.37e-37	1.85e-35	5.56e-34	1.46e-32	3.31e-31	6.5e-30	1.09e-28	1.57e-27	1.89e-26	1.9e-25	1.57e-24	1.06e-23	5.73e-23	2.49e-22	8.46e-22	2.11e-21	3.84e-21	8.32e-21	2.09e-20	3.8e-20	3.02e-20	1.58e-20	7.34e-21	3.74e-21	1.78e-21	7.07e-22	2.31e-22	6.35e-23	1.49e-23	3.07e-24	5.56e-25	9.03e-26	1.32e-26	1.78e-27	2.19e-28	2.5e-29	2.67e-30	2.68e-31	2.53e-32	2.26e-33	1.93e-34	1.57e-35	1.22e-36	9.12e-38	6.56e-39	4.55e-40	3.06e-41	1.99e-42	1.25e-43	7.69e-45	4.59e-46	2.67e-47	1.52e-48	8.41e-50	4.57e-51	2.43e-52	1.26e-53	6.45e-55	3.23e-56	1.59e-57	7.71e-59	3.67e-60	1.72e-61	7.95e-63	3.62e-64	1.62e-65	7.18e-67	3.14e-68	1.35e-69	5.76e-71	
2.77e-71	1.14e-72	4.64e-74	1.87e-75	7.46e-77	2.95e-78	1.15e-79	4.46e-81	1.71e-82	6.52e-84	2.46e-85	9.19e-87	3.41e-88	2.29e-71	3.08e-68	2.01e-65	8.41e-63	2.55e-60	5.93e-58	1.11e-55	1.7e-53	2.19e-51	2.39e-49	2.25e-47	1.83e-45	1.29e-43	8e-42	4.34e-40	2.07e-38	8.7e-37	3.21e-35	1.04e-33	2.96e-32	7.34e-31	1.59e-29	2.97e-28	4.77e-27	6.54e-26	7.56e-25	7.28e-24	5.79e-23	3.75e-22	1.96e-21	8.22e-21	2.71e-20	6.62e-20	1.19e-19	2.52e-19	6.12e-19	1.09e-18	8.6e-19	4.53e-19	2.15e-19	1.12e-19	5.41e-20	2.16e-20	7.13e-21	1.98e-21	4.7e-22	9.73e-23	1.78e-23	2.91e-24	4.29e-25	5.78e-26	7.17e-27	8.23e-28	8.82e-29	8.87e-30	8.4e-31	7.55e-32	6.44e-33	5.25e-34	4.1e-35	3.07e-36	2.21e-37	1.54e-38	1.03e-39	6.74e-41	4.26e-42	2.62e-43	1.56e-44	9.11e-46	5.18e-47	2.88e-48	1.56e-49	8.32e-51	4.34e-52	2.22e-53	1.11e-54	5.49e-56	2.66e-57	1.27e-58	5.95e-60	2.75e-61	1.25e-62	5.62e-64	2.49e-65	1.09e-66	4.7e-68	2e-69	
9.21e-70	3.8e-71	1.55e-72	6.24e-74	2.49e-75	9.85e-77	3.85e-78	1.49e-79	5.73e-81	2.18e-82	8.23e-84	3.08e-85	1.63e-71	2.27e-68	1.53e-65	6.63e-63	2.08e-60	5.03e-58	9.77e-56	1.56e-53	2.09e-51	2.39e-49	2.35e-47	2e-45	1.49e-43	9.73e-42	5.58e-40	2.82e-38	1.26e-36	4.97e-35	1.73e-33	5.3e-32	1.43e-30	3.37e-29	6.93e-28	1.24e-26	1.9e-25	2.5e-24	2.77e-23	2.56e-22	1.96e-21	1.22e-20	6.16e-20	2.5e-19	7.99e-19	1.91e-18	3.4e-18	7.03e-18	1.65e-17	2.85e-17	2.25e-17	1.2e-17	5.79e-18	3.09e-18	1.51e-18	6.11e-19	2.03e-19	5.69e-20	1.37e-20	2.85e-21	5.26e-22	8.66e-23	1.29e-23	1.74e-24	2.17e-25	2.5e-26	2.69e-27	2.72e-28	2.58e-29	2.33e-30	1.99e-31	1.63e-32	1.27e-33	9.56e-35	6.91e-36	4.81e-37	3.24e-38	2.12e-39	1.34e-40	8.25e-42	4.94e-43	2.88e-44	1.64e-45	9.13e-47	4.97e-48	2.65e-49	1.38e-50	7.07e-52	3.55e-53	1.75e-54	8.5e-56	4.06e-57	1.91e-58	8.82e-60	4.02e-61	1.81e-62	8e-64	3.5e-65	1.51e-66	6.45e-68	
2.84e-68	1.17e-69	4.78e-71	1.93e-72	7.7e-74	3.04e-75	1.19e-76	4.62e-78	1.78e-79	6.77e-81	2.55e-82	1.08e-71	1.55e-68	1.08e-65	4.83e-63	1.57e-60	3.93e-58	7.92e-56	1.32e-53	1.84e-51	2.19e-49	2.25e-47	2e-45	1.56e-43	1.07e-41	6.49e-40	3.47e-38	1.64e-36	6.88e-35	2.56e-33	8.41e-32	2.44e-30	6.25e-29	1.41e-27	2.76e-26	4.71e-25	6.93e-24	8.71e-23	9.27e-22	8.26e-21	6.07e-20	3.65e-19	1.78e-18	6.97e-18	2.17e-17	5.06e-17	8.9e-17	1.8e-16	4.08e-16	6.87e-16	5.41e-16	2.9e-16	1.44e-16	7.86e-17	3.89e-17	1.59e-17	5.33e-18	1.51e-18	3.66e-19	7.72e-20	1.43e-20	2.38e-21	3.56e-22	4.85e-23	6.07e-24	7.04e-25	7.6e-26	7.7e-27	7.35e-28	6.64e-29	5.7e-30	4.67e-31	3.66e-32	2.76e-33	2e-34	1.39e-35	9.41e-37	6.15e-38	3.9e-39	2.41e-40	1.44e-41	8.43e-43	4.81e-44	2.68e-45	1.46e-46	7.79e-48	4.07e-49	2.09e-50	1.05e-51	5.18e-53	2.52e-54	1.2e-55	5.65e-57	2.62e-58	1.19e-59	5.37e-61	2.38e-62	1.04e-63	4.51e-65	1.93e-66	
8.09e-67	3.34e-68	1.36e-69	5.51e-71	2.2e-72	8.71e-74	3.41e-75	1.32e-76	5.09e-78	1.94e-79	6.56e-72	9.73e-69	6.99e-66	3.24e-63	1.09e-60	2.82e-58	5.9e-56	1.02e-53	1.48e-51	1.83e-49	1.96e-47	1.83e-45	1.49e-43	1.07e-41	6.82e-40	3.84e-38	1.92e-36	8.54e-35	3.38e-33	1.19e-31	3.69e-30	1.02e-28	2.49e-27	5.33e-26	1e-24	1.63e-23	2.3e-22	2.78e-21	2.84e-20	2.44e-19	1.73e-18	9.99e-18	4.7e-17	1.78e-16	5.38e-16	1.23e-15	2.14e-15	4.2e-15	9.25e-15	1.52e-14	1.19e-14	6.46e-15	3.28e-15	1.84e-15	9.2e-16	3.79e-16	1.29e-16	3.69e-17	9.04e-18	1.92e-18	3.61e-19	6.03e-20	9.08e-21	1.24e-21	1.57e-22	1.82e-23	1.98e-24	2.01e-25	1.93e-26	1.75e-27	1.51e-28	1.24e-29	9.73e-31	7.34e-32	5.33e-33	3.73e-34	2.52e-35	1.65e-36	1.05e-37	6.49e-39	3.9e-40	2.28e-41	1.3e-42	7.27e-44	3.97e-45	2.12e-46	1.11e-47	5.69e-49	2.87e-50	1.42e-51	6.89e-53	3.3e-54	1.55e-55	7.19e-57	3.28e-58	1.48e-59	6.57e-61	2.88e-62	1.24e-63	5.32e-65	
2.13e-65	8.79e-67	3.59e-68	1.45e-69	5.81e-71	2.3e-72	9.01e-74	3.5e-75	1.35e-76	3.7e-72	5.64e-69	4.18e-66	2e-63	6.94e-61	1.86e-58	4.03e-56	7.2e-54	1.09e-51	1.4e-49	1.56e-47	1.52e-45	1.29e-43	9.73e-42	6.49e-40	3.84e-38	2.02e-36	9.51e-35	3.99e-33	1.49e-31	4.96e-30	1.47e-28	3.85e-27	8.96e-26	1.84e-24	3.3e-23	5.16e-22	6.98e-21	8.1e-20	7.97e-19	6.57e-18	4.48e-17	2.5e-16	1.14e-15	4.17e-15	1.22e-14	2.74e-14	4.69e-14	8.99e-14	1.91e-13	3.06e-13	2.4e-13	1.32e-13	6.86e-14	3.93e-14	1.99e-14	8.3e-15	2.85e-15	8.27e-16	2.05e-16	4.41e-17	8.35e-18	1.41e-18	2.13e-19	2.94e-20	3.73e-21	4.36e-22	4.75e-23	4.85e-24	4.67e-25	4.25e-26	3.67e-27	3.02e-28	2.38e-29	1.8e-30	1.31e-31	9.21e-33	6.25e-34	4.1e-35	2.61e-36	1.62e-37	9.72e-39	5.7e-40	3.26e-41	1.82e-42	9.96e-44	5.33e-45	2.79e-46	1.43e-47	7.24e-49	3.58e-50	1.74e-51	8.35e-53	3.93e-54	1.83e-55	8.34e-57	3.76e-58	1.67e-59	7.33e-61	3.17e-62	1.36e-63	
5.16e-64	2.13e-65	8.72e-67	3.53e-68	1.41e-69	5.6e-71	2.2e-72	8.53e-74	1.92e-72	3.01e-69	2.3e-66	1.13e-63	4.06e-61	1.13e-58	2.52e-56	4.67e-54	7.29e-52	9.76e-50	1.13e-47	1.14e-45	1.02e-43	8e-42	5.58e-40	3.47e-38	1.92e-36	9.51e-35	4.21e-33	1.67e-31	5.91e-30	1.87e-28	5.26e-27	1.32e-25	2.93e-24	5.74e-23	9.88e-22	1.48e-20	1.93e-19	2.15e-18	2.04e-17	1.62e-16	1.06e-15	5.73e-15	2.51e-14	8.91e-14	2.54e-13	5.56e-13	9.38e-13	1.75e-12	3.6e-12	5.62e-12	4.4e-12	2.45e-12	1.31e-12	7.68e-13	3.95e-13	1.66e-13	5.79e-14	1.7e-14	4.26e-15	9.28e-16	1.77e-16	3.01e-17	4.61e-18	6.4e-19	8.14e-20	9.58e-21	1.05e-21	1.08e-22	1.04e-23	9.49e-25	8.23e-26	6.81e-27	5.38e-28	4.08e-29	2.98e-30	2.1e-31	1.42e-32	9.37e-34	5.98e-35	3.71e-36	2.24e-37	1.31e-38	7.53e-40	4.21e-41	2.31e-42	1.24e-43	6.48e-45	3.34e-46	1.68e-47	8.35e-49	4.07e-50	1.95e-51	9.2e-53	4.27e-54	1.96e-55	8.82e-57	3.93e-58	1.72e-59	7.47e-61	3.2e-62	
1.15e-62	4.76e-64	1.95e-65	7.89e-67	3.16e-68	1.25e-69	4.92e-71	2.83e-72	1.48e-69	1.16e-66	5.9e-64	2.18e-61	6.25e-59	1.44e-56	2.76e-54	4.47e-52	6.2e-50	7.46e-48	7.85e-46	7.27e-44	5.96e-42	4.34e-40	2.82e-38	1.64e-36	8.54e-35	3.99e-33	1.67e-31	6.26e-30	2.11e-28	6.34e-27	1.7e-25	4.08e-24	8.66e-23	1.63e-21	2.68e-20	3.87e-19	4.84e-18	5.19e-17	4.73e-16	3.62e-15	2.3e-14	1.19e-13	5.04e-13	1.73e-12	4.79e-12	1.03e-11	1.7e-11	3.09e-11	6.16e-11	9.37e-11	7.34e-11	4.15e-11	2.29e-11	1.37e-11	7.13e-12	3.03e-12	1.07e-12	3.19e-13	8.11e-14	1.79e-14	3.45e-15	5.92e-16	9.11e-17	1.27e-17	1.63e-18	1.93e-19	2.13e-20	2.19e-21	2.12e-22	1.95e-23	1.7e-24	1.41e-25	1.12e-26	8.49e-28	6.21e-29	4.38e-30	2.99e-31	1.97e-32	1.26e-33	7.82e-35	4.73e-36	2.78e-37	1.6e-38	8.96e-40	4.91e-41	2.64e-42	1.38e-43	7.14e-45	3.61e-46	1.79e-47	8.74e-49	4.2e-50	1.98e-51	9.21e-53	4.22e-54	1.91e-55	8.49e-57	3.73e-58	1.62e-59	6.94e-61	
2.36e-61	9.77e-63	4e-64	1.62e-65	6.5e-67	2.58e-68	1.01e-69	7.03e-70	5.36e-67	2.81e-64	1.07e-61	3.16e-59	7.54e-57	1.49e-54	2.5e-52	3.59e-50	4.47e-48	4.88e-46	4.7e-44	4.01e-42	3.05e-40	2.07e-38	1.26e-36	6.88e-35	3.38e-33	1.49e-31	5.91e-30	2.11e-28	6.74e-27	1.93e-25	4.97e-24	1.14e-22	2.31e-21	4.17e-20	6.6e-19	9.15e-18	1.1e-16	1.14e-15	9.98e-15	7.36e-14	4.5e-13	2.25e-12	9.19e-12	3.05e-11	8.19e-11	1.72e-10	2.8e-10	4.94e-10	9.51e-10	1.41e-09	1.11e-09	6.37e-10	3.61e-10	2.21e-10	1.17e-10	5.03e-11	1.8e-11	5.45e-12	1.41e-12	3.14e-13	6.13e-14	1.06e-14	1.65e-15	2.32e-16	2.99e-17	3.56e-18	3.95e-19	4.09e-20	3.98e-21	3.66e-22	3.2e-23	2.67e-24	2.12e-25	1.62e-26	1.19e-27	8.41e-29	5.74e-30	3.8e-31	2.43e-32	1.52e-33	9.18e-35	5.41e-36	3.11e-37	1.75e-38	9.61e-40	5.16e-41	2.72e-42	1.4e-43	7.1e-45	3.53e-46	1.73e-47	8.29e-49	3.92e-50	1.82e-51	8.37e-53	3.78e-54	1.69e-55	7.42e-57	3.22e-58	1.38e-59	
4.42e-60	1.83e-61	7.52e-63	3.05e-64	1.22e-65	4.86e-67	1.94e-68	2.27e-67	1.22e-64	4.78e-62	1.45e-59	3.58e-57	7.31e-55	1.26e-52	1.88e-50	2.43e-48	2.75e-46	2.75e-44	2.44e-42	1.93e-40	1.37e-38	8.7e-37	4.97e-35	2.56e-33	1.19e-31	4.96e-30	1.87e-28	6.34e-27	1.93e-25	5.3e-24	1.3e-22	2.86e-21	5.57e-20	9.64e-19	1.47e-17	1.96e-16	2.26e-15	2.25e-14	1.9e-13	1.35e-12	7.97e-12	3.85e-11	1.51e-10	4.85e-10	1.26e-09	2.59e-09	4.15e-09	7.11e-09	1.32e-08	1.91e-08	1.5e-08	8.82e-09	5.16e-09	3.23e-09	1.73e-09	7.56e-10	2.75e-10	8.46e-11	2.22e-11	5.02e-12	9.91e-13	1.73e-13	2.72e-14	3.86e-15	5.01e-16	6e-17	6.68e-18	6.96e-19	6.81e-20	6.3e-21	5.53e-22	4.62e-23	3.69e-24	2.83e-25	2.08e-26	1.48e-27	1.01e-28	6.7e-30	4.31e-31	2.69e-32	1.63e-33	9.64e-35	5.56e-36	3.13e-37	1.72e-38	9.26e-40	4.88e-41	2.52e-42	1.28e-43	6.38e-45	3.12e-46	1.5e-47	7.11e-49	3.31e-50	1.52e-51	6.88e-53	3.07e-54	1.35e-55	5.88e-57	2.53e-58	
7.58e-59	3.15e-60	1.29e-61	5.24e-63	2.11e-64	8.37e-66	4.16e-67	4.8e-65	1.94e-62	6.08e-60	1.54e-57	3.25e-55	5.8e-53	8.91e-51	1.19e-48	1.4e-46	1.45e-44	1.34e-42	1.1e-40	8.11e-39	5.37e-37	3.21e-35	1.73e-33	8.41e-32	3.69e-30	1.47e-28	5.26e-27	1.7e-25	4.97e-24	1.3e-22	3.06e-21	6.44e-20	1.21e-18	2e-17	2.94e-16	3.76e-15	4.19e-14	4.01e-13	3.27e-12	2.24e-11	1.27e-10	5.92e-10	2.24e-09	6.93e-09	1.75e-08	3.5e-08	5.52e-08	9.15e-08	1.64e-07	2.32e-07	1.82e-07	1.1e-07	6.62e-08	4.25e-08	2.3e-08	1.02e-08	3.79e-09	1.19e-09	3.16e-10	7.26e-11	1.45e-11	2.57e-12	4.06e-13	5.82e-14	7.62e-15	9.19e-16	1.03e-16	1.08e-17	1.06e-18	9.86e-20	8.69e-21	7.29e-22	5.85e-23	4.5e-24	3.32e-25	2.36e-26	1.62e-27	1.08e-28	6.95e-30	4.35e-31	2.65e-32	1.57e-33	9.05e-35	5.11e-36	2.81e-37	1.52e-38	8.02e-40	4.15e-41	2.11e-42	1.05e-43	5.15e-45	2.48e-46	1.18e-47	5.49e-49	2.53e-50	1.14e-51	5.11e-53	2.25e-54	9.81e-56	4.22e-57	
1.18e-57	4.92e-59	2.02e-60	8.2e-62	3.3e-63	1.31e-64	2.23e-65	7.11e-63	2.29e-60	5.99e-58	1.3e-55	2.4e-53	3.81e-51	5.26e-49	6.39e-47	6.86e-45	6.56e-43	5.6e-41	4.3e-39	2.97e-37	1.85e-35	1.04e-33	5.3e-32	2.44e-30	1.02e-28	3.85e-27	1.32e-25	4.08e-24	1.14e-22	2.86e-21	6.44e-20	1.3e-18	2.34e-17	3.74e-16	5.27e-15	6.5e-14	6.97e-13	6.43e-12	5.05e-11	3.33e-10	1.82e-09	8.14e-09	2.97e-08	8.85e-08	2.16e-07	4.23e-07	6.53e-07	1.05e-06	1.8e-06	2.49e-06	1.97e-06	1.21e-06	7.59e-07	4.98e-07	2.74e-07	1.24e-07	4.68e-08	1.5e-08	4.06e-09	9.47e-10	1.92e-10	3.44e-11	5.5e-12	7.95e-13	1.05e-13	1.27e-14	1.44e-15	1.51e-16	1.5e-17	1.4e-18	1.24e-19	1.05e-20	8.42e-22	6.5e-23	4.81e-24	3.44e-25	2.37e-26	1.58e-27	1.02e-28	6.4e-30	3.9e-31	2.32e-32	1.34e-33	7.58e-35	4.19e-36	2.26e-37	1.2e-38	6.21e-40	3.16e-41	1.58e-42	7.75e-44	3.74e-45	1.78e-46	8.3e-48	3.82e-49	1.73e-50	7.75e-52	3.42e-53	1.49e-54	6.41e-56	
1.67e-56	6.96e-58	2.86e-59	1.16e-60	4.68e-62	1.87e-63	2.42e-63	7.79e-61	2.09e-58	4.69e-56	8.91e-54	1.46e-51	2.08e-49	2.61e-47	2.9e-45	2.88e-43	2.55e-41	2.03e-39	1.46e-37	9.46e-36	5.56e-34	2.96e-32	1.43e-30	6.25e-29	2.49e-27	8.96e-26	2.93e-24	8.66e-23	2.31e-21	5.57e-20	1.21e-18	2.34e-17	4.05e-16	6.22e-15	8.43e-14	1e-12	1.03e-11	9.19e-11	6.95e-10	4.41e-09	2.32e-08	9.98e-08	3.5e-07	1e-06	2.37e-06	4.51e-06	6.82e-06	1.06e-05	1.75e-05	2.36e-05	1.88e-05	1.19e-05	7.71e-06	5.17e-06	2.89e-06	1.33e-06	5.16e-07	1.69e-07	4.67e-08	1.11e-08	2.28e-09	4.14e-10	6.69e-11	9.77e-12	1.3e-12	1.59e-13	1.81e-14	1.92e-15	1.91e-16	1.8e-17	1.6e-18	1.36e-19	1.1e-20	8.49e-22	6.32e-23	4.53e-24	3.13e-25	2.09e-26	1.36e-27	8.53e-29	5.22e-30	3.11e-31	1.8e-32	1.02e-33	5.65e-35	3.06e-36	1.62e-37	8.43e-39	4.3e-40	2.15e-41	1.06e-42	5.11e-44	2.43e-45	1.14e-46	5.24e-48	2.38e-49	1.07e-50	4.71e-52	2.06e-53	8.85e-55	
2.14e-55	8.9e-57	3.66e-58	1.49e-59	6.01e-61	2.46e-62	2.37e-61	6.54e-59	1.51e-56	2.95e-54	4.98e-52	7.34e-50	9.51e-48	1.09e-45	1.12e-43	1.03e-41	8.51e-40	6.35e-38	4.28e-36	2.62e-34	1.46e-32	7.34e-31	3.37e-29	1.41e-27	5.33e-26	1.84e-24	5.74e-23	1.63e-21	4.17e-20	9.64e-19	2e-17	3.74e-16	6.22e-15	9.2e-14	1.2e-12	1.37e-11	1.36e-10	1.17e-09	8.48e-09	5.18e-08	2.62e-07	1.08e-06	3.63e-06	9.99e-06	2.28e-05	4.23e-05	6.25e-05	9.33e-05	0.000148	0.000195	0.000156	0.000102	6.88e-05	4.72e-05	2.68e-05	1.26e-05	5.03e-06	1.69e-06	4.78e-07	1.16e-07	2.42e-08	4.45e-09	7.29e-10	1.08e-10	1.45e-11	1.79e-12	2.05e-13	2.19e-14	2.19e-15	2.07e-16	1.86e-17	1.58e-18	1.28e-19	9.99e-21	7.47e-22	5.37e-23	3.73e-24	2.5e-25	1.63e-26	1.03e-27	6.29e-29	3.75e-30	2.18e-31	1.24e-32	6.88e-34	3.73e-35	1.98e-36	1.03e-37	5.27e-39	2.64e-40	1.3e-41	6.3e-43	3e-44	1.41e-45	6.49e-47	2.95e-48	1.32e-49	5.86e-51	2.56e-52	1.1e-53	
2.45e-54	1.02e-55	4.21e-57	1.72e-58	6.92e-60	3.4e-61	1.81e-59	4.3e-57	8.66e-55	1.51e-52	2.29e-50	3.07e-48	3.64e-46	3.86e-44	3.67e-42	3.15e-40	2.43e-38	1.71e-36	1.09e-34	6.29e-33	3.31e-31	1.59e-29	6.93e-28	2.76e-26	1e-24	3.3e-23	9.88e-22	2.68e-20	6.6e-19	1.47e-17	2.94e-16	5.27e-15	8.43e-14	1.2e-12	1.51e-11	1.66e-10	1.59e-09	1.31e-08	9.12e-08	5.35e-07	2.59e-06	1.03e-05	3.3e-05	8.69e-05	0.000191	0.000344	0.000496	0.000713	0.00108	0.00139	0.00112	0.000761	0.000534	0.000375	0.000217	0.000105	4.31e-05	1.49e-05	4.31e-06	1.07e-06	2.27e-07	4.25e-08	7.05e-09	1.05e-09	1.43e-10	1.79e-11	2.07e-12	2.23e-13	2.25e-14	2.14e-15	1.93e-16	1.65e-17	1.35e-18	1.05e-19	7.9e-21	5.71e-22	3.98e-23	2.68e-24	1.75e-25	1.11e-26	6.8e-28	4.07e-29	2.37e-30	1.35e-31	7.51e-33	4.08e-34	2.17e-35	1.13e-36	5.8e-38	2.92e-39	1.44e-40	6.97e-42	3.33e-43	1.56e-44	7.22e-46	3.29e-47	1.48e-48	6.55e-50	2.86e-51	1.24e-52	
2.51e-53	1.05e-54	4.33e-56	1.77e-57	7.13e-59	7.26e-60	1.08e-57	2.24e-55	4.01e-53	6.28e-51	8.67e-49	1.06e-46	1.17e-44	1.15e-42	1.02e-40	8.16e-39	5.94e-37	3.93e-35	2.37e-33	1.3e-31	6.5e-30	2.97e-28	1.24e-26	4.71e-25	1.63e-23	5.16e-22	1.48e-20	3.87e-19	9.15e-18	1.96e-16	3.76e-15	6.5e-14	1e-12	1.37e-11	1.66e-10	1.76e-09	1.62e-08	1.28e-07	8.57e-07	4.82e-06	2.24e-05	8.46e-05	0.00026	0.000652	0.00137	0.0024	0.00337	0.00466	0.00675	0.00841	0.00692	0.00487	0.00356	0.00256	0.00152	0.000756	0.000321	0.000114	3.41e-05	8.62e-06	1.88e-06	3.57e-07	6.02e-08	9.13e-09	1.26e-09	1.59e-10	1.85e-11	2.01e-12	2.04e-13	1.96e-14	1.78e-15	1.53e-16	1.26e-17	9.87e-19	7.45e-20	5.4e-21	3.78e-22	2.55e-23	1.67e-24	1.06e-25	6.55e-27	3.93e-28	2.3e-29	1.31e-30	7.32e-32	3.99e-33	2.13e-34	1.11e-35	5.71e-37	2.87e-38	1.42e-39	6.9e-41	3.3e-42	1.55e-43	7.18e-45	3.28e-46	1.47e-47	6.54e-49	2.86e-50	1.24e-51	
2.28e-52	9.55e-54	3.95e-55	1.61e-56	6.53e-58	2.61e-58	5.03e-56	9.28e-54	1.5e-51	2.13e-49	2.7e-47	3.06e-45	3.11e-43	2.86e-41	2.37e-39	1.79e-37	1.23e-35	7.7e-34	4.4e-32	2.3e-30	1.09e-28	4.77e-27	1.9e-25	6.93e-24	2.3e-22	6.98e-21	1.93e-19	4.84e-18	1.1e-16	2.26e-15	4.19e-14	6.97e-13	1.03e-11	1.36e-10	1.59e-09	1.62e-08	1.43e-07	1.08e-06	6.97e-06	3.75e-05	0.000166	0.000599	0.00175	0.00417	0.00836	0.0141	0.0194	0.0257	0.0354	0.0429	0.0359	0.0264	0.0201	0.0149	0.009	0.00465	0.00205	0.000757	0.000233	6.06e-05	1.35e-05	2.62e-06	4.5e-07	6.92e-08	9.66e-09	1.23e-09	1.45e-10	1.6e-11	1.64e-12	1.58e-13	1.44e-14	1.25e-15	1.03e-16	8.18e-18	6.2e-19	4.52e-20	3.17e-21	2.15e-22	1.42e-23	9.02e-25	5.59e-26	3.36e-27	1.97e-28	1.13e-29	6.32e-31	3.45e-32	1.85e-33	9.68e-35	4.98e-36	2.51e-37	1.24e-38	6.05e-40	2.9e-41	1.37e-42	6.33e-44	2.9e-45	1.31e-46	5.8e-48	2.54e-49	1.1e-50	
1.83e-51	7.66e-53	3.17e-54	1.3e-55	5.3e-57	9.92e-57	1.85e-54	3.07e-52	4.51e-50	5.9e-48	6.89e-46	7.25e-44	6.88e-42	5.93e-40	4.63e-38	3.3e-36	2.15e-34	1.27e-32	6.92e-31	3.44e-29	1.57e-27	6.54e-26	2.5e-24	8.71e-23	2.78e-21	8.1e-20	2.15e-18	5.19e-17	1.14e-15	2.25e-14	4.01e-13	6.43e-12	9.19e-11	1.17e-09	1.31e-08	1.28e-07	1.08e-06	7.87e-06	4.84e-05	0.000249	0.00105	0.00359	0.00993	0.0224	0.0426	0.0694	0.0924	0.117	0.153	0.18	0.154	0.119	0.0947	0.0717	0.0448	0.0242	0.0112	0.00429	0.00137	0.000366	8.37e-05	1.66e-05	2.91e-06	4.56e-07	6.46e-08	8.36e-09	9.97e-10	1.11e-10	1.15e-11	1.12e-12	1.03e-13	8.97e-15	7.46e-16	5.93e-17	4.52e-18	3.31e-19	2.34e-20	1.59e-21	1.05e-22	6.73e-24	4.18e-25	2.53e-26	1.49e-27	8.55e-29	4.8e-30	2.63e-31	1.41e-32	7.41e-34	3.82e-35	1.93e-36	9.59e-38	4.68e-39	2.24e-40	1.06e-41	4.93e-43	2.26e-44	1.02e-45	4.54e-47	1.99e-48	8.65e-50	
1.28e-50	5.38e-52	2.23e-53	9.15e-55	3.87e-56	3.13e-55	5.34e-53	8.09e-51	1.09e-48	1.32e-46	1.43e-44	1.41e-42	1.25e-40	1.02e-38	7.5e-37	5.06e-35	3.12e-33	1.77e-31	9.14e-30	4.34e-28	1.89e-26	7.56e-25	2.77e-23	9.27e-22	2.84e-20	7.97e-19	2.04e-17	4.73e-16	9.98e-15	1.9e-13	3.27e-12	5.05e-11	6.95e-10	8.48e-09	9.12e-08	8.57e-07	6.97e-06	4.84e-05	0.000284	0.00139	0.00556	0.018	0.0469	0.0991	0.177	0.274	0.351	0.422	0.515	0.579	0.515	0.425	0.356	0.279	0.182	0.104	0.0507	0.0204	0.00678	0.00188	0.000443	9.01e-05	1.61e-05	2.58e-06	3.71e-07	4.88e-08	5.9e-09	6.61e-10	6.93e-11	6.81e-12	6.32e-13	5.57e-14	4.66e-15	3.73e-16	2.86e-17	2.11e-18	1.5e-19	1.03e-20	6.81e-22	4.38e-23	2.73e-24	1.66e-25	9.79e-27	5.64e-28	3.18e-29	1.75e-30	9.4e-32	4.95e-33	2.56e-34	1.3e-35	6.46e-37	3.16e-38	1.52e-39	7.19e-41	3.35e-42	1.54e-43	6.96e-45	3.11e-46	1.37e-47	5.94e-49	
7.82e-50	3.29e-51	1.36e-52	5.6e-54	2.71e-55	7.75e-54	1.21e-51	1.69e-49	2.1e-47	2.36e-45	2.4e-43	2.21e-41	1.86e-39	1.42e-37	9.96e-36	6.39e-34	3.75e-32	2.02e-30	1e-28	4.55e-27	1.9e-25	7.28e-24	2.56e-22	8.26e-21	2.44e-19	6.57e-18	1.62e-16	3.62e-15	7.36e-14	1.35e-12	2.24e-11	3.33e-10	4.41e-09	5.18e-08	5.35e-07	4.82e-06	3.75e-05	0.000249	0.00139	0.00644	0.0244	0.0742	0.18	0.349	0.563	0.789	0.939	1.05	1.15	1.22	1.15	1.05	0.944	0.794	0.57	0.358	0.188	0.0806	0.028	0.00808	0.00197	0.000412	7.57e-05	1.24e-05	1.81e-06	2.42e-07	2.97e-08	3.38e-09	3.58e-10	3.56e-11	3.34e-12	2.97e-13	2.51e-14	2.02e-15	1.56e-16	1.16e-17	8.27e-19	5.7e-20	3.8e-21	2.45e-22	1.54e-23	9.38e-25	5.57e-26	3.22e-27	1.82e-28	1e-29	5.42e-31	2.87e-32	1.49e-33	7.56e-35	3.77e-36	1.85e-37	8.93e-39	4.24e-40	1.98e-41	9.11e-43	4.13e-44	1.85e-45	8.15e-47	3.55e-48	
4.1e-49	1.73e-50	7.2e-52	2.96e-53	2.12e-54	1.48e-52	2.13e-50	2.75e-48	3.2e-46	3.37e-44	3.21e-42	2.8e-40	2.22e-38	1.61e-36	1.07e-34	6.56e-33	3.68e-31	1.9e-29	8.99e-28	3.92e-26	1.57e-24	5.79e-23	1.96e-21	6.07e-20	1.73e-18	4.48e-17	1.06e-15	2.3e-14	4.5e-13	7.97e-12	1.27e-10	1.82e-09	2.32e-08	2.62e-07	2.59e-06	2.24e-05	0.000166	0.00105	0.00556	0.0244	0.0867	0.244	0.529	0.876	1.17	1.38	1.48	1.53	1.56	1.58	1.56	1.53	1.48	1.38	1.17	0.883	0.54	0.256	0.095	0.0287	0.00725	0.00157	0.000297	4.96e-05	7.45e-06	1.01e-06	1.27e-07	1.46e-08	1.57e-09	1.58e-10	1.5e-11	1.34e-12	1.15e-13	9.31e-15	7.25e-16	5.42e-17	3.9e-18	2.7e-19	1.81e-20	1.18e-21	7.43e-23	4.55e-24	2.71e-25	1.58e-26	8.95e-28	4.96e-29	2.69e-30	1.43e-31	7.42e-33	3.79e-34	1.9e-35	9.34e-37	4.52e-38	2.15e-39	1.01e-40	4.65e-42	2.11e-43	9.48e-45	4.19e-46	1.83e-47	
1.84e-48	7.78e-50	3.25e-51	1.34e-52	2e-53	2.16e-51	2.89e-49	3.49e-47	3.8e-45	3.77e-43	3.4e-41	2.8e-39	2.11e-37	1.46e-35	9.28e-34	5.42e-32	2.91e-30	1.44e-28	6.55e-27	2.74e-25	1.06e-23	3.75e-22	1.22e-20	3.65e-19	9.99e-18	2.5e-16	5.73e-15	1.19e-13	2.25e-12	3.85e-11	5.92e-10	8.14e-09	9.98e-08	1.08e-06	1.03e-05	8.46e-05	0.000599	0.00359	0.018	0.0742	0.244	0.605	1.06	1.38	1.55	1.63	1.66	1.68	1.69	1.69	1.69	1.68	1.66	1.63	1.55	1.38	1.06	0.617	0.258	0.0829	0.0219	0.00493	0.000963	0.000166	2.55e-05	3.54e-06	4.51e-07	5.29e-08	5.77e-09	5.89e-10	5.65e-11	5.13e-12	4.42e-13	3.63e-14	2.85e-15	2.15e-16	1.56e-17	1.09e-18	7.35e-20	4.81e-21	3.05e-22	1.88e-23	1.13e-24	6.58e-26	3.75e-27	2.09e-28	1.14e-29	6.06e-31	3.17e-32	1.62e-33	8.15e-35	4.03e-36	1.95e-37	9.33e-39	4.39e-40	2.03e-41	9.26e-43	4.16e-44	1.85e-45	8.08e-47	
7.03e-48	2.98e-49	1.25e-50	5.16e-52	1.94e-52	2.4e-50	3.01e-48	3.41e-46	3.51e-44	3.29e-42	2.82e-40	2.21e-38	1.59e-36	1.05e-34	6.38e-33	3.57e-31	1.84e-29	8.75e-28	3.83e-26	1.54e-24	5.73e-23	1.96e-21	6.16e-20	1.78e-18	4.7e-17	1.14e-15	2.51e-14	5.04e-13	9.19e-12	1.51e-10	2.24e-09	2.97e-08	3.5e-07	3.63e-06	3.3e-05	0.00026	0.00175	0.00993	0.0469	0.18	0.529	1.06	1.44	1.61	1.67	1.7	1.71	1.72	1.72	1.72	1.72	1.72	1.71	1.7	1.67	1.61	1.44	1.07	0.543	0.193	0.0542	0.0127	0.00257	0.000457	7.23e-05	1.03e-05	1.34e-06	1.6e-07	1.78e-08	1.84e-09	1.79e-10	1.65e-11	1.44e-12	1.19e-13	9.46e-15	7.2e-16	5.26e-17	3.7e-18	2.52e-19	1.66e-20	1.06e-21	6.56e-23	3.96e-24	2.32e-25	1.33e-26	7.45e-28	4.08e-29	2.18e-30	1.14e-31	5.89e-33	2.97e-34	1.47e-35	7.18e-37	3.44e-38	1.62e-39	7.53e-41	3.44e-42	1.55e-43	6.91e-45	3.03e-46	
2.25e-47	9.55e-49	4.01e-50	1.67e-51	1.62e-51	2.03e-49	2.39e-47	2.56e-45	2.5e-43	2.23e-41	1.82e-39	1.36e-37	9.36e-36	5.93e-34	3.46e-32	1.86e-30	9.23e-29	4.22e-27	1.78e-25	6.94e-24	2.49e-22	8.22e-21	2.5e-19	6.97e-18	1.78e-16	4.17e-15	8.91e-14	1.73e-12	3.05e-11	4.85e-10	6.93e-09	8.85e-08	1e-06	9.99e-06	8.69e-05	0.000652	0.00417	0.0224	0.0991	0.349	0.876	1.38	1.61	1.69	1.71	1.72	1.72	1.72	1.72	1.72	1.72	1.72	1.72	1.72	1.71	1.69	1.61	1.38	0.885	0.365	0.11	0.0272	0.00574	0.00106	0.000172	2.52e-05	3.35e-06	4.08e-07	4.61e-08	4.85e-09	4.79e-10	4.46e-11	3.93e-12	3.3e-13	2.64e-14	2.03e-15	1.49e-16	1.06e-17	7.26e-19	4.81e-20	3.09e-21	1.93e-22	1.17e-23	6.9e-25	3.97e-26	2.23e-27	1.23e-28	6.6e-30	3.48e-31	1.8e-32	9.1e-34	4.53e-35	2.21e-36	1.06e-37	5.04e-39	2.35e-40	1.08e-41	4.87e-43	2.17e-44	9.57e-46	
5.96e-47	2.54e-48	1.07e-49	4.51e-51	1.05e-50	1.26e-48	1.41e-46	1.43e-44	1.33e-42	1.13e-40	8.81e-39	6.33e-37	4.18e-35	2.55e-33	1.43e-31	7.43e-30	3.56e-28	1.58e-26	6.44e-25	2.43e-23	8.46e-22	2.71e-20	7.99e-19	2.17e-17	5.38e-16	1.22e-14	2.54e-13	4.79e-12	8.19e-11	1.26e-09	1.75e-08	2.16e-07	2.37e-06	2.28e-05	0.000191	0.00137	0.00836	0.0426	0.177	0.563	1.17	1.55	1.67	1.71	1.72	1.72	1.73	1.73	1.73	1.73	1.73	1.73	1.73	1.72	1.72	1.71	1.67	1.54	1.18	0.579	0.192	0.0499	0.0109	0.00207	0.000347	5.2e-05	7.05e-06	8.75e-07	1e-07	1.07e-08	1.07e-09	1.01e-10	8.97e-12	7.6e-13	6.14e-14	4.75e-15	3.52e-16	2.52e-17	1.74e-18	1.16e-19	7.48e-21	4.69e-22	2.86e-23	1.7e-24	9.83e-26	5.55e-27	3.06e-28	1.66e-29	8.76e-31	4.54e-32	2.31e-33	1.15e-34	5.66e-36	2.73e-37	1.3e-38	6.06e-40	2.79e-41	1.27e-42	5.67e-44	2.5e-45	
