3.39897e-84	2.0558e-85	1.22586e-86	7.20946e-88	4.18335e-89	2.39586e-90	1.35479e-91	7.85989e-93	3.63254e-92	4.02088e-90	4.13446e-88	3.91194e-86	3.41188e-84	2.74693e-82	2.04391e-80	1.4068e-78	8.96303e-77	5.28849e-75	2.89048e-73	1.46348e-71	6.86297e-70	2.97974e-68	1.1971e-66	4.44647e-65	1.52537e-63	4.8266e-62	1.40646e-60	3.76711e-59	9.25381e-58	2.07934e-56	4.26088e-55	7.93415e-54	1.33703e-52	2.0293e-51	2.7588e-50	3.33811e-49	3.56888e-48	3.34392e-47	2.72126e-46	1.90532e-45	1.13725e-44	5.74004e-44	2.43314e-43	8.58685e-43	2.47958e-42	5.73407e-42	1.10872e-41	2.19716e-41	4.51777e-41	7.60766e-41	8.35725e-41	6.53353e-41	4.11065e-41	2.32896e-41	1.24913e-41	6.25258e-42	2.83376e-42	1.14379e-42	4.10178e-43	1.3132e-43	3.78082e-44	9.86453e-45	2.34944e-45	5.14218e-46	1.04054e-46	1.95738e-47	3.43994e-48	5.67328e-49	8.81644e-50	1.29579e-50	1.80726e-51	2.39929e-52	3.04045e-53	3.6872e-54	4.28923e-55	4.79648e-56	5.16641e-57	5.36998e-58	5.3952e-59	5.24775e-60	4.94882e-61	4.53083e-62	4.03226e-63	3.49239e-64	2.94698e-65	2.42525e-66	1.9484e-67	1.52944e-68	1.17407e-69	8.82074e-71	6.49076e-72	4.68138e-73	3.31156e-74	2.29906e-75	1.56743e-76	1.05001e-77	6.91525e-79	4.47973e-80	2.85589e-81	1.79259e-82	
2.0558e-85	1.25194e-86	7.51622e-88	4.45036e-89	2.59976e-90	1.49889e-91	8.53216e-93	4.91642e-94	1.49288e-93	1.64273e-91	1.69002e-89	1.5999e-87	1.39613e-85	1.12465e-83	8.37279e-82	5.76616e-80	3.6759e-78	2.17022e-76	1.1869e-74	6.01334e-73	2.82185e-71	1.22605e-69	4.92929e-68	1.83234e-66	6.29101e-65	1.99231e-63	5.81075e-62	1.55785e-60	3.8306e-59	8.61635e-58	1.76755e-56	3.29515e-55	5.5596e-54	8.44907e-53	1.15021e-51	1.39379e-50	1.49252e-49	1.40089e-48	1.14225e-47	8.01526e-47	4.79615e-46	2.42765e-45	1.03225e-44	3.65457e-44	1.05864e-43	2.45648e-43	4.7693e-43	9.48198e-43	1.95455e-42	3.30293e-42	3.65209e-42	2.875e-42	1.81806e-42	1.03172e-42	5.53201e-43	2.77068e-43	1.25883e-43	5.10165e-44	1.83882e-44	5.92077e-45	1.71516e-45	4.50407e-46	1.07999e-46	2.38028e-47	4.85116e-48	9.19263e-49	1.62761e-49	2.70466e-50	4.23535e-51	6.27299e-52	8.81706e-53	1.17967e-53	1.50661e-54	1.84139e-55	2.15881e-56	2.43298e-57	2.64107e-58	2.76648e-59	2.80102e-60	2.74551e-61	2.60902e-62	2.40694e-63	2.1584e-64	1.88359e-65	1.60141e-66	1.32778e-67	1.07466e-68	8.4984e-70	6.57184e-71	4.97359e-72	3.68648e-73	2.67809e-74	1.90809e-75	1.33417e-76	9.16066e-78	6.18006e-79	4.09869e-80	2.67369e-81	1.71634e-82	1.08474e-83	
1.22586e-86	7.51622e-88	4.54307e-89	2.70809e-90	1.59258e-91	9.24311e-93	5.29625e-94	3.04539e-95	6.09038e-95	6.63919e-93	6.83375e-91	6.47267e-89	5.65121e-87	4.55469e-85	3.3927e-83	2.33777e-81	1.49116e-79	8.80887e-78	4.82054e-76	2.44384e-74	1.14757e-72	4.98945e-71	2.00743e-69	7.46777e-68	2.56595e-66	8.13291e-65	2.3741e-63	6.37071e-62	1.568e-60	3.53053e-59	7.25019e-58	1.35312e-56	2.28568e-55	3.47794e-54	4.74097e-53	5.75313e-52	6.17015e-51	5.80115e-50	4.73906e-49	3.33252e-48	1.99896e-47	1.0146e-46	4.32711e-46	1.53672e-45	4.4652e-45	1.03958e-44	2.02645e-44	4.04146e-44	8.35084e-44	1.41607e-43	1.57589e-43	1.24917e-43	7.9404e-44	4.51428e-44	2.42025e-44	1.21292e-44	5.52428e-45	2.24781e-45	8.14289e-46	2.63686e-46	7.68551e-47	2.0313e-47	4.90343e-48	1.08822e-48	2.23369e-49	4.26358e-50	7.60496e-51	1.27326e-51	2.00903e-52	2.99842e-53	4.24698e-54	5.72625e-55	7.37e-56	9.07768e-57	1.07252e-57	1.21811e-58	1.33253e-59	1.40659e-60	1.43511e-61	1.41745e-62	1.35728e-63	1.26167e-64	1.13995e-65	1.0023e-66	8.58523e-68	7.1713e-69	5.84724e-70	4.65803e-71	3.62845e-72	2.76601e-73	2.06504e-74	1.51097e-75	1.08424e-76	7.63508e-78	5.27942e-79	3.58667e-80	2.39533e-81	1.57338e-82	1.01697e-83	6.47139e-85	
7.20946e-88	4.45036e-89	2.70809e-90	1.62508e-91	9.62041e-93	5.62051e-94	3.24169e-95	1.86571e-96	2.47148e-96	2.65528e-94	2.73442e-92	2.59123e-90	2.2635e-88	1.82524e-86	1.3603e-84	9.37826e-83	5.98531e-81	3.53777e-79	1.93714e-77	9.82665e-76	4.61732e-74	2.00889e-72	8.08814e-71	3.01105e-69	1.0354e-67	3.2844e-66	9.59568e-65	2.57721e-63	6.34909e-62	1.43097e-60	2.94161e-59	5.49591e-58	9.29424e-57	1.41594e-55	1.93262e-54	2.34845e-53	2.52243e-52	2.37547e-51	1.94411e-50	1.36994e-49	8.23679e-49	4.19185e-48	1.79299e-47	6.38678e-47	1.86138e-46	4.34792e-46	8.5087e-46	1.70208e-45	3.52546e-45	5.99966e-45	6.71906e-45	5.36236e-45	3.42634e-45	1.95183e-45	1.04647e-45	5.24781e-46	2.39589e-46	9.78746e-47	3.56337e-47	1.16045e-47	3.40298e-48	9.05208e-49	2.19975e-49	4.91567e-50	1.01616e-50	1.95365e-51	3.51043e-52	5.92128e-53	9.41355e-54	1.41564e-54	2.02049e-55	2.7452e-56	3.56046e-57	4.41928e-58	5.2616e-59	6.02189e-60	6.63819e-61	7.06084e-62	7.25908e-63	7.22438e-64	6.97013e-65	6.52806e-66	5.94259e-67	5.26406e-68	4.54251e-69	3.82246e-70	3.13964e-71	2.5194e-72	1.97681e-73	1.51784e-74	1.14134e-75	8.41071e-77	6.07822e-78	4.31045e-79	3.00147e-80	2.05333e-81	1.38081e-82	9.13242e-84	5.9433e-85	3.80771e-86	
4.18335e-89	2.59976e-90	1.59258e-91	9.62041e-93	5.73293e-94	3.37136e-95	1.95718e-96	1.12964e-97	1.0004e-97	1.05122e-95	1.08305e-93	1.02683e-91	8.97401e-90	7.24004e-88	5.39852e-86	3.72382e-84	2.37786e-82	1.40627e-80	7.70466e-79	3.91072e-77	1.83871e-75	8.00501e-74	3.22515e-72	1.20151e-70	4.1347e-69	1.3126e-67	3.83802e-66	1.0317e-64	2.54394e-63	5.73901e-62	1.18093e-60	2.20868e-59	3.73926e-58	5.70326e-57	7.79408e-56	9.4837e-55	1.02011e-53	9.62205e-53	7.88898e-52	5.57094e-51	3.35897e-50	1.71701e-49	7.40666e-49	2.68708e-48	8.15166e-48	2.03529e-47	3.98602e-47	8.2742e-47	2.12345e-46	5.16191e-46	5.19827e-46	3.46078e-46	1.89798e-46	9.82626e-47	4.97923e-47	2.4066e-47	1.07264e-47	4.32226e-48	1.56424e-48	5.08995e-49	1.4962e-49	3.99729e-50	9.76761e-51	2.19637e-51	4.57077e-52	8.84938e-53	1.60159e-53	2.72141e-54	4.35878e-55	6.60434e-56	9.49769e-57	1.30028e-57	1.69933e-58	2.12537e-59	2.54985e-60	2.94061e-61	3.26631e-62	3.50072e-63	3.62632e-64	3.63628e-65	3.53472e-66	3.33536e-67	3.05889e-68	2.72974e-69	2.37297e-70	2.0115e-71	1.66425e-72	1.34519e-73	1.06311e-74	8.22146e-76	6.22625e-77	4.62082e-78	3.36293e-79	2.40161e-80	1.68396e-81	1.16e-82	7.85445e-84	5.23037e-85	3.42706e-86	2.21048e-87	
2.39586e-90	1.49889e-91	9.24311e-93	5.62051e-94	3.37136e-95	1.99555e-96	1.166e-97	6.75749e-99	4.05426e-99	4.12091e-97	4.2476e-95	4.02899e-93	3.5228e-91	2.84349e-89	2.12129e-87	1.46398e-85	9.35316e-84	5.53449e-82	3.03392e-80	1.54085e-78	7.24905e-77	3.15795e-75	1.27316e-73	4.74637e-72	1.63452e-70	5.19289e-69	1.5196e-67	4.08827e-66	1.00896e-64	2.27825e-63	4.69252e-62	8.78529e-61	1.48893e-59	2.27359e-58	3.11137e-57	3.79519e-56	4.11608e-55	4.02581e-54	3.8256e-53	4.21497e-52	5.87738e-51	8.52846e-50	1.04828e-48	1.00486e-47	7.22007e-47	3.37328e-46	6.45591e-46	1.69197e-45	8.80593e-45	3.37109e-44	2.99249e-44	1.49955e-44	5.56344e-45	1.92923e-45	6.73802e-46	2.19581e-46	6.23898e-47	1.52118e-47	3.21534e-48	6.00084e-49	1.0095e-49	1.56568e-50	2.29658e-51	3.27729e-52	4.67496e-53	6.78786e-54	1.00594e-54	1.50502e-55	2.23616e-56	3.25143e-57	4.58068e-58	6.21815e-59	8.11384e-60	1.01723e-60	1.22603e-61	1.42224e-62	1.59018e-63	1.71621e-64	1.79059e-65	1.80864e-66	1.77108e-67	1.68352e-68	1.55535e-69	1.39819e-70	1.22435e-71	1.04541e-72	8.71219e-74	7.09272e-75	5.64564e-76	4.39718e-77	3.35369e-78	2.50651e-79	1.83698e-80	1.32101e-81	9.32684e-83	6.46908e-84	4.41027e-85	2.95684e-86	1.9505e-87	1.26655e-88	
1.35479e-91	8.53216e-93	5.29625e-94	3.24169e-95	1.95718e-96	1.166e-97	6.85696e-99	3.9933e-100	1.653e-100	1.60006e-98	1.64996e-96	1.56575e-94	1.36966e-92	1.10607e-90	8.25539e-89	5.70015e-87	3.6436e-85	2.15714e-83	1.18316e-81	6.01237e-80	2.83024e-78	1.23371e-76	4.97704e-75	1.85671e-73	6.39853e-72	2.03432e-70	5.95767e-69	1.60412e-67	3.96224e-66	8.9549e-65	1.8466e-63	3.47075e-62	6.05436e-61	1.12496e-59	3.36204e-58	1.69832e-56	8.96429e-55	3.94881e-53	1.38037e-51	3.76979e-50	7.94696e-49	1.27778e-47	1.55435e-46	1.42908e-45	9.76417e-45	4.34431e-44	8.31512e-44	2.1795e-43	1.08024e-42	3.91558e-42	3.45352e-42	1.73036e-42	6.46379e-43	2.28466e-43	8.15565e-44	2.69732e-44	7.72341e-45	1.88791e-45	3.97942e-46	7.34814e-47	1.20687e-47	1.78644e-48	2.40971e-49	2.98972e-50	3.43876e-51	3.69153e-52	3.72038e-53	3.53822e-54	3.19023e-55	2.73888e-56	2.24836e-57	1.77254e-58	1.34863e-59	9.96259e-61	7.20151e-62	5.1469e-63	3.68525e-64	2.68367e-65	2.01543e-66	1.57388e-67	1.27731e-68	1.06808e-69	9.08711e-71	7.76966e-72	6.61136e-73	5.56116e-74	4.6047e-75	3.74421e-76	2.98621e-77	2.33498e-78	1.78995e-79	1.34555e-80	9.92261e-82	7.18164e-83	5.10397e-84	3.56369e-85	2.44578e-86	1.65074e-87	1.09619e-88	7.16545e-90	
7.85989e-93	4.91642e-94	3.04539e-95	1.86571e-96	1.12964e-97	6.75749e-99	3.9933e-100	2.33576e-101	6.82253e-102	6.1553e-100	6.34974e-98	6.02833e-96	5.27575e-94	4.26235e-92	3.18279e-90	2.1987e-88	1.40613e-86	8.32904e-85	4.57077e-83	2.32399e-81	1.09461e-79	4.77435e-78	1.92727e-76	7.1945e-75	2.48105e-73	7.8938e-72	2.3135e-70	6.2373e-69	1.56957e-67	4.67433e-66	3.80926e-64	5.7368e-62	7.53484e-60	7.71609e-58	6.19113e-56	3.93194e-54	1.98727e-52	7.99682e-51	2.55178e-49	6.40532e-48	1.25068e-46	1.87669e-45	2.14553e-44	1.8643e-43	1.20759e-42	5.12447e-42	9.80654e-42	2.56343e-41	1.21122e-40	4.16919e-40	3.65441e-40	1.83163e-40	6.89555e-41	2.48688e-41	9.07639e-42	3.04819e-42	8.814e-43	2.16988e-43	4.60126e-44	8.54309e-45	1.41042e-45	2.09803e-46	2.84319e-47	3.5429e-48	4.09141e-49	4.40817e-50	4.45682e-51	4.24972e-52	3.83872e-53	3.29764e-54	2.70346e-55	2.12174e-56	1.59859e-57	1.15917e-58	8.10824e-60	5.48247e-61	3.59027e-62	2.28107e-63	1.40836e-64	8.46265e-66	4.95598e-67	2.83249e-68	1.58196e-69	8.6455e-71	4.62985e-72	2.43344e-73	1.25772e-74	6.40807e-76	3.22905e-77	1.61646e-78	8.08729e-80	4.07521e-81	2.08731e-82	1.097e-83	5.96095e-85	3.36079e-86	1.96257e-87	1.17965e-88	7.23563e-90	4.48952e-91	
3.63254e-92	1.49288e-93	6.09038e-95	2.47148e-96	1.0004e-97	4.05426e-99	1.653e-100	6.82253e-102	4.95472e-103	2.34743e-101	2.42164e-99	2.30005e-97	2.01379e-95	1.62769e-93	1.21598e-91	8.40404e-90	5.37722e-88	3.18672e-86	1.7497e-84	8.90107e-83	4.19482e-81	1.83071e-79	7.39461e-78	2.76217e-76	9.53181e-75	3.0348e-73	1.56086e-71	6.57765e-69	2.82487e-66	7.84242e-64	1.52805e-61	2.21468e-59	2.47332e-57	2.17546e-55	1.52728e-53	8.62046e-52	3.92135e-50	1.43506e-48	4.20147e-47	9.75136e-46	1.77297e-44	2.49379e-43	2.68906e-42	2.2148e-41	1.36405e-40	5.5387e-40	1.05928e-39	2.75573e-39	1.24363e-38	4.07703e-38	3.55196e-38	1.78128e-38	6.76187e-39	2.48912e-39	9.28202e-40	3.1627e-40	9.23042e-41	2.28817e-41	4.8811e-42	9.11293e-43	1.51242e-43	2.26103e-44	3.07859e-45	3.85328e-46	4.4683e-47	4.83277e-48	4.90353e-49	4.69108e-50	4.2503e-51	3.66147e-52	3.00955e-53	2.36766e-54	1.78785e-55	1.29909e-56	9.10442e-58	6.16701e-59	4.04519e-60	2.57398e-61	1.59137e-62	9.57364e-64	5.61199e-65	3.20949e-66	1.79284e-67	9.79275e-69	5.23555e-70	2.74235e-71	1.40853e-72	7.09986e-74	3.51485e-75	1.71022e-76	8.18423e-78	3.85448e-79	1.78763e-80	8.16893e-82	3.68018e-83	1.63539e-84	7.17222e-86	3.10594e-87	1.32885e-88	5.6203e-90	
4.02088e-90	1.64273e-91	6.63919e-93	2.65528e-94	1.05122e-95	4.12091e-97	1.60006e-98	6.1553e-100	2.34743e-101	1.77342e-102	9.158e-101	8.69866e-99	7.61926e-97	6.16111e-95	4.60477e-93	3.18395e-91	2.03817e-89	1.20847e-87	6.63861e-86	3.37896e-84	1.59328e-82	6.9574e-81	2.81191e-79	1.05101e-77	3.62922e-76	1.29466e-71	1.29267e-68	6.10149e-66	1.80776e-63	3.76824e-61	5.86997e-59	7.08439e-57	6.77667e-55	5.21218e-53	3.25093e-51	1.65083e-49	6.82578e-48	2.29023e-46	6.19349e-45	1.3366e-43	2.27352e-42	3.00914e-41	3.06996e-40	2.40299e-39	1.4108e-38	5.49698e-38	1.05018e-37	2.71395e-37	1.17177e-36	3.66814e-36	3.17682e-36	1.59443e-36	6.1063e-37	2.29504e-37	8.7388e-38	3.01871e-38	8.8887e-39	2.21846e-39	4.76073e-40	8.93812e-41	1.49135e-41	2.24086e-42	3.06574e-43	3.85437e-44	4.48815e-45	4.87292e-46	4.9618e-47	4.76236e-48	4.32788e-49	3.73866e-50	3.08087e-51	2.42951e-52	1.83859e-53	1.33869e-54	9.39971e-56	6.3783e-57	4.1907e-58	2.6707e-59	1.65357e-60	9.96145e-62	5.84684e-63	3.34787e-64	1.8723e-65	1.02379e-66	5.47923e-68	2.87281e-69	1.47692e-70	7.45122e-72	3.69192e-73	1.79782e-74	8.60999e-76	4.05789e-77	1.88322e-78	8.61089e-80	3.8813e-81	1.72546e-82	7.5691e-84	3.27784e-85	1.40192e-86	5.9242e-88	
4.13446e-88	1.69002e-89	6.83375e-91	2.73442e-92	1.08305e-93	4.2476e-95	1.64996e-96	6.34974e-98	2.42164e-99	9.158e-101	6.86265e-102	3.26301e-100	2.85817e-98	2.31216e-96	1.72883e-94	1.19593e-92	7.6591e-91	4.54341e-89	2.4971e-87	1.27164e-85	5.99935e-84	2.62121e-82	1.06e-80	3.96439e-79	2.29767e-71	2.42129e-68	1.20876e-65	3.80027e-63	8.43705e-61	1.40568e-58	1.82315e-56	1.88439e-54	1.57594e-52	1.07663e-50	6.0397e-49	2.78674e-47	1.05591e-45	3.27027e-44	8.21552e-43	1.65649e-41	2.64663e-40	3.30728e-39	3.20106e-38	2.3867e-37	1.33884e-36	5.01833e-36	9.57226e-36	2.45324e-35	1.01489e-34	3.04081e-34	2.61832e-34	1.31553e-34	5.08576e-35	1.95227e-35	7.5858e-36	2.65481e-36	7.88418e-37	1.98099e-37	4.2768e-38	8.07546e-39	1.35476e-39	2.04615e-40	2.81295e-41	3.55253e-42	4.15396e-43	4.52744e-44	4.62634e-45	4.45482e-46	4.06049e-47	3.51732e-48	2.90582e-49	2.29683e-50	1.74194e-51	1.27087e-52	8.94021e-54	6.07707e-55	3.99929e-56	2.55261e-57	1.58272e-58	9.54747e-60	5.61099e-61	3.21669e-62	1.80098e-63	9.85856e-65	5.28161e-66	2.7719e-67	1.42637e-68	7.20256e-70	3.57174e-71	1.74071e-72	8.34299e-74	3.93499e-75	1.82749e-76	8.36185e-78	3.77155e-79	1.67775e-80	7.36432e-82	3.19106e-83	1.36559e-84	5.7739e-86	
3.91194e-86	1.5999e-87	6.47267e-89	2.59123e-90	1.02683e-91	4.02899e-93	1.56575e-94	6.02833e-96	2.30005e-97	8.69866e-99	3.26301e-100	2.4258e-101	1.06371e-99	8.60495e-98	6.43676e-96	4.45458e-94	2.85413e-92	1.69387e-90	9.31412e-89	4.74556e-87	2.24003e-85	9.79234e-84	3.96222e-82	3.76682e-71	4.17452e-68	2.19749e-65	7.30653e-63	1.72118e-60	3.054e-58	4.23605e-56	4.70465e-54	4.25081e-52	3.15712e-50	1.93949e-48	9.88336e-47	4.17745e-45	1.4604e-43	4.19905e-42	9.84713e-41	1.86272e-39	2.80529e-38	3.31935e-37	3.05523e-36	2.17432e-35	1.1678e-34	4.22018e-34	8.03273e-34	2.03856e-33	8.09147e-33	2.32525e-32	1.99093e-32	1.00167e-32	3.91131e-33	1.53395e-33	6.07887e-34	2.15404e-34	6.45018e-35	1.63155e-35	3.54398e-36	6.73085e-37	1.13548e-37	1.72401e-38	2.38176e-39	3.02171e-40	3.54813e-41	3.88207e-42	3.9809e-43	3.84573e-44	3.51574e-45	3.05375e-46	2.52919e-47	2.00377e-48	1.52294e-49	1.1133e-50	7.84623e-52	5.34265e-53	3.52164e-54	2.25113e-55	1.39777e-56	8.4431e-58	4.96821e-59	2.85159e-60	1.59837e-61	8.75887e-63	4.69725e-64	2.46761e-65	1.27096e-66	6.42351e-68	3.18811e-69	1.55501e-70	7.45873e-72	3.52056e-73	1.63619e-74	7.49174e-76	3.38134e-77	1.50513e-78	6.61075e-80	2.86624e-81	1.2273e-82	5.19208e-84	
3.41188e-84	1.39613e-85	5.65121e-87	2.2635e-88	8.97401e-90	3.5228e-91	1.36966e-92	5.27575e-94	2.01379e-95	7.61926e-97	2.85817e-98	1.06371e-99	7.84688e-101	3.17794e-99	2.3771e-97	1.64577e-95	1.05494e-93	6.26367e-92	3.44584e-90	1.75652e-88	8.29543e-87	3.62829e-85	5.70853e-71	6.63696e-68	3.67404e-65	1.28806e-62	3.20876e-60	6.04075e-58	8.92264e-56	1.05969e-53	1.0287e-51	8.25326e-50	5.51114e-48	3.0748e-46	1.43499e-44	5.59425e-43	1.81481e-41	4.86814e-40	1.07017e-38	1.90605e-37	2.71405e-36	3.04858e-35	2.67407e-34	1.81976e-33	9.37502e-33	3.2728e-32	6.2127e-32	1.5591e-31	5.94472e-31	1.64158e-30	1.39788e-30	7.0447e-31	2.78024e-31	1.11431e-31	4.50116e-32	1.6141e-32	4.87256e-33	1.24079e-33	2.71207e-34	5.18173e-35	8.79148e-36	1.342e-36	1.8633e-37	2.37487e-38	2.80043e-39	3.07588e-40	3.16537e-41	3.06779e-42	2.81287e-43	2.44988e-44	2.03412e-45	1.61527e-46	1.23028e-47	9.01139e-49	6.36265e-50	4.33988e-51	2.86525e-52	1.83431e-53	1.14056e-54	6.89865e-56	4.06451e-57	2.33567e-58	1.31067e-59	7.19e-61	3.85982e-62	2.02966e-63	1.04636e-64	5.29307e-66	2.62929e-67	1.28348e-68	6.16117e-70	2.91029e-71	1.35355e-72	6.20189e-74	2.80106e-75	1.24764e-76	5.48324e-78	2.37882e-79	1.01919e-80	4.31411e-82	
2.74693e-82	1.12465e-83	4.55469e-85	1.82524e-86	7.24004e-88	2.84349e-89	1.10607e-90	4.26235e-92	1.62769e-93	6.16111e-95	2.31216e-96	8.60495e-98	3.17794e-99	2.32672e-100	8.71357e-99	6.03237e-97	3.86839e-95	2.29786e-93	1.2647e-91	6.4499e-90	3.04758e-88	8.00766e-71	9.7455e-68	5.6595e-65	2.08645e-62	5.48019e-60	1.09096e-57	1.70961e-55	2.16201e-53	2.24413e-51	1.93421e-49	1.39502e-47	8.45873e-46	4.32124e-44	1.8596e-42	6.72518e-41	2.03454e-39	5.11315e-38	1.05754e-36	1.77903e-35	2.40151e-34	2.56652e-33	2.14936e-32	1.40092e-31	6.93426e-31	2.34252e-30	4.43213e-30	1.09849e-29	4.02782e-29	1.07059e-28	9.06829e-29	4.57922e-29	1.82778e-29	7.4888e-30	3.08182e-30	1.11786e-30	3.40149e-31	8.72083e-32	1.9184e-32	3.68796e-33	6.29387e-34	9.6604e-35	1.34814e-35	1.72634e-36	2.04441e-37	2.25427e-38	2.32811e-39	2.26367e-40	2.08172e-41	1.81801e-42	1.51326e-43	1.20442e-44	9.19307e-46	6.74692e-47	4.77253e-48	3.26086e-49	2.15632e-50	1.38253e-51	8.60871e-53	5.21388e-54	3.07577e-55	1.7696e-56	9.94143e-58	5.45951e-59	2.93385e-60	1.54425e-61	7.96865e-63	4.03459e-64	2.00587e-65	9.79971e-67	4.70793e-68	2.22553e-69	1.03583e-70	4.74949e-72	2.14655e-73	9.56741e-75	4.20744e-76	1.82646e-77	7.82997e-79	3.31626e-80	
2.04391e-80	8.37279e-82	3.3927e-83	1.3603e-84	5.39852e-86	2.12129e-87	8.25539e-89	3.18279e-90	1.21598e-91	4.60477e-93	1.72883e-94	6.43676e-96	2.3771e-97	8.71357e-99	6.3329e-100	2.19521e-98	1.40758e-96	8.36477e-95	4.60589e-93	2.35007e-91	1.04081e-70	1.32327e-67	8.04389e-65	3.11087e-62	8.59193e-60	1.80332e-57	2.9881e-55	4.00878e-53	4.43044e-51	4.08265e-49	3.16295e-47	2.07119e-45	1.14976e-43	5.41508e-42	2.16124e-40	7.28666e-39	2.06448e-37	4.87894e-36	9.52443e-35	1.51752e-33	1.94659e-32	1.98323e-31	1.58833e-30	9.9295e-30	4.72911e-29	1.54834e-28	2.91804e-28	7.13435e-28	2.51805e-27	6.45207e-27	5.43721e-27	2.75218e-27	1.11181e-27	4.65809e-28	1.95191e-28	7.15891e-29	2.19561e-29	5.66819e-30	1.25514e-30	2.42828e-31	4.16918e-32	6.43541e-33	9.02767e-34	1.16153e-34	1.3815e-35	1.52932e-36	1.58508e-37	1.54623e-38	1.42618e-39	1.24892e-40	1.04216e-41	8.31382e-43	6.3593e-44	4.67642e-45	3.31403e-46	2.26823e-47	1.50234e-48	9.64689e-50	6.01546e-51	3.64818e-52	2.15487e-53	1.24127e-54	6.98133e-56	3.8381e-57	2.06468e-58	1.08784e-59	5.61879e-61	2.84743e-62	1.41688e-63	6.92801e-65	3.331e-66	1.57585e-67	7.33998e-69	3.36794e-70	1.52321e-71	6.79369e-73	2.98959e-74	1.2986e-75	5.57046e-77	2.36067e-78	
1.4068e-78	5.76616e-80	2.33777e-81	9.37826e-83	3.72382e-84	1.46398e-85	5.70015e-87	2.1987e-88	8.40404e-90	3.18395e-91	1.19593e-92	4.45458e-94	1.64577e-95	6.03237e-97	2.19521e-98	1.58407e-99	5.08611e-98	3.02209e-96	1.66478e-94	1.25447e-70	1.66313e-67	1.05612e-64	4.27525e-62	1.23863e-59	2.73357e-57	4.77531e-55	6.77381e-53	7.94139e-51	7.7912e-49	6.45289e-47	4.5385e-45	2.72048e-43	1.39207e-41	6.07947e-40	2.26154e-38	7.13878e-37	1.90124e-35	4.23883e-34	7.83221e-33	1.18479e-31	1.44719e-30	1.40805e-29	1.07998e-28	6.48388e-28	2.97522e-27	9.45357e-27	1.77354e-26	4.27278e-26	1.45284e-25	3.59363e-25	3.01346e-25	1.5296e-25	6.25864e-26	2.68207e-26	1.14386e-26	4.24057e-27	1.31086e-27	3.40818e-28	7.59866e-29	1.4798e-29	2.5566e-30	3.96921e-31	5.59773e-32	7.23718e-33	8.64569e-34	9.60894e-35	9.9953e-36	9.78243e-37	9.05001e-38	7.94689e-39	6.64802e-40	5.31578e-41	4.07482e-42	3.00247e-43	2.13172e-44	1.46155e-45	9.69619e-47	6.2357e-48	3.89398e-49	2.36479e-50	1.39861e-51	8.06633e-53	4.54205e-54	2.49984e-55	1.34619e-56	7.10001e-58	3.67078e-59	1.86196e-60	9.27341e-62	4.53822e-63	2.18378e-64	1.03394e-65	4.81954e-67	2.21307e-68	1.00161e-69	4.47038e-71	1.96852e-72	8.55626e-74	3.67257e-75	1.55732e-76	
8.96303e-77	3.6759e-78	1.49116e-79	5.98531e-81	2.37786e-82	9.35316e-84	3.6436e-85	1.40613e-86	5.37722e-88	2.03817e-89	7.6591e-91	2.85413e-92	1.05494e-93	3.86839e-95	1.40758e-96	5.08611e-98	3.64464e-99	1.08449e-97	1.40288e-70	1.93616e-67	1.28206e-64	5.42151e-62	1.64408e-59	3.80601e-57	6.99089e-55	1.04543e-52	1.29584e-50	1.34853e-48	1.18902e-46	8.93947e-45	5.7548e-43	3.17935e-41	1.50833e-39	6.13849e-38	2.13746e-36	6.34056e-35	1.59251e-33	3.35905e-32	5.8892e-31	8.47636e-30	9.87717e-29	9.19153e-28	6.76023e-27	3.90207e-26	1.72708e-25	5.33203e-25	9.95108e-25	2.35995e-24	7.73612e-24	1.84951e-23	1.54359e-23	7.86052e-24	3.26024e-24	1.42945e-24	6.20193e-25	2.32346e-25	7.23959e-26	1.89607e-26	4.2575e-27	8.34821e-28	1.45162e-28	2.26717e-29	3.21484e-30	4.17699e-31	5.01227e-32	5.59327e-33	5.8395e-34	5.73417e-35	5.32094e-36	4.68534e-37	3.92954e-38	3.14946e-39	2.41948e-40	1.78636e-41	1.27069e-42	8.72747e-44	5.79954e-45	3.73554e-46	2.33614e-47	1.4207e-48	8.41353e-50	4.85847e-51	2.739e-52	1.50919e-53	8.13599e-55	4.29548e-56	2.22301e-57	1.12867e-58	5.62643e-60	2.75588e-61	1.32724e-62	6.28911e-64	2.93388e-65	1.34822e-66	6.1064e-68	2.72732e-69	1.20179e-70	5.22712e-72	2.24506e-73	9.52589e-75	
5.28849e-75	2.17022e-76	8.80887e-78	3.53777e-79	1.40627e-80	5.53449e-82	2.15714e-83	8.32904e-85	3.18672e-86	1.20847e-87	4.54341e-89	1.69387e-90	6.26367e-92	2.29786e-93	8.36477e-95	3.02209e-96	1.08449e-97	1.4561e-70	2.08881e-67	1.43986e-64	6.34899e-62	2.01124e-59	4.8733e-57	9.38931e-55	1.47629e-52	1.92904e-50	2.12238e-48	1.98486e-46	1.58855e-44	1.09306e-42	6.48477e-41	3.32118e-39	1.46807e-37	5.59158e-36	1.8293e-34	5.11611e-33	1.21527e-31	2.43122e-30	4.05337e-29	5.56146e-28	6.19233e-27	5.51893e-26	3.89658e-25	2.16444e-24	9.2498e-24	2.77758e-23	5.15331e-23	1.20187e-22	3.80064e-22	8.79206e-22	7.30471e-22	3.73374e-22	1.57112e-22	7.04981e-23	3.11034e-23	1.1773e-23	3.698e-24	9.75893e-25	2.20762e-25	4.35973e-26	7.63176e-27	1.19931e-27	1.71016e-28	2.23325e-29	2.69208e-30	3.01652e-31	3.16105e-32	3.11453e-33	2.89899e-34	2.55989e-35	2.15252e-36	1.72933e-37	1.33145e-38	9.85066e-40	7.0205e-41	4.83057e-42	3.21542e-43	2.07438e-44	1.29923e-45	7.91235e-47	4.69211e-48	2.71297e-49	1.53133e-50	8.44748e-52	4.55907e-53	2.40957e-54	1.24828e-55	6.34403e-57	3.16548e-58	1.55189e-59	7.48049e-61	3.54759e-62	1.6563e-63	7.61725e-65	3.45263e-66	1.54319e-67	6.80488e-69	2.96177e-70	1.27294e-71	5.40461e-73	
2.89048e-73	1.1869e-74	4.82054e-76	1.93714e-77	7.70466e-79	3.03392e-80	1.18316e-81	4.57077e-83	1.7497e-84	6.63861e-86	2.4971e-87	9.31412e-89	3.44584e-90	1.2647e-91	4.60589e-93	1.66478e-94	1.40288e-70	2.08881e-67	1.4966e-64	6.86974e-62	2.26918e-59	5.74354e-57	1.15823e-54	1.91016e-52	2.62423e-50	3.04354e-48	3.00911e-46	2.55424e-44	1.8708e-42	1.18622e-40	6.52322e-39	3.11248e-37	1.28742e-35	4.60624e-34	1.42047e-32	3.75624e-31	8.45985e-30	1.60875e-28	2.55548e-27	3.34805e-26	3.56711e-25	3.04838e-24	2.06806e-23	1.1064e-22	4.56924e-22	1.33572e-21	2.46195e-21	5.64128e-21	1.72178e-20	3.85783e-20	3.19151e-20	1.63831e-20	7.0004e-21	3.21553e-21	1.44208e-21	5.51426e-22	1.74642e-22	4.6454e-23	1.05907e-23	2.10716e-24	3.71436e-25	5.87429e-26	8.4249e-27	1.10591e-27	1.33936e-28	1.50709e-29	1.58531e-30	1.56737e-31	1.46348e-32	1.29601e-33	1.09265e-34	8.79977e-36	6.79048e-37	5.03449e-38	3.59511e-39	2.47824e-40	1.65248e-41	1.06781e-42	6.69829e-44	4.08526e-45	2.42597e-46	1.40455e-47	7.93793e-49	4.38417e-50	2.36884e-51	1.25337e-52	6.49996e-54	3.30676e-55	1.65158e-56	8.10454e-58	3.91012e-59	1.85597e-60	8.67246e-62	3.99167e-63	1.81071e-64	8.0993e-66	3.5741e-67	1.55671e-68	6.69518e-70	2.84453e-71	
1.46348e-71	6.01334e-73	2.44384e-74	9.82665e-76	3.91072e-77	1.54085e-78	6.01237e-80	2.32399e-81	8.90107e-83	3.37896e-84	1.27164e-85	4.74556e-87	1.75652e-88	6.4499e-90	2.35007e-91	1.25447e-70	1.93616e-67	1.43986e-64	6.86974e-62	2.36221e-59	6.23441e-57	1.31328e-54	2.26688e-52	3.26654e-50	3.98306e-48	4.15103e-46	3.72488e-44	2.89338e-42	1.9527e-40	1.14759e-38	5.87878e-37	2.62445e-35	1.0196e-33	3.4381e-32	1.00226e-30	2.51229e-29	5.37676e-28	9.73805e-27	1.47636e-25	1.84968e-24	1.88806e-23	1.54867e-22	1.01033e-21	5.2094e-21	2.08059e-20	5.9255e-20	1.08423e-19	2.43866e-19	7.18661e-19	1.561e-18	1.2862e-18	6.63484e-19	2.88164e-19	1.35532e-19	6.17646e-20	2.38578e-20	7.62058e-21	2.04397e-21	4.69817e-22	9.42102e-23	1.67277e-23	2.66303e-24	3.84212e-25	5.07043e-26	6.17028e-27	6.97298e-28	7.36346e-29	7.30584e-30	6.84358e-31	6.07832e-32	5.13844e-33	4.14867e-34	3.20884e-35	2.38421e-36	1.706e-37	1.17825e-38	7.87054e-40	5.09446e-41	3.20081e-42	1.95512e-43	1.16269e-44	6.74077e-46	3.81458e-47	2.10945e-48	1.14113e-49	6.04469e-51	3.13821e-52	1.5982e-53	7.99041e-55	3.92482e-56	1.89535e-57	9.00461e-59	4.21129e-60	1.93997e-61	8.80728e-63	3.94262e-64	1.74115e-65	7.58925e-67	3.26637e-68	1.38873e-69	
6.86297e-70	2.82185e-71	1.14757e-72	4.61732e-74	1.83871e-75	7.24905e-77	2.83024e-78	1.09461e-79	4.19482e-81	1.59328e-82	5.99935e-84	2.24003e-85	8.29543e-87	3.04758e-88	1.04081e-70	1.66313e-67	1.28206e-64	6.34899e-62	2.26918e-59	6.23441e-57	1.36937e-54	2.46908e-52	3.72381e-50	4.76252e-48	5.21814e-46	4.93557e-44	4.0527e-42	2.90056e-40	1.81425e-38	9.93157e-37	4.75975e-35	1.99556e-33	7.30562e-32	2.32836e-30	6.43268e-29	1.53185e-27	3.1215e-26	5.39376e-25	7.81626e-24	9.37666e-23	9.17964e-22	7.23308e-21	4.54063e-20	2.25764e-19	8.72521e-19	2.42241e-18	4.3971e-18	9.69911e-18	2.76058e-17	5.81733e-17	4.7754e-17	2.47712e-17	1.09468e-17	5.27318e-18	2.44118e-18	9.52573e-19	3.06971e-19	8.3061e-20	1.92579e-20	3.8936e-21	6.96601e-22	1.11663e-22	1.621e-23	2.15106e-24	2.63061e-25	2.98605e-26	3.16592e-27	3.15257e-28	2.96288e-29	2.63956e-30	2.23765e-31	1.81131e-32	1.40435e-33	1.04579e-34	7.49878e-36	5.18922e-37	3.47277e-38	2.2518e-39	1.41714e-40	8.66976e-42	5.16354e-43	2.99787e-44	1.69879e-45	9.40645e-47	5.09486e-48	2.70202e-49	1.40441e-50	7.1601e-52	3.58356e-53	1.76201e-54	8.51731e-56	4.0503e-57	1.89598e-58	8.74168e-60	3.97203e-61	1.77956e-62	7.86522e-64	3.43091e-65	1.47775e-66	6.28736e-68	
2.97974e-68	1.22605e-69	4.98945e-71	2.00889e-72	8.00501e-74	3.15795e-75	1.23371e-76	4.77435e-78	1.83071e-79	6.9574e-81	2.62121e-82	9.79234e-84	3.62829e-85	8.00766e-71	1.32327e-67	1.05612e-64	5.42151e-62	2.01124e-59	5.74354e-57	1.31328e-54	2.46908e-52	3.88982e-50	5.20673e-48	5.98354e-46	5.94991e-44	5.14957e-42	3.89588e-40	2.58407e-38	1.50544e-36	7.70935e-35	3.46955e-33	1.37058e-31	4.7418e-30	1.432e-28	3.75782e-27	8.51831e-26	1.65559e-24	2.73348e-23	3.79122e-22	4.35966e-21	4.09712e-20	3.10335e-19	1.87555e-18	8.99602e-18	3.36582e-17	9.11395e-17	1.63992e-16	3.54429e-16	9.74462e-16	1.99352e-15	1.63089e-15	8.5135e-16	3.83227e-16	1.8912e-16	8.89174e-17	3.50543e-17	1.14017e-17	3.11402e-18	7.28655e-19	1.48605e-19	2.67994e-20	4.32679e-21	6.32155e-22	8.43679e-23	1.03705e-23	1.18259e-24	1.25902e-25	1.25843e-26	1.18677e-27	1.0606e-28	9.01714e-30	7.3187e-31	5.68851e-32	4.24599e-33	3.05122e-34	2.11581e-35	1.4187e-36	9.21587e-38	5.80991e-39	3.56023e-40	2.12372e-41	1.23483e-42	7.00732e-44	3.88533e-45	2.10717e-46	1.11891e-47	5.82263e-49	2.97196e-50	1.48908e-51	7.32948e-53	3.54661e-54	1.68821e-55	7.9102e-57	3.65047e-58	1.66017e-59	7.44436e-61	3.29297e-62	1.43759e-63	6.19681e-65	2.63855e-66	
1.1971e-66	4.92929e-68	2.00743e-69	8.08814e-71	3.22515e-72	1.27316e-73	4.97704e-75	1.92727e-76	7.39461e-78	2.81191e-79	1.06e-80	3.96222e-82	5.70853e-71	9.7455e-68	8.04389e-65	4.27525e-62	1.64408e-59	4.8733e-57	1.15823e-54	2.26688e-52	3.72381e-50	5.20673e-48	6.26244e-46	6.53137e-44	5.94276e-42	4.73876e-40	3.32236e-38	2.05244e-36	1.1185e-34	5.37834e-33	2.28042e-31	8.51228e-30	2.79019e-28	8.00228e-27	1.99854e-25	4.31997e-24	8.02034e-23	1.26697e-21	1.68375e-20	1.85772e-19	1.67716e-18	1.22184e-17	7.11155e-17	3.29132e-16	1.19251e-15	3.15045e-15	5.61496e-15	1.18794e-14	3.15511e-14	6.26954e-14	5.11348e-14	2.68856e-14	1.23422e-14	6.24137e-15	2.97968e-15	1.18706e-15	3.8991e-16	1.07558e-16	2.54153e-17	5.23122e-18	9.5134e-19	1.54754e-19	2.27618e-20	3.05595e-21	3.77642e-22	4.32697e-23	4.6265e-24	4.64241e-25	4.3937e-26	3.93944e-27	3.35942e-28	2.7343e-29	2.1308e-30	1.59434e-31	1.14833e-32	7.97995e-34	5.36158e-35	3.48956e-36	2.2039e-37	1.35285e-38	8.0831e-40	4.70725e-41	2.67521e-42	1.48543e-43	8.06708e-45	4.28924e-46	2.23485e-47	1.14208e-48	5.72894e-50	2.82301e-51	1.36747e-52	6.51602e-54	3.05616e-55	1.41175e-56	6.42637e-58	2.88425e-59	1.27694e-60	5.5794e-62	2.407e-63	1.02569e-64	
4.44647e-65	1.83234e-66	7.46777e-68	3.01105e-69	1.20151e-70	4.74637e-72	1.85671e-73	7.1945e-75	2.76217e-76	1.05101e-77	3.96439e-79	3.76682e-71	6.63696e-68	5.6595e-65	3.11087e-62	1.23863e-59	3.80601e-57	9.38931e-55	1.91016e-52	3.26654e-50	4.76252e-48	5.98354e-46	6.53137e-44	6.23297e-42	5.22503e-40	3.86104e-38	2.52113e-36	1.45683e-34	7.45436e-33	3.37678e-31	1.35279e-29	4.7837e-28	1.48893e-26	4.06343e-25	9.67516e-24	1.99727e-22	3.54682e-21	5.36681e-20	6.84049e-19	7.24691e-18	6.28876e-17	4.40805e-16	2.47131e-15	1.10369e-14	3.87304e-14	9.98491e-14	1.76126e-13	3.64415e-13	9.34879e-13	1.80521e-12	1.46847e-12	7.78411e-13	3.64889e-13	1.89134e-13	9.16751e-14	3.69189e-14	1.22542e-14	3.41681e-15	8.15883e-16	1.69584e-16	3.1115e-17	5.10166e-18	7.55658e-19	1.02088e-19	1.26859e-20	1.4608e-21	1.56896e-22	1.58081e-23	1.50171e-24	1.35108e-25	1.15581e-26	9.43502e-28	7.37272e-29	5.53066e-30	3.99305e-31	2.78112e-32	1.87257e-33	1.22121e-34	7.72753e-36	4.75209e-37	2.84422e-38	1.65908e-39	9.44363e-41	5.25151e-42	2.85608e-43	1.52066e-44	7.93364e-46	4.05948e-47	2.03881e-48	1.00583e-49	4.87776e-51	2.32679e-52	1.09246e-53	5.05158e-55	2.30177e-56	1.03404e-57	4.58221e-59	2.0039e-60	8.65241e-62	3.69013e-63	
1.52537e-63	6.29101e-65	2.56595e-66	1.0354e-67	4.1347e-69	1.63452e-70	6.39853e-72	2.48105e-73	9.53181e-75	3.62922e-76	2.29767e-71	4.17452e-68	3.67404e-65	2.08645e-62	8.59193e-60	2.73357e-57	6.99089e-55	1.47629e-52	2.62423e-50	3.98306e-48	5.21814e-46	5.94991e-44	5.94276e-42	5.22503e-40	4.059e-38	2.79343e-36	1.70612e-34	9.25639e-33	4.46172e-31	1.90954e-29	7.24639e-28	2.43294e-26	7.20482e-25	1.87429e-23	4.2612e-22	8.41201e-21	1.43049e-19	2.07531e-18	2.53893e-17	2.58426e-16	2.15643e-15	1.45459e-14	7.85497e-14	3.38476e-13	1.15033e-12	2.89411e-12	5.04807e-12	1.02044e-11	2.52796e-11	4.74484e-11	3.85144e-11	2.06059e-11	9.87696e-12	5.249e-12	2.58309e-12	1.05205e-12	3.53159e-13	9.96198e-14	2.40579e-14	5.05315e-15	9.35922e-16	1.54745e-16	2.30911e-17	3.14009e-18	3.92492e-19	4.54336e-20	4.90293e-21	4.96124e-22	4.73158e-23	4.27239e-24	3.66714e-25	3.00284e-26	2.35327e-27	1.77009e-28	1.28122e-29	8.94492e-31	6.03632e-32	3.94503e-33	2.50136e-34	1.54118e-35	9.24107e-37	5.39982e-38	3.07873e-39	1.71476e-40	9.34002e-42	4.98011e-43	2.60186e-44	1.33309e-45	6.70387e-47	3.31137e-48	1.60776e-49	7.6781e-51	3.60897e-52	1.67058e-53	7.61987e-55	3.42654e-56	1.51989e-57	6.65298e-59	2.8752e-60	1.2273e-61	
4.8266e-62	1.99231e-63	8.13291e-65	3.2844e-66	1.3126e-67	5.19289e-69	2.03432e-70	7.8938e-72	3.0348e-73	1.29466e-71	2.42129e-68	2.19749e-65	1.28806e-62	5.48019e-60	1.80332e-57	4.77531e-55	1.04543e-52	1.92904e-50	3.04354e-48	4.15103e-46	4.93557e-44	5.14957e-42	4.73876e-40	3.86104e-38	2.79343e-36	1.79818e-34	1.03114e-32	5.2698e-31	2.39977e-29	9.72828e-28	3.50487e-26	1.11949e-24	3.15974e-23	7.8474e-22	1.70579e-20	3.22386e-19	5.25486e-18	7.315e-17	8.59483e-16	8.40845e-15	6.74822e-14	4.38039e-13	2.27794e-12	9.46755e-12	3.11536e-11	7.64776e-11	1.31787e-10	2.59989e-10	6.21681e-10	1.13438e-09	9.1933e-10	4.97077e-10	2.43998e-10	1.3299e-10	6.64523e-11	2.73895e-11	9.30783e-12	2.65901e-12	6.50053e-13	1.38084e-13	2.58343e-14	4.30965e-15	6.48161e-16	8.87569e-17	1.1163e-17	1.29939e-18	1.40928e-19	1.43256e-20	1.37195e-21	1.24357e-22	1.07119e-23	8.80039e-25	6.91791e-26	5.2185e-27	3.78743e-28	2.65093e-29	1.79321e-30	1.1746e-31	7.46357e-33	4.60792e-34	2.76831e-35	1.62058e-36	9.25602e-38	5.16398e-39	2.81724e-40	1.50446e-41	7.87163e-43	4.03882e-44	2.03379e-45	1.0059e-46	4.89003e-48	2.33813e-49	1.10028e-50	5.09887e-52	2.32823e-53	1.04807e-54	4.65352e-56	2.03898e-57	8.82013e-59	3.76839e-60	
1.40646e-60	5.81075e-62	2.3741e-63	9.59568e-65	3.83802e-66	1.5196e-67	5.95767e-69	2.3135e-70	1.56086e-71	1.29267e-68	1.20876e-65	7.30653e-63	3.20876e-60	1.09096e-57	2.9881e-55	6.77381e-53	1.29584e-50	2.12238e-48	3.00911e-46	3.72488e-44	4.0527e-42	3.89588e-40	3.32236e-38	2.52113e-36	1.70612e-34	1.03114e-32	5.56982e-31	2.68921e-29	1.15991e-27	4.46386e-26	1.52987e-24	4.65693e-23	1.25469e-21	2.97885e-20	6.19791e-19	1.12252e-17	1.75514e-16	2.34571e-15	2.64805e-14	2.49049e-13	1.92231e-12	1.20047e-11	6.00893e-11	2.40734e-10	7.6657e-10	1.83548e-09	3.12157e-09	6.00288e-09	1.38453e-08	2.45591e-08	1.98854e-08	1.08824e-08	5.47945e-09	3.06414e-09	1.55504e-09	6.49192e-10	2.23616e-10	6.47769e-11	1.60492e-11	3.45104e-12	6.527e-13	1.09927e-13	1.66723e-14	2.30007e-15	2.912e-16	3.40978e-17	3.71799e-18	3.79786e-19	3.65343e-20	3.32515e-21	2.87511e-22	2.37037e-23	1.86945e-24	1.41454e-25	1.02959e-26	7.22585e-28	4.90038e-29	3.21762e-30	2.04918e-31	1.26788e-32	7.63273e-34	4.47698e-35	2.56182e-36	1.43179e-37	7.82453e-39	4.18525e-40	2.19321e-41	1.12699e-42	5.6832e-44	2.81474e-45	1.37015e-46	6.55964e-48	3.09063e-49	1.43394e-50	6.55507e-52	2.95405e-53	1.31303e-54	5.75905e-56	2.49371e-57	1.06646e-58	
3.76711e-59	1.55785e-60	6.37071e-62	2.57721e-63	1.0317e-64	4.08827e-66	1.60412e-67	6.2373e-69	6.57765e-69	6.10149e-66	3.80027e-63	1.72118e-60	6.04075e-58	1.70961e-55	4.00878e-53	7.94139e-51	1.34853e-48	1.98486e-46	2.55424e-44	2.89338e-42	2.90056e-40	2.58407e-38	2.05244e-36	1.45683e-34	9.25639e-33	5.2698e-31	2.68921e-29	1.22978e-27	5.03543e-26	1.84336e-24	6.02037e-23	1.74918e-21	4.50462e-20	1.02353e-18	2.04037e-17	3.54392e-16	5.31846e-15	6.82694e-14	7.40597e-13	6.69578e-12	4.96914e-11	2.98386e-10	1.43644e-09	5.54182e-09	1.70619e-08	3.98203e-08	6.6759e-08	1.24974e-07	2.77756e-07	4.7882e-07	3.87674e-07	2.15117e-07	1.11312e-07	6.38927e-08	3.29486e-08	1.39489e-08	4.87759e-09	1.43497e-09	3.60806e-10	7.86251e-11	1.50467e-11	2.56047e-12	3.91877e-13	5.4497e-14	6.94887e-15	8.1888e-16	8.98061e-17	9.22171e-18	8.91365e-19	8.14855e-20	7.07444e-21	5.85457e-22	4.63362e-23	3.51763e-24	2.56825e-25	1.80768e-26	1.22927e-27	8.09226e-29	5.16623e-30	3.20386e-31	1.93298e-32	1.13615e-33	6.51419e-35	3.64766e-36	1.99699e-37	1.07001e-38	5.61647e-40	2.8906e-41	1.4599e-42	7.24102e-44	3.5297e-45	1.69213e-46	7.98292e-48	3.7084e-49	1.69729e-50	7.65774e-52	3.40755e-53	1.4962e-54	6.48542e-56	2.77637e-57	
9.25381e-58	3.8306e-59	1.568e-60	6.34909e-62	2.54394e-63	1.00896e-64	3.96224e-66	1.56957e-67	2.82487e-66	1.80776e-63	8.43705e-61	3.054e-58	8.92264e-56	2.16201e-53	4.43044e-51	7.7912e-49	1.18902e-46	1.58855e-44	1.8708e-42	1.9527e-40	1.81425e-38	1.50544e-36	1.1185e-34	7.45436e-33	4.46172e-31	2.39977e-29	1.15991e-27	5.03543e-26	1.96122e-24	6.84156e-23	2.13261e-21	5.92207e-20	1.45941e-18	3.17661e-17	6.07176e-16	1.01196e-14	1.45818e-13	1.79802e-12	1.87422e-11	1.62838e-10	1.1612e-09	6.69837e-09	3.09746e-08	1.14914e-07	3.41605e-07	7.76263e-07	1.28115e-06	2.33102e-06	4.98515e-06	8.34675e-06	6.76465e-06	3.81444e-06	2.03272e-06	1.19838e-06	6.28481e-07	2.70248e-07	9.61229e-08	2.87759e-08	7.35514e-09	1.6266e-09	3.15342e-10	5.42709e-11	8.38865e-12	1.17679e-12	1.51219e-13	1.79442e-14	1.98028e-15	2.04504e-16	1.98702e-17	1.82515e-18	1.59157e-19	1.32252e-20	1.05069e-21	8.00472e-23	5.86373e-24	4.14011e-25	2.82364e-26	1.86394e-27	1.19308e-28	7.41725e-30	4.48552e-31	2.64234e-32	1.51821e-33	8.51843e-35	4.67256e-36	2.50821e-37	1.31887e-38	6.79916e-40	3.43943e-41	1.70858e-42	8.34094e-44	4.00431e-45	1.89169e-46	8.79928e-48	4.03243e-49	1.82156e-50	8.11515e-52	3.56728e-53	1.54798e-54	6.63384e-56	
2.07934e-56	8.61635e-58	3.53053e-59	1.43097e-60	5.73901e-62	2.27825e-63	8.9549e-65	4.67433e-66	7.84242e-64	3.76824e-61	1.40568e-58	4.23605e-56	1.05969e-53	2.24413e-51	4.08265e-49	6.45289e-47	8.93947e-45	1.09306e-42	1.18622e-40	1.14759e-38	9.93157e-37	7.70935e-35	5.37834e-33	3.37678e-31	1.90954e-29	9.72828e-28	4.46386e-26	1.84336e-24	6.84156e-23	2.27782e-21	6.7859e-20	1.80311e-18	4.25623e-17	8.88159e-16	1.62866e-14	2.60561e-13	3.60541e-12	4.27004e-11	4.27521e-10	3.56698e-09	2.44154e-08	1.351e-07	5.98992e-07	2.13245e-06	6.10835e-06	1.34922e-05	2.18832e-05	3.86223e-05	7.93161e-05	0.000128836	0.000104668	6.01463e-05	3.3094e-05	2.0057e-05	1.07119e-05	4.68899e-06	1.70092e-06	5.19449e-07	1.35263e-07	3.04121e-08	5.98151e-09	1.04241e-09	1.62895e-10	2.30723e-11	2.99017e-12	3.57537e-13	3.97287e-14	4.12839e-15	4.0341e-16	3.72482e-17	3.26373e-18	2.72407e-19	2.17313e-20	1.66197e-21	1.22183e-22	8.6558e-24	5.92212e-25	3.92095e-26	2.51679e-27	1.56881e-28	9.51109e-30	5.61616e-31	3.23417e-32	1.81855e-33	9.99562e-35	5.37609e-36	2.83213e-37	1.46265e-38	7.41163e-40	3.68783e-41	1.80315e-42	8.66959e-44	4.10156e-45	1.91051e-46	8.76699e-48	3.9654e-49	1.76881e-50	7.78472e-52	3.382e-53	1.45097e-54	
4.26088e-55	1.76755e-56	7.25019e-58	2.94161e-59	1.18093e-60	4.69252e-62	1.8466e-63	3.80926e-64	1.52805e-61	5.86997e-59	1.82315e-56	4.70465e-54	1.0287e-51	1.93421e-49	3.16295e-47	4.5385e-45	5.7548e-43	6.48477e-41	6.52322e-39	5.87878e-37	4.75975e-35	3.46955e-33	2.28042e-31	1.35279e-29	7.24639e-28	3.50487e-26	1.52987e-24	6.02037e-23	2.13261e-21	6.7859e-20	1.93436e-18	4.92297e-17	1.11396e-15	2.22979e-14	3.92417e-13	6.02714e-12	8.00744e-11	9.10477e-10	8.74877e-09	7.00118e-08	4.5921e-07	2.43203e-06	1.03102e-05	3.51125e-05	9.66159e-05	0.000206876	0.000328974	0.000561704	0.00110417	0.00173645	0.00141696	0.000833025	0.000474834	0.00029628	0.000161501	7.22037e-05	2.68094e-05	8.38074e-06	2.22973e-06	5.109e-07	1.02143e-07	1.80539e-08	2.8561e-09	4.08905e-10	5.34996e-11	6.45136e-12	7.22328e-13	7.55781e-14	7.43153e-15	6.90116e-16	6.07876e-17	5.09832e-18	4.08551e-19	3.13761e-20	2.31568e-21	1.64649e-22	1.13035e-23	7.50793e-25	4.83379e-26	3.02168e-27	1.83687e-28	1.08741e-29	6.27724e-31	3.53776e-32	1.94878e-33	1.05032e-34	5.5441e-36	2.86868e-37	1.45627e-38	7.25858e-40	3.55496e-41	1.71196e-42	8.11162e-44	3.78396e-45	1.73885e-46	7.8757e-48	3.51765e-49	1.55012e-50	6.74255e-52	2.89616e-53	
7.93415e-54	3.29515e-55	1.35312e-56	5.49591e-58	2.20868e-59	8.78529e-61	3.47075e-62	5.7368e-62	2.21468e-59	7.08439e-57	1.88439e-54	4.25081e-52	8.25326e-50	1.39502e-47	2.07119e-45	2.72048e-43	3.17935e-41	3.32118e-39	3.11248e-37	2.62445e-35	1.99556e-33	1.37058e-31	8.51228e-30	4.7837e-28	2.43294e-26	1.11949e-24	4.65693e-23	1.74918e-21	5.92207e-20	1.80311e-18	4.92297e-17	1.201e-15	2.60666e-14	5.00691e-13	8.45772e-12	1.2469e-10	1.5898e-09	1.73394e-08	1.5969e-07	1.22332e-06	7.66855e-06	3.87389e-05	0.000156365	0.000506949	0.00133329	0.00275501	0.00428005	0.00704069	0.0131751	0.0199804	0.0164288	0.00994198	0.00590013	0.0038004	0.00212269	0.000974261	0.000372282	0.000119713	3.26764e-05	7.65565e-06	1.56e-06	2.80264e-07	4.49646e-08	6.51672e-09	8.61833e-10	1.0492e-10	1.18479e-11	1.2492e-12	1.2369e-13	1.15592e-14	1.0241e-15	8.63517e-17	6.95393e-18	5.36497e-19	3.97641e-20	2.83852e-21	1.95593e-22	1.30367e-23	8.42078e-25	5.28016e-26	3.2191e-27	1.91091e-28	1.10596e-29	6.24837e-31	3.44996e-32	1.86354e-33	9.85749e-35	5.11085e-36	2.59949e-37	1.29807e-38	6.36866e-40	3.07213e-41	1.458e-42	6.81198e-44	3.135e-45	1.42197e-46	6.35996e-48	2.80637e-49	1.22226e-50	5.25658e-52	
1.33703e-52	5.5596e-54	2.28568e-55	9.29424e-57	3.73926e-58	1.48893e-59	6.05436e-61	7.53484e-60	2.47332e-57	6.77667e-55	1.57594e-52	3.15712e-50	5.51114e-48	8.45873e-46	1.14976e-43	1.39207e-41	1.50833e-39	1.46807e-37	1.28742e-35	1.0196e-33	7.30562e-32	4.7418e-30	2.79019e-28	1.48893e-26	7.20482e-25	3.15974e-23	1.25469e-21	4.50462e-20	1.45941e-18	4.25623e-17	1.11396e-15	2.60666e-14	5.42873e-13	1.00078e-11	1.62242e-10	2.2948e-09	2.80532e-08	2.93061e-07	2.58124e-06	1.88718e-05	0.000112591	0.000539535	0.00205917	0.00630388	0.0157071	0.031054	0.0468247	0.073625	0.1296	0.187703	0.156538	0.0987244	0.0615765	0.0411823	0.0237543	0.0112949	0.00448145	0.00149397	0.000421031	0.000101365	2.11343e-05	3.87112e-06	6.31393e-07	9.28163e-08	1.24276e-08	1.5295e-09	1.74392e-10	1.85469e-11	1.85078e-12	1.74188e-13	1.5532e-14	1.31741e-15	1.06668e-16	8.27084e-18	6.15873e-19	4.41537e-20	3.05476e-21	2.04375e-22	1.32478e-23	8.33447e-25	5.09707e-26	3.03462e-27	1.76121e-28	9.97661e-30	5.52223e-31	2.98999e-32	1.58518e-33	8.23641e-35	4.19783e-36	2.10032e-37	1.0324e-38	4.98905e-40	2.37183e-41	1.10998e-42	5.11643e-44	2.32424e-45	1.04108e-46	4.60031e-48	2.0063e-49	8.63984e-51	
