0	0	0	0	0	0	0	0	0	0	0	0	0	0	0	0	0	0	0	0	0	0	0	0	0	0	0	0	0	0	0	0	0	0	0	0	0	0	0	0	0	0	0	0	0	0	0	0	0	0	0	0	0	0	0	0	0	0	0	0	0	0	0	0	0	0	0	0	0	0	0	0	0	0	0	0	0	0	0	0	0	0	0	0	0	0	0	0	0	0	0	0	0	0	0	0	0	0	0	0	
0	0	0	0	0	0	0	0	0	0	0	0	0	0	0	0	0	0	0	0	0	0	0	0	0	0	0	0	0	0	0	0	0	0	0	0	0	0	0	0	0	0	0	0	0	0	0	0	0	0	0	0	0	0	0	0	0	0	0	0	0	0	0	0	0	0	0	0	0	0	0	0	0	0	0	0	0	0	0	0	0	0	0	0	0	0	0	0	0	0	0	0	0	0	0	0	0	0	0	0	
0	0	0	0	0	0	0	0	0	0	0	0	0	0	0	0	0	0	0	0	0	0	0	0	0	0	0	0	0	0	0	0	0	0	0	0	0	0	0	0	0	0	0	0	0	0	0	0	0	0	0	0	0	0	0	0	0	0	0	0	0	0	0	0	0	0	0	0	0	0	0	0	0	0	0	0	0	0	0	0	0	0	0	0	0	0	0	0	0	0	0	0	0	0	0	0	0	0	0	0	
0	0	0	0	0	0	0	0	0	0	0	0	0	0	0	0	0	0	0	0	0	0	0	0	0	0	0	0	0	0	0	0	0	0	0	0	0	0	0	0	0	0	0	0	0	0	0	0	0	0	0	0	0	0	0	0	0	0	0	0	0	0	0	0	0	0	0	0	0	0	0	0	0	0	0	0	0	0	0	0	0	0	0	0	0	0	0	0	0	0	0	0	0	0	0	0	0	0	0	0	
0	0	0	0	0	0	0	0	0	0	0	0	0	0	0	0	0	0	0	0	0	0	0	0	0	0	0	0	0	0	0	0	0	0	0	0	0	0	0	0	0	0	0	0	0	0	0	0	0	0	0	0	0	0	0	0	0	0	0	0	0	0	0	0	0	0	0	0	0	0	0	0	0	0	0	0	0	0	0	0	0	0	0	0	0	0	0	0	0	0	0	0	0	0	0	0	0	0	0	0	
0	0	0	0	0	0	0	0	0	0	0	0	0	0	0	0	0	0	0	0	0	0	0	0	0	0	0	0	0	0	0	0	0	0	0	0	0	0	0	0	0	0	0	0	0	0	0	0	0	0	0	0	0	0	0	0	0	0	0	0	0	0	0	0	0	0	0	0	0	0	0	0	0	0	0	0	0	0	0	0	0	0	0	0	0	0	0	0	0	0	0	0	0	0	0	0	0	0	0	0	
0	0	0	0	0	0	0	0	0	0	0	0	0	0	0	0	0	0	0	0	0	0	0	0	0	0	0	0	0	0	0	0	0	0	0	0	0	0	0	0	0	0	0	0	0	0	0	0	0	0	0	0	0	0	0	0	0	0	0	0	0	0	0	0	0	0	0	0	0	0	0	0	0	0	0	0	0	0	0	0	0	0	0	0	0	0	0	0	0	0	0	0	0	0	0	0	0	0	0	0	
0	0	0	0	0	0	0	0	0	0	0	0	0	0	0	0	0	0	0	0	0	0	0	0	0	0	0	0	0	0	0	0	0	0	0	0	0	0	0	0	0	0	0	0	0	0	0	0	0	0	0	0	0	0	0	0	0	0	0	0	0	0	0	0	0	0	0	0	0	0	0	0	0	0	0	0	0	0	0	0	0	0	0	0	0	0	0	0	0	0	0	0	0	0	0	0	0	0	0	0	
0	0	0	0	0	0	0	0	0	0	0	0	0	0	0	0	0	0	0	0	0	0	0	0	0	0	0	0	0	0	0	0	0	0	0	0	0	0	0	0	0	0	0	0	0	0	0	0	0	0	0	0	0	0	0	0	0	0	0	0	0	0	0	0	0	0	0	0	0	0	0	0	0	0	0	0	0	0	0	0	0	0	0	0	0	0	0	0	0	0	0	0	0	0	0	0	0	0	0	0	
0	0	0	0	0	0	0	0	0	0	0	0	0	0	0	0	0	0	0	0	0	0	0	0	0	0	0	0	0	0	0	0	0	0	0	0	0	0	0	0	0	0	0	0	0	0	0	0	0	0	0	0	0	0	0	0	0	0	0	0	0	0	0	0	0	0	0	0	0	0	0	0	0	0	0	0	0	0	0	0	0	0	0	0	0	0	0	0	0	0	0	0	0	0	0	0	0	0	0	0	
0	0	0	0	0	0	0	0	0	0	0	0	0	0	0	0	0	0	0	0	0	0	0	0	0	0	0	0	0	0	0	0	0	0	0	0	0	0	0	0	0	0	0	0	0	0	0	0	0	0	0	0	0	0	0	0	0	0	0	0	0	0	0	0	0	0	0	0	0	0	0	0	0	0	0	0	0	0	0	0	0	0	0	0	0	0	0	0	0	0	0	0	0	0	0	0	0	0	0	0	
0	0	0	0	0	0	0	0	0	0	0	0	0	0	0	0	0	0	0	0	0	0	0	0	0	0	0	0	0	0	0	0	0	0	0	0	0	0	0	0	0	0	0	0	0	0	0	0	0	0	0	0	0	0	0	0	0	0	0	0	0	0	0	0	0	0	0	0	0	0	0	0	0	0	0	0	0	0	0	0	0	0	0	0	0	0	0	0	0	0	0	0	0	0	0	0	0	0	0	0	
0	0	0	0	0	0	0	0	0	0	0	0	0	0	0	0	0	0	0	0	0	0	0	0	0	0	0	0	0	0	0	0	0	0	0	0	0	0	0	0	0	0	0	0	0	0	0	0	0	0	0	0	0	0	0	0	0	0	0	0	0	0	0	0	0	0	0	0	0	0	0	0	0	0	0	0	0	0	0	0	0	0	0	0	0	0	0	0	0	0	0	0	0	0	0	0	0	0	0	0	
0	0	0	0	0	0	0	0	0	0	0	0	0	0	0	0	0	0	0	0	0	0	0	0	0	0	0	0	0	0	0	0	0	0	0	0	0	0	0	0	0	0	0	0	0	0	0	0	0	0	0	0	0	0	0	0	0	0	0	0	0	0	0	0	0	0	0	0	0	0	0	0	0	0	0	0	0	0	0	0	0	0	0	0	0	0	0	0	0	0	0	0	0	0	0	0	0	0	0	0	
0	0	0	0	0	0	0	0	0	0	0	0	0	0	0	0	0	0	0	0	0	0	0	0	0	0	0	0	0	0	0	0	0	0	0	0	0	0	0	0	0	0	0	0	0	0	0	0	0	0	0	0	0	0	0	0	0	0	0	0	0	0	0	0	0	0	0	0	0	0	0	0	0	0	0	0	0	0	0	0	0	0	0	0	0	0	0	0	0	0	0	0	0	0	0	0	0	0	0	0	
0	0	0	0	0	0	0	0	0	0	0	0	0	0	0	0	0	0	0	0	0	0	0	0	0	0	0	0	0	0	0	0	0	0	0	0	0	0	0	0	0	0	0	0	0	0	0	0	0	0	0	0	0	0	0	0	0	0	0	0	0	0	0	0	0	0	0	0	0	0	0	0	0	0	0	0	0	0	0	0	0	0	0	0	0	0	0	0	0	0	0	0	0	0	0	0	0	0	0	0	
0	0	0	0	0	0	0	0	0	0	0	0	0	0	0	0	0	0	0	0	0	0	0	0	0	0	0	0	0	0	0	0	0	0	0	0	0	0	0	0	0	0	0	0	0	0	0	0	0	0	0	0	0	0	0	0	0	0	0	0	0	0	0	0	0	0	0	0	0	0	0	0	0	0	0	0	0	0	0	0	0	0	0	0	0	0	0	0	0	0	0	0	0	0	0	0	0	0	0	0	
0	0	0	0	0	0	0	0	0	0	0	0	0	0	0	0	0	0	0	0	0	0	0	0	0	0	0	0	0	0	0	0	0	0	0	0	0	0	0	0	0	0	0	0	0	0	0	0	0	0	0	0	0	0	0	0	0	0	0	0	0	0	0	0	0	0	0	0	0	0	0	0	0	0	0	0	0	0	0	0	0	0	0	0	0	0	0	0	0	0	0	0	0	0	0	0	0	0	0	0	
0	0	0	0	0	0	0	0	0	0	0	0	0	0	0	0	0	0	0	0	0	0	0	0	0	0	0	0	0	0	0	0	0	0	0	0	0	0	0	0	0	0	0	0	0	0	0	0	0	0	0	0	0	0	0	0	0	0	0	0	0	0	0	0	0	0	0	0	0	0	0	0	0	0	0	0	0	0	0	0	0	0	0	0	0	0	0	0	0	0	0	0	0	0	0	0	0	0	0	0	
0	0	0	0	0	0	0	0	0	0	0	0	0	0	0	0	0	0	0	0	0	0	0	0	0	0	0	0	0	0	0	0	0	0	0	0	0	0	0	0	0	0	0	0	0	0	0	0	0	1.04858e-34	4.1943e-35	8.80804e-36	1.29185e-36	1.48562e-37	1.4262e-38	1.1885e-39	8.82884e-41	5.95947e-42	3.70811e-43	2.15071e-44	1.17311e-45	6.06108e-47	2.98392e-48	1.4067e-49	6.37706e-51	2.78996e-52	1.18163e-53	4.85782e-55	1.94313e-56	7.57819e-58	2.88693e-59	1.07604e-60	3.92988e-62	1.40821e-63	4.95689e-65	1.71584e-66	5.84658e-68	1.96278e-69	6.49748e-71	2.12251e-72	6.84681e-74	2.18242e-75	6.87793e-77	2.1443e-78	6.61669e-80	2.02177e-81	6.11994e-83	1.83598e-84	5.46087e-86	1.61096e-87	4.71499e-89	1.36959e-90	3.94952e-92	1.131e-93	3.21707e-95	9.09171e-97	2.55342e-98	7.12829e-100	1.97846e-101	0	
0	0	0	0	0	0	0	0	0	0	0	0	0	0	0	0	0	0	0	0	0	0	0	0	0	0	0	0	0	0	0	0	0	0	0	0	0	0	0	0	0	0	0	0	0	1.04858e-34	1.46801e-34	1.55609e-34	2.25405e-33	9.88983e-32	3.9495e-32	8.40703e-33	1.36627e-33	2.96069e-34	6.55481e-35	1.13756e-35	1.53852e-36	1.6968e-37	1.58918e-38	1.30325e-39	9.57382e-41	6.40969e-42	3.96345e-43	2.28754e-44	1.24282e-45	6.40029e-47	3.1423e-48	1.47793e-49	6.68654e-51	2.92027e-52	1.23493e-53	5.07007e-55	2.02558e-56	7.89122e-58	3.00324e-59	1.1184e-60	4.0813e-62	1.46139e-63	5.14059e-65	1.77832e-66	6.05598e-68	2.03199e-69	6.72324e-71	2.19524e-72	7.07834e-74	2.2553e-75	7.10491e-77	2.21426e-78	6.83028e-80	2.08636e-81	6.31357e-83	1.89353e-84	5.63051e-86	1.66057e-87	4.85903e-89	1.4111e-90	4.06832e-92	1.16477e-93	3.31246e-95	0	
0	0	0	0	0	0	0	0	0	0	0	0	0	0	0	0	0	0	0	0	0	0	0	0	0	0	0	0	0	0	0	0	0	0	0	0	0	0	0	0	0	0	0	1.04858e-34	2.24395e-33	1.00994e-31	1.40333e-31	1.68506e-31	2.01796e-30	4.43197e-29	1.76767e-29	3.82079e-30	6.87631e-31	2.09635e-31	5.50362e-32	1.02637e-32	1.45163e-33	1.66285e-34	1.61511e-35	1.37311e-36	1.04536e-37	7.24877e-39	4.63853e-40	2.76758e-41	1.55255e-42	8.2451e-44	4.16904e-45	2.01682e-46	9.37313e-48	4.19984e-49	1.81995e-50	7.64782e-52	3.12397e-53	1.24304e-54	4.82712e-56	1.83253e-57	6.81125e-59	2.48205e-60	8.87851e-62	3.12105e-63	1.07929e-64	3.67499e-66	1.23319e-67	4.08128e-69	1.33314e-70	4.30083e-72	1.3712e-73	4.32279e-75	1.34827e-76	4.16251e-78	1.27261e-79	3.85469e-81	1.1572e-82	3.44442e-84	1.01688e-85	2.97857e-87	8.65906e-89	2.4991e-90	7.16252e-92	0	
0	0	0	0	0	0	0	0	0	0	0	0	0	0	0	0	0	0	0	0	0	0	0	0	0	0	0	0	0	0	0	0	0	0	0	0	0	0	0	0	0	0	2.20201e-33	1.20908e-31	2.02842e-30	4.62065e-29	6.38541e-29	8.41957e-29	8.56329e-28	1.25482e-26	5.00061e-27	1.09974e-27	2.19014e-28	8.3471e-29	2.36177e-29	4.56324e-30	6.65334e-31	7.86073e-32	7.87791e-33	6.90695e-34	5.41591e-35	3.86145e-36	2.53578e-37	1.54961e-38	8.88641e-40	4.81561e-41	2.4805e-42	1.22055e-43	5.7617e-45	2.61899e-46	1.15e-47	4.89187e-49	2.02088e-50	8.12557e-52	3.18615e-53	1.22051e-54	4.57474e-56	1.68018e-57	6.05436e-59	2.14295e-60	7.45846e-62	2.55506e-63	8.62286e-65	2.86917e-66	9.4198e-68	3.05357e-69	9.77984e-71	3.0965e-72	9.69763e-74	3.00563e-75	9.22334e-77	2.8036e-78	8.44498e-80	2.52177e-81	7.46781e-83	2.19387e-84	6.39584e-86	1.8509e-87	5.31847e-89	0	
0	0	0	0	0	0	0	0	0	0	0	0	0	0	0	0	0	0	0	0	0	0	0	0	0	0	0	0	0	0	0	0	0	0	0	0	0	0	0	0	0	2.2125e-32	2.10861e-30	6.31078e-29	8.69029e-28	1.33535e-26	1.83812e-26	2.60007e-26	2.2898e-25	2.5176e-24	1.00294e-24	2.24919e-25	4.95221e-26	2.21334e-26	6.53345e-27	1.2956e-27	1.94182e-28	2.36252e-29	2.43793e-30	2.19756e-31	1.76767e-32	1.2897e-33	8.64589e-35	5.38153e-36	3.13705e-37	1.72499e-38	9.00199e-40	4.48156e-41	2.13791e-42	9.81046e-44	4.34495e-45	1.86273e-46	7.75006e-48	3.1365e-49	1.23724e-50	4.76562e-52	1.79535e-53	6.62494e-55	2.39768e-56	8.5212e-58	2.97703e-59	1.02347e-60	3.46551e-62	1.15671e-63	3.80876e-65	1.23808e-66	3.97561e-68	1.26187e-69	3.96113e-71	1.23041e-72	3.78367e-74	1.15241e-75	3.47788e-77	1.04041e-78	3.08634e-80	9.08193e-82	2.65185e-83	7.68582e-85	2.21165e-86	0	
0	0	0	0	0	0	0	0	0	0	0	0	0	0	0	0	0	0	0	0	0	0	0	0	0	0	0	0	0	0	0	0	0	0	0	0	0	0	0	0	1.41558e-31	1.94066e-29	9.47081e-28	2.01276e-26	2.34577e-25	2.73411e-24	3.75295e-24	5.59198e-24	4.32609e-23	3.80515e-22	1.51619e-22	3.47606e-23	8.45302e-24	4.25725e-24	1.29178e-24	2.62104e-25	4.03693e-26	5.05574e-27	5.36466e-28	4.96022e-29	4.08071e-30	3.03638e-31	2.07057e-32	1.30805e-33	7.72417e-35	4.29562e-36	2.26411e-37	1.13713e-38	5.46721e-40	2.52641e-41	1.12597e-42	4.85465e-44	2.03025e-45	8.2552e-47	3.27038e-48	1.26466e-49	4.78168e-51	1.77039e-52	6.42728e-54	2.29082e-55	8.02497e-57	2.76583e-58	9.38732e-60	3.14022e-61	1.03615e-62	3.37472e-64	1.08567e-65	3.45196e-67	1.0854e-68	3.37679e-70	1.03996e-71	3.17195e-73	9.58566e-75	2.87128e-76	8.52801e-78	2.51243e-79	7.34437e-81	2.13091e-82	6.13812e-84	0	
0	0	0	0	0	0	0	0	0	0	0	0	0	0	0	0	0	0	0	0	0	0	0	0	0	0	0	0	0	0	0	0	0	0	0	0	0	0	0	6.47496e-31	1.16012e-28	8.01153e-27	2.65614e-25	4.43784e-24	4.47316e-23	4.2163e-22	5.77524e-22	8.932e-22	6.13678e-21	4.49587e-20	1.793e-20	4.21444e-21	1.13067e-21	6.24563e-22	1.93292e-22	4.01016e-23	6.35132e-24	8.18788e-25	8.92476e-26	8.44889e-27	7.09268e-28	5.36891e-29	3.71495e-30	2.37627e-31	1.4183e-32	7.96099e-34	4.2301e-35	2.13968e-36	1.03524e-37	4.81077e-39	2.15489e-40	9.33312e-42	3.91928e-43	1.59961e-44	6.3588e-46	2.46672e-47	9.35383e-49	3.47254e-50	1.26384e-51	4.51509e-53	1.58512e-54	5.47431e-56	1.86155e-57	6.2384e-59	2.06191e-60	6.72635e-62	2.16718e-63	6.9006e-65	2.17272e-66	6.76826e-68	2.08701e-69	6.373e-71	1.92808e-72	5.78153e-74	1.71894e-75	5.06912e-77	1.48321e-78	4.30729e-80	1.24178e-81	0	
0	0	0	0	0	0	0	0	0	0	0	0	0	0	0	0	0	0	0	0	0	0	0	0	0	0	0	0	0	0	0	0	0	0	0	0	0	0	2.25328e-30	4.98375e-28	4.47046e-26	2.06927e-24	5.22096e-23	7.22954e-22	6.4035e-21	5.08172e-20	6.94832e-20	1.10192e-19	6.78002e-19	4.2528e-18	1.69893e-18	4.10745e-19	1.2143e-19	7.21554e-20	2.26754e-20	4.81285e-21	7.84762e-22	1.04166e-22	1.16539e-23	1.12793e-24	9.64498e-26	7.4138e-27	5.19619e-28	3.35998e-29	2.02409e-30	1.14523e-31	6.1276e-33	3.11844e-34	1.51696e-35	7.08343e-37	3.18666e-38	1.3856e-39	5.83935e-41	2.39102e-42	9.53329e-44	3.70838e-45	1.4098e-46	5.24618e-48	1.91357e-49	6.85034e-51	2.4096e-52	8.33676e-54	2.83976e-55	9.53187e-57	3.15525e-58	1.03078e-59	3.32564e-61	1.0603e-62	3.34256e-64	1.04247e-65	3.21807e-67	9.8374e-69	2.97924e-70	8.94229e-72	2.66118e-73	7.85484e-75	2.30029e-76	6.6857e-78	1.92899e-79	0	
0	0	0	0	0	0	0	0	0	0	0	0	0	0	0	0	0	0	0	0	0	0	0	0	0	0	0	0	0	0	0	0	0	0	0	0	0	6.19803e-30	1.62993e-27	1.79954e-25	1.07617e-23	3.74894e-22	7.64939e-21	9.06152e-20	7.13798e-19	4.90232e-18	6.69132e-18	1.07693e-17	5.97189e-17	3.27169e-16	1.31046e-16	3.27093e-17	1.06424e-17	6.70513e-18	2.13413e-18	4.64035e-19	7.80163e-20	1.06666e-20	1.22413e-21	1.20989e-22	1.05244e-23	8.20409e-25	5.81739e-26	3.79863e-27	2.30747e-28	1.31497e-29	7.08e-31	3.62305e-32	1.77109e-33	8.30644e-35	3.75169e-36	1.63716e-37	6.92215e-39	2.84294e-40	1.13666e-41	4.43289e-43	1.68926e-44	6.30007e-46	2.30276e-47	8.25964e-49	2.91063e-50	1.00876e-51	3.44173e-53	1.15702e-54	3.83554e-56	1.25476e-57	4.05357e-59	1.294e-60	4.08416e-62	1.27521e-63	3.94081e-65	1.20593e-66	3.65579e-68	1.09835e-69	3.27163e-71	9.66518e-73	2.83285e-74	8.2403e-76	2.37938e-77	0	
0	0	0	0	0	0	0	0	0	0	0	0	0	0	0	0	0	0	0	0	0	0	0	0	0	0	0	0	0	0	0	0	0	0	0	0	1.38186e-29	4.20812e-27	5.51479e-25	4.04839e-23	1.81348e-21	5.06159e-20	8.67002e-19	8.97064e-18	6.34181e-17	3.84504e-16	5.23763e-16	8.47885e-16	4.25732e-15	2.06764e-14	8.31362e-15	2.15148e-15	7.69394e-16	5.08309e-16	1.63627e-16	3.652e-17	6.34257e-18	8.93706e-19	1.05165e-19	1.06054e-20	9.37544e-22	7.40503e-23	5.30807e-24	3.4978e-25	2.14133e-26	1.22853e-27	6.6537e-29	3.42271e-30	1.68097e-31	7.91691e-33	3.58937e-34	1.57177e-35	6.66684e-37	2.74612e-38	1.10093e-39	4.30436e-41	1.64413e-42	6.14522e-44	2.25078e-45	8.08879e-47	2.85562e-48	9.91392e-50	3.38798e-51	1.1407e-52	3.78698e-54	1.2406e-55	4.01312e-57	1.2827e-58	4.05338e-60	1.26705e-61	3.91994e-63	1.20081e-64	3.64396e-66	1.09586e-67	3.26727e-69	9.66099e-71	2.83408e-72	8.25076e-74	2.38429e-75	0	
0	0	0	0	0	0	0	0	0	0	0	0	0	0	0	0	0	0	0	0	0	0	0	0	0	0	0	0	0	0	0	0	0	0	0	2.54018e-29	8.78509e-27	1.33177e-24	1.15862e-22	6.35517e-21	2.27137e-19	5.28062e-18	7.78479e-17	7.13643e-16	4.55885e-15	2.47656e-14	3.36496e-14	5.43608e-14	2.47944e-13	1.0797e-12	4.36427e-13	1.17678e-13	4.61911e-14	3.17231e-14	1.03218e-14	2.37091e-15	4.2627e-16	6.1945e-17	7.47239e-18	7.6843e-19	6.8995e-20	5.51849e-21	3.99717e-22	2.6572e-23	1.63901e-24	9.46521e-26	5.15601e-27	2.66595e-28	1.31536e-29	6.22091e-31	2.83119e-32	1.24409e-33	5.29388e-35	2.18706e-36	8.79216e-38	3.44633e-39	1.31955e-40	4.9431e-42	1.8143e-43	6.53314e-45	2.31074e-46	8.03646e-48	2.75098e-49	9.27705e-51	3.08452e-52	1.01193e-53	3.27791e-55	1.04908e-56	3.31928e-58	1.03882e-59	3.21754e-61	9.86725e-63	2.99746e-64	9.02349e-66	2.69295e-67	7.97027e-69	2.34022e-70	6.81894e-72	1.97216e-73	0	
0	0	0	0	0	0	0	0	0	0	0	0	0	0	0	0	0	0	0	0	0	0	0	0	0	0	0	0	0	0	0	0	0	0	3.89494e-29	1.50727e-26	2.59307e-24	2.60683e-22	1.69199e-20	7.38772e-19	2.1911e-17	4.35528e-16	5.62301e-15	4.61317e-14	2.67619e-13	1.31742e-12	1.78413e-12	2.85592e-12	1.18545e-11	4.66909e-11	1.90074e-11	5.37069e-12	2.31058e-12	1.63823e-12	5.38814e-13	1.27794e-13	2.38451e-14	3.57682e-15	4.42316e-16	4.63715e-17	4.22756e-18	3.42349e-19	2.50534e-20	1.68008e-21	1.04414e-22	6.06979e-24	3.32581e-25	1.72866e-26	8.56945e-28	4.0703e-29	1.85971e-30	8.20151e-32	3.50158e-33	1.45107e-34	5.85021e-36	2.2993e-37	8.82576e-39	3.31396e-40	1.21904e-41	4.39881e-43	1.5589e-44	5.43176e-46	1.86264e-47	6.29186e-49	2.09531e-50	6.88445e-52	2.23329e-53	7.15742e-55	2.26759e-56	7.10575e-58	2.20352e-59	6.76541e-61	2.05748e-62	6.20042e-64	1.85234e-65	5.48778e-67	1.61285e-68	4.70386e-70	1.36164e-71	0	
0	0	0	0	0	0	0	0	0	0	0	0	0	0	0	0	0	0	0	0	0	0	0	0	0	0	0	0	0	0	0	0	0	5.01939e-29	2.14838e-26	4.13363e-24	4.71262e-22	3.53096e-20	1.82163e-18	6.58585e-17	1.66432e-15	2.88089e-14	3.29828e-13	2.43878e-12	1.28903e-11	5.80029e-11	7.82166e-11	1.23249e-10	4.65789e-10	1.67033e-09	6.86421e-10	2.04611e-10	9.63388e-11	7.01268e-11	2.33306e-11	5.73706e-12	1.11417e-12	1.72707e-13	2.19007e-14	2.34088e-15	2.16707e-16	1.77697e-17	1.31408e-18	8.89131e-20	5.56892e-21	3.25957e-22	1.79694e-23	9.39136e-25	4.67876e-26	2.2324e-27	1.02422e-28	4.53419e-30	1.94269e-31	8.07707e-33	3.26633e-34	1.28742e-35	4.95491e-37	1.86517e-38	6.87717e-40	2.48709e-41	8.83251e-43	3.08366e-44	1.05943e-45	3.58505e-47	1.19592e-48	3.9357e-50	1.27869e-51	4.10406e-53	1.30206e-54	4.08563e-56	1.2686e-57	3.89974e-59	1.18738e-60	3.58236e-62	1.07138e-63	3.17742e-65	9.34785e-67	2.72895e-68	7.90688e-70	0	
0	0	0	0	0	0	0	0	0	0	0	0	0	0	0	0	0	0	0	0	0	0	0	0	0	0	0	0	0	0	0	0	5.45968e-29	2.56085e-26	5.44817e-24	6.94361e-22	5.89593e-20	3.50779e-18	1.49627e-16	4.59952e-15	1.00901e-13	1.54122e-12	1.57878e-11	1.05706e-10	5.09914e-10	2.11103e-09	2.83128e-09	4.36456e-09	1.50026e-08	4.92161e-08	2.04794e-08	6.49128e-09	3.33965e-09	2.48467e-09	8.37284e-10	2.14553e-10	4.35146e-11	6.98038e-12	9.08287e-13	9.90263e-14	9.3131e-15	7.73629e-16	5.78398e-17	3.95061e-18	2.49487e-19	1.47098e-20	8.16232e-22	4.29103e-23	2.14922e-24	1.03047e-25	4.74894e-27	2.11101e-28	9.07914e-30	3.78814e-31	1.53694e-32	6.07643e-34	2.34535e-35	8.8523e-37	3.27223e-38	1.1862e-39	4.22207e-41	1.47716e-42	5.08517e-44	1.72408e-45	5.76166e-47	1.89939e-48	6.18116e-50	1.987e-51	6.31339e-53	1.98386e-54	6.16834e-56	1.89866e-57	5.78824e-59	1.74843e-60	5.23511e-62	1.55432e-63	4.57764e-65	1.33775e-66	3.87981e-68	0	
0	0	0	0	0	0	0	0	0	0	0	0	0	0	0	0	0	0	0	0	0	0	0	0	0	0	0	0	0	0	0	5.01939e-29	2.56085e-26	5.96989e-24	8.41107e-22	7.98086e-20	5.37763e-18	2.64276e-16	9.57105e-15	2.54864e-13	4.91874e-12	6.69315e-11	6.17278e-10	3.75245e-09	1.65203e-08	6.32191e-08	8.42138e-08	1.26241e-07	3.93598e-07	1.1847e-06	5.01204e-07	1.70536e-07	9.57117e-08	7.25195e-08	2.48058e-08	6.66614e-09	1.41755e-09	2.35766e-10	3.1515e-11	3.50805e-12	3.35469e-13	2.82553e-14	2.13749e-15	1.47491e-16	9.39797e-18	5.58522e-19	3.1213e-20	1.65146e-21	8.31978e-23	4.01024e-24	1.85712e-25	8.2923e-27	3.58114e-28	1.4999e-29	6.10711e-31	2.4225e-32	9.37915e-34	3.55033e-35	1.31594e-36	4.78252e-38	1.70635e-39	5.98354e-41	2.06427e-42	7.01295e-44	2.34817e-45	7.75519e-47	2.52816e-48	8.14053e-50	2.59063e-51	8.15285e-53	2.53861e-54	7.82485e-56	2.38864e-57	7.22445e-59	2.16577e-60	6.43778e-62	1.89814e-63	5.55306e-65	1.6122e-66	0	
0	0	0	0	0	0	0	0	0	0	0	0	0	0	0	0	0	0	0	0	0	0	0	0	0	0	0	0	0	0	3.89494e-29	2.14838e-26	5.44817e-24	8.41107e-22	8.82153e-20	6.64018e-18	3.69366e-16	1.53972e-14	4.82352e-13	1.1276e-11	1.93284e-10	2.35839e-09	1.96579e-08	1.08585e-07	4.35444e-07	1.54465e-06	2.04043e-06	2.95671e-06	8.32085e-06	2.30026e-05	9.95017e-06	3.67614e-06	2.2467e-06	1.72874e-06	6.02167e-07	1.71075e-07	3.83248e-08	6.6254e-09	9.11439e-10	1.03749e-10	1.0103e-11	8.63951e-13	6.62104e-14	4.62041e-15	2.97338e-16	1.78267e-17	1.0041e-18	5.35032e-20	2.71271e-21	1.31519e-22	6.12308e-24	2.7474e-25	1.19184e-26	5.01259e-28	2.04883e-29	8.15613e-31	3.16833e-32	1.20306e-33	4.47216e-35	1.62977e-36	5.8298e-38	2.04925e-39	7.08591e-41	2.4125e-42	8.09439e-44	2.67849e-45	8.74789e-47	2.82172e-48	8.99482e-50	2.83524e-51	8.84171e-53	2.72929e-54	8.34313e-56	2.52676e-57	7.58451e-59	2.25728e-60	6.66333e-62	1.95159e-63	5.67213e-65	0	
0	0	0	0	0	0	0	0	0	0	0	0	0	0	0	0	0	0	0	0	0	0	0	0	0	0	0	0	0	2.54018e-29	1.50727e-26	4.13363e-24	6.94361e-22	7.98086e-20	6.64018e-18	4.12543e-16	1.94563e-14	7.00951e-13	1.92497e-11	3.98798e-10	6.11048e-09	6.71181e-08	5.0644e-07	2.53886e-06	9.23337e-06	3.03874e-05	3.97317e-05	5.53179e-05	0.00013945	0.000353563	0.000157641	6.41322e-05	4.25973e-05	3.32154e-05	1.18383e-05	3.5924e-06	8.52785e-07	1.53765e-07	2.18298e-08	2.54731e-09	2.53147e-10	2.20206e-11	1.71245e-12	1.21027e-13	7.87559e-15	4.76844e-16	2.70948e-17	1.45511e-18	7.43004e-20	3.62543e-21	1.69773e-22	7.65834e-24	3.33851e-25	1.41042e-26	5.78887e-28	2.31336e-29	9.01863e-31	3.43591e-32	1.28122e-33	4.68269e-35	1.67961e-36	5.91922e-38	2.05171e-39	7.00131e-41	2.35415e-42	7.80598e-44	2.55436e-45	8.25454e-47	2.63592e-48	8.32251e-50	2.59952e-51	8.0365e-53	2.46025e-54	7.46138e-56	2.24266e-57	6.68311e-59	1.97524e-60	5.79203e-62	1.6853e-63	0	
0	0	0	0	0	0	0	0	0	0	0	0	0	0	0	0	0	0	0	0	0	0	0	0	0	0	0	0	1.38186e-29	8.78509e-27	2.59307e-24	4.71262e-22	5.89593e-20	5.37763e-18	3.69366e-16	1.94563e-14	7.92807e-13	2.502e-11	6.08074e-10	1.12346e-08	1.54428e-07	1.52894e-06	1.04345e-05	4.7307e-05	0.000154848	0.000471989	0.000609514	0.000810311	0.00180921	0.00418659	0.00194731	0.000887567	0.000639266	0.000504452	0.000185288	6.0874e-05	1.54248e-05	2.91511e-06	4.28878e-07	5.14895e-08	5.23819e-09	4.64719e-10	3.67515e-11	2.63533e-12	1.73667e-13	1.06322e-14	6.10082e-16	3.30513e-17	1.70089e-18	8.35797e-20	3.93892e-21	1.78713e-22	7.83196e-24	3.32483e-25	1.37073e-26	5.50032e-28	2.15249e-29	8.22959e-31	3.07887e-32	1.12876e-33	4.06037e-35	1.43481e-36	4.98598e-38	1.70551e-39	5.74765e-41	1.90991e-42	6.2625e-44	2.02765e-45	6.48674e-47	2.05165e-48	6.41893e-50	1.98758e-51	6.09387e-53	1.85081e-54	5.57068e-56	1.66227e-57	4.91921e-59	1.44424e-60	4.20721e-62	0	
0	0	0	0	0	0	0	0	0	0	0	0	0	0	0	0	0	0	0	0	0	0	0	0	0	0	0	6.19803e-30	4.20812e-27	1.33177e-24	2.60683e-22	3.53096e-20	3.50779e-18	2.64276e-16	1.53972e-14	7.00951e-13	2.502e-11	6.98441e-10	1.51191e-08	2.4999e-07	3.08513e-06	2.74833e-05	0.000168977	0.000688342	0.00200333	0.00562483	0.00715494	0.00902529	0.0175583	0.036692	0.0181469	0.00946755	0.00737372	0.00588607	0.00225315	0.000815986	0.0002228	4.44547e-05	6.82059e-06	8.46966e-07	8.85893e-08	8.04354e-09	6.48671e-10	4.72968e-11	3.16199e-12	1.96018e-13	1.13716e-14	6.22046e-16	3.22883e-17	1.59886e-18	7.58736e-20	3.46407e-21	1.52675e-22	6.5151e-24	2.69878e-25	1.08769e-26	4.27375e-28	1.64011e-29	6.15735e-31	2.26469e-32	8.17124e-34	2.89566e-35	1.00892e-36	3.45978e-38	1.16872e-39	3.89225e-41	1.27894e-42	4.14921e-44	1.32992e-45	4.21393e-47	1.32067e-48	4.09609e-50	1.25782e-51	3.82597e-53	1.15322e-54	3.44592e-56	1.02112e-57	3.00175e-59	8.755e-61	0	
0	0	0	0	0	0	0	0	0	0	0	0	0	0	0	0	0	0	0	0	0	0	0	0	0	0	2.25328e-30	1.62993e-27	5.51479e-25	1.15862e-22	1.69199e-20	1.82163e-18	1.49627e-16	9.57105e-15	4.82352e-13	1.92497e-11	6.08074e-10	1.51191e-08	2.92641e-07	4.33394e-06	4.79027e-05	0.000381778	0.00209705	0.00759461	0.0192811	0.0492685	0.0615021	0.0731517	0.121071	0.223002	0.12148	0.0745317	0.0625472	0.0505696	0.0205564	0.00841051	0.00250648	0.000533948	8.62624e-05	1.11651e-05	1.20777e-06	1.1273e-07	9.30185e-09	6.91418e-10	4.69868e-11	2.95403e-12	1.73473e-13	9.59095e-15	5.02536e-16	2.50932e-17	1.19972e-18	5.51433e-20	2.4452e-21	1.04922e-22	4.36821e-24	1.76868e-25	6.97923e-27	2.68894e-28	1.01319e-29	3.73924e-31	1.35345e-32	4.81051e-34	1.68078e-35	5.77883e-37	1.95692e-38	6.53247e-40	2.15123e-41	6.99376e-43	2.24612e-44	7.13046e-46	2.23876e-47	6.95553e-49	2.13942e-50	6.5178e-52	1.96756e-53	5.88775e-55	1.74713e-56	5.14287e-58	1.5019e-59	0	
0	0	0	0	0	0	0	0	0	0	0	0	0	0	0	0	0	0	0	0	0	0	0	0	0	6.47496e-31	4.98375e-28	1.79954e-25	4.04839e-23	6.35517e-21	7.38772e-19	6.58585e-17	4.59952e-15	2.54864e-13	1.1276e-11	3.98798e-10	1.12346e-08	2.4999e-07	4.33394e-06	5.73799e-05	0.000564452	0.00397934	0.0192259	0.0608413	0.130605	0.294578	0.357833	0.398501	0.538227	0.810811	0.532504	0.399929	0.360531	0.297309	0.133485	0.0639383	0.021196	0.00491028	0.000847865	0.00011564	1.30374e-05	1.25778e-06	1.06607e-07	8.10143e-09	5.60826e-10	3.58158e-11	2.13173e-12	1.19242e-13	6.31206e-15	3.18039e-16	1.53282e-17	7.09632e-19	3.1672e-20	1.36706e-21	5.72215e-23	2.32833e-24	9.22935e-26	3.57078e-27	1.3507e-28	5.00289e-30	1.81695e-31	6.47833e-33	2.27023e-34	7.82725e-36	2.65757e-37	8.89341e-39	2.93562e-40	9.56521e-42	3.07851e-43	9.79272e-45	3.08058e-46	9.58864e-48	2.95454e-49	9.01634e-51	2.72624e-52	8.17078e-54	2.42824e-55	7.15815e-57	2.09333e-58	0	
0	0	0	0	0	0	0	0	0	0	0	0	0	0	0	0	0	0	0	0	0	0	0	0	1.41558e-31	1.16012e-28	4.47046e-26	1.07617e-23	1.81348e-21	2.27137e-19	2.1911e-17	1.66432e-15	1.00901e-13	4.91874e-12	1.93284e-10	6.11048e-09	1.54428e-07	3.08513e-06	4.79027e-05	0.000564452	0.00488848	0.0298855	0.123196	0.328642	0.559921	0.998143	1.14009	1.17545	1.2198	1.29698	1.21977	1.17705	1.14163	0.994714	0.557791	0.333517	0.127765	0.0333067	0.0062916	0.0009178	0.000108876	1.09249e-05	9.55223e-07	7.44383e-08	5.26097e-09	3.41874e-10	2.06517e-11	1.17005e-12	6.2631e-14	3.1869e-15	1.54945e-16	7.22968e-18	3.2496e-19	1.41165e-20	5.94351e-22	2.43143e-23	9.68583e-25	3.7646e-26	1.43009e-27	5.31797e-29	1.93855e-30	6.936e-32	2.43858e-33	8.43363e-35	2.87181e-36	9.63691e-38	3.18939e-39	1.0418e-40	3.36094e-42	1.07154e-43	3.37815e-45	1.05367e-46	3.25313e-48	9.94653e-50	3.01303e-51	9.0463e-53	2.69302e-54	7.95176e-56	2.32909e-57	0	
0	0	0	0	0	0	0	0	0	0	0	0	0	0	0	0	0	0	0	0	0	0	0	2.2125e-32	1.94066e-29	8.01153e-27	2.06927e-24	3.74894e-22	5.06159e-20	5.28062e-18	4.35528e-16	2.88089e-14	1.54122e-12	6.69315e-11	2.35839e-09	6.71181e-08	1.52894e-06	2.74833e-05	0.000381778	0.00397934	0.0298855	0.153103	0.498573	0.998488	1.19935	1.34836	1.395	1.40559	1.41384	1.42713	1.41419	1.40624	1.39621	1.34987	1.20189	0.997788	0.498213	0.158734	0.0340498	0.00541191	0.000682643	7.1716e-05	6.49773e-06	5.20968e-07	3.76887e-08	2.49742e-09	1.53393e-10	8.81648e-12	4.77906e-13	2.45895e-14	1.20744e-15	5.68434e-17	2.57572e-18	1.12717e-19	4.77786e-21	1.96673e-22	7.87975e-24	3.07898e-25	1.17545e-26	4.3914e-28	1.60777e-29	5.77606e-31	2.03861e-32	7.07613e-34	2.4179e-35	8.14037e-37	2.70252e-38	8.85396e-40	2.86449e-41	9.15744e-43	2.8945e-44	9.05072e-46	2.80105e-47	8.58407e-49	2.60609e-50	7.84129e-52	2.33913e-53	6.92064e-55	2.03098e-56	0	
0	0	0	0	0	0	0	0	0	0	0	0	0	0	0	0	0	0	0	0	0	0	2.20201e-33	2.10861e-30	9.47081e-28	2.65614e-25	5.22096e-23	7.64939e-21	8.67002e-19	7.78479e-17	5.62301e-15	3.29828e-13	1.57878e-11	6.17278e-10	1.96579e-08	5.0644e-07	1.04345e-05	0.000168977	0.00209705	0.0192259	0.123196	0.498573	1.05069	1.32498	1.40212	1.43526	1.44502	1.44715	1.44835	1.45013	1.44846	1.44732	1.44546	1.43634	1.40437	1.32761	1.05033	0.500119	0.129299	0.0228362	0.00309477	0.000342876	3.23774e-05	2.68381e-06	1.99577e-07	1.3536e-08	8.48157e-10	4.96039e-11	2.73031e-12	1.42408e-13	7.07867e-15	3.36943e-16	1.54216e-17	6.81085e-19	2.9114e-20	1.20778e-21	4.87398e-23	1.91729e-24	7.36549e-26	2.76785e-27	1.01895e-28	3.67965e-30	1.30506e-31	4.55094e-33	1.56187e-34	5.28033e-36	1.75998e-37	5.78786e-39	1.8793e-40	6.0287e-42	1.91189e-43	5.99724e-45	1.86173e-46	5.72221e-48	1.74216e-49	5.25621e-51	1.57212e-52	4.6632e-54	1.37186e-55	0	
0	0	0	0	0	0	0	0	0	0	0	0	0	0	0	0	0	0	0	0	0	1.04858e-34	1.20908e-31	6.31078e-29	2.01276e-26	4.43784e-24	7.22954e-22	9.06152e-20	8.97064e-18	7.13643e-16	4.61317e-14	2.43878e-12	1.05706e-10	3.75245e-09	1.08585e-07	2.53886e-06	4.7307e-05	0.000688342	0.00759461	0.0608413	0.328642	0.998488	1.32498	1.42274	1.44472	1.45097	1.45258	1.45291	1.45306	1.45326	1.45308	1.45295	1.45268	1.45131	1.44572	1.42527	1.32883	0.999268	0.330664	0.0663439	0.00981116	0.00116186	0.000115676	1.00117e-05	7.71757e-07	5.39618e-08	3.47085e-09	2.07662e-10	1.1661e-11	6.19094e-13	3.12648e-14	1.50957e-15	6.99897e-17	3.12761e-18	1.35141e-19	5.66205e-21	2.30589e-22	9.1479e-24	3.54209e-25	1.3409e-26	4.97044e-28	1.80659e-29	6.44655e-31	2.26095e-32	7.80182e-34	2.65123e-35	8.88012e-37	2.93394e-38	9.56877e-40	3.08266e-41	9.81576e-43	3.09101e-44	9.63126e-46	2.97089e-47	9.07628e-49	2.74747e-50	8.24396e-52	2.45288e-53	7.23763e-55	0	
0	0	0	0	0	0	0	0	0	0	0	0	0	0	0	0	0	0	0	0	0	2.24395e-33	2.02842e-30	8.69029e-28	2.34577e-25	4.47316e-23	6.4035e-21	7.13798e-19	6.34181e-17	4.55885e-15	2.67619e-13	1.28903e-11	5.09914e-10	1.65203e-08	4.35444e-07	9.23337e-06	0.000154848	0.00200333	0.0192811	0.130605	0.559921	1.19935	1.40212	1.44472	1.45197	1.45327	1.45352	1.45357	1.45359	1.45361	1.45359	1.45358	1.45355	1.45336	1.45235	1.4461	1.40498	1.19967	0.562394	0.138112	0.0232182	0.00301247	0.000321246	2.93309e-05	2.3599e-06	1.70896e-07	1.13188e-08	6.94249e-10	3.98274e-11	2.1542e-12	1.10586e-13	5.41767e-15	2.54475e-16	1.15058e-17	5.02475e-19	2.12578e-20	8.73476e-22	3.49382e-23	1.36314e-24	5.19691e-26	1.93914e-27	7.09174e-29	2.5453e-30	8.97584e-32	3.11329e-33	1.06315e-34	3.5775e-36	1.18721e-37	3.88832e-39	1.2577e-40	4.0202e-42	1.27065e-43	3.97328e-45	1.2298e-46	3.76949e-48	1.14468e-49	3.44523e-51	1.02812e-52	3.04235e-54	0	
0	0	0	0	0	0	0	0	0	0	0	0	0	0	0	0	0	0	0	0	1.04858e-34	1.00994e-31	4.62065e-29	1.33535e-26	2.73411e-24	4.2163e-22	5.08172e-20	4.90232e-18	3.84504e-16	2.47656e-14	1.31742e-12	5.80029e-11	2.11103e-09	6.32191e-08	1.54465e-06	3.03874e-05	0.000471989	0.00562483	0.0492685	0.294578	0.998143	1.34836	1.43526	1.45097	1.45327	1.45359	1.45363	1.45364	1.45364	1.45364	1.45364	1.45364	1.45363	1.45361	1.45341	1.45166	1.43764	1.35267	1.00026	0.297114	0.0540891	0.0073564	0.000810541	7.58309e-05	6.21849e-06	4.57321e-07	3.06812e-08	1.90261e-09	1.10194e-10	6.01068e-12	3.10896e-13	1.53355e-14	7.24855e-16	3.29636e-17	1.44732e-18	6.15396e-20	2.54065e-21	1.0208e-22	3.99972e-24	1.53109e-25	5.73526e-27	2.10534e-28	7.58354e-30	2.6836e-31	9.33953e-33	3.19976e-34	1.08014e-35	3.5956e-37	1.18117e-38	3.83182e-40	1.22836e-41	3.89338e-43	1.22081e-44	3.78885e-46	1.16442e-47	3.54524e-49	1.06978e-50	3.20051e-52	9.49423e-54	0	
0	0	0	0	0	0	0	0	0	0	0	0	0	0	0	0	0	0	0	0	1.46801e-34	1.40333e-31	6.38541e-29	1.83812e-26	3.75295e-24	5.77524e-22	6.94832e-20	6.69132e-18	5.23763e-16	3.36496e-14	1.78413e-12	7.82166e-11	2.83128e-09	8.42138e-08	2.04043e-06	3.97317e-05	0.000609514	0.00715494	0.0615021	0.357833	1.14009	1.395	1.44502	1.45258	1.45352	1.45363	1.45364	1.45364	1.45364	1.45364	1.45364	1.45364	1.45364	1.45364	1.45358	1.45296	1.44667	1.399	1.14177	0.360612	0.0676735	0.0094158	0.00105809	0.00010076	8.39784e-06	6.26939e-07	4.26548e-08	2.68024e-09	1.5718e-10	8.6757e-12	4.53835e-13	2.26293e-14	1.08074e-15	4.96398e-17	2.20054e-18	9.44373e-20	3.93395e-21	1.59441e-22	6.30018e-24	2.43155e-25	9.18126e-27	3.39661e-28	1.23279e-29	4.39491e-31	1.54063e-32	5.31572e-34	1.8069e-35	6.05575e-37	2.00261e-38	6.53913e-40	2.10969e-41	6.72896e-43	2.123e-44	6.62893e-46	2.04945e-47	6.27658e-49	1.90494e-50	5.73161e-52	1.70981e-53	0	
0	0	0	0	0	0	0	0	0	0	0	0	0	0	0	0	0	0	0	0	1.55609e-34	1.68506e-31	8.41957e-29	2.60007e-26	5.59198e-24	8.932e-22	1.10192e-19	1.07693e-17	8.47885e-16	5.43608e-14	2.85592e-12	1.23249e-10	4.36456e-09	1.26241e-07	2.95671e-06	5.53179e-05	0.000810311	0.00902529	0.0731517	0.398501	1.17545	1.40559	1.44715	1.45291	1.45357	1.45364	1.45364	1.45364	1.45364	1.45364	1.45364	1.45364	1.45364	1.45364	1.45361	1.45319	1.44846	1.40894	1.17658	0.401811	0.0803211	0.0117861	0.00138628	0.000137297	1.18376e-05	9.10149e-07	6.35386e-08	4.08394e-09	2.44347e-10	1.37295e-11	7.29739e-13	3.69107e-14	1.78568e-15	8.29812e-17	3.71777e-18	1.61099e-19	6.77036e-21	2.7663e-22	1.10125e-23	4.27952e-25	1.62618e-26	6.05152e-28	2.2084e-29	7.91309e-31	2.78711e-32	9.65927e-34	3.29701e-35	1.10931e-36	3.68194e-38	1.20644e-39	3.90505e-41	1.24941e-42	3.95353e-44	1.23793e-45	3.83751e-47	1.17826e-48	3.58475e-50	1.08111e-51	3.23236e-53	0	
0	0	0	0	0	0	0	0	0	0	0	0	0	0	0	0	0	0	0	0	2.25405e-33	2.01796e-30	8.56329e-28	2.2898e-25	4.32609e-23	6.13678e-21	6.78002e-19	5.97189e-17	4.25732e-15	2.47944e-13	1.18545e-11	4.65789e-10	1.50026e-08	3.93598e-07	8.32085e-06	0.00013945	0.00180921	0.0175583	0.121071	0.538227	1.2198	1.41384	1.44835	1.45306	1.45359	1.45364	1.45364	1.45364	1.45364	1.45364	1.45364	1.45364	1.45364	1.45364	1.45362	1.45328	1.44941	1.41658	1.22088	0.541564	0.128356	0.0211456	0.00270849	0.000286311	2.59793e-05	2.08081e-06	1.50182e-07	9.92216e-09	6.07465e-10	3.4802e-11	1.8806e-12	9.64793e-14	4.72483e-15	2.21898e-16	1.00333e-17	4.38253e-19	1.8547e-20	7.62442e-22	3.05143e-23	1.19133e-24	4.54531e-26	1.69742e-27	6.21341e-29	2.23224e-30	7.88004e-32	2.73622e-33	9.35466e-35	3.15165e-36	1.04721e-37	3.43427e-39	1.11234e-40	3.56051e-42	1.12698e-43	3.52923e-45	1.09401e-46	3.3585e-48	1.0215e-49	3.07948e-51	9.20249e-53	0	
0	0	0	0	0	0	0	0	0	0	0	0	0	0	0	0	0	0	0	1.04858e-34	9.88983e-32	4.43197e-29	1.25482e-26	2.5176e-24	3.80515e-22	4.49587e-20	4.2528e-18	3.27169e-16	2.06764e-14	1.0797e-12	4.66909e-11	1.67033e-09	4.92161e-08	1.1847e-06	2.30026e-05	0.000353563	0.00418659	0.036692	0.223002	0.810811	1.29698	1.42713	1.45013	1.45326	1.45361	1.45364	1.45364	1.45364	1.45364	1.45364	1.45364	1.45364	1.45364	1.45364	1.45363	1.45343	1.45108	1.43044	1.30242	0.813639	0.224487	0.0397651	0.00533063	0.000581976	5.41079e-05	4.41752e-06	3.23838e-07	2.16755e-08	1.34187e-09	7.7624e-11	4.23057e-12	2.18705e-13	1.07849e-14	5.09711e-16	2.31813e-17	1.01803e-18	4.33001e-20	1.7884e-21	7.18928e-23	2.81859e-24	1.07966e-25	4.04721e-27	1.48683e-28	5.36004e-30	1.89841e-31	6.61286e-33	2.26772e-34	7.66259e-36	2.55329e-37	8.39632e-39	2.72671e-40	8.75035e-42	2.77654e-43	8.71586e-45	2.70809e-46	8.33234e-48	2.53987e-49	7.67316e-51	2.29771e-52	0	
0	0	0	0	0	0	0	0	0	0	0	0	0	0	0	0	0	0	0	4.1943e-35	3.9495e-32	1.76767e-29	5.00061e-27	1.00294e-24	1.51619e-22	1.793e-20	1.69893e-18	1.31046e-16	8.31362e-15	4.36427e-13	1.90074e-11	6.86421e-10	2.04794e-08	5.01204e-07	9.95017e-06	0.000157641	0.00194731	0.0181469	0.12148	0.532504	1.21977	1.41419	1.44846	1.45308	1.45359	1.45364	1.45364	1.45364	1.45364	1.45364	1.45364	1.45364	1.45364	1.45364	1.45362	1.45329	1.44951	1.41695	1.22089	0.535826	0.128684	0.021706	0.00286094	0.000311929	2.92201e-05	2.4165e-06	1.80035e-07	1.22718e-08	7.74655e-10	4.57265e-11	2.544e-12	1.34272e-13	6.75993e-15	3.26135e-16	1.51378e-17	6.78297e-19	2.94275e-20	1.23934e-21	5.07829e-23	2.0287e-24	7.91534e-26	3.02116e-27	1.12969e-28	4.14375e-30	1.49276e-31	5.28703e-33	1.84284e-34	6.32714e-36	2.14154e-37	7.15105e-39	2.35745e-40	7.67757e-42	2.47155e-43	7.86903e-45	2.47914e-46	7.73241e-48	2.38868e-49	7.31154e-51	2.21774e-52	0	
0	0	0	0	0	0	0	0	0	0	0	0	0	0	0	0	0	0	0	8.80804e-36	8.40703e-33	3.82079e-30	1.09974e-27	2.24919e-25	3.47606e-23	4.21444e-21	4.10745e-19	3.27093e-17	2.15148e-15	1.17678e-13	5.37069e-12	2.04611e-10	6.49128e-09	1.70536e-07	3.67614e-06	6.41322e-05	0.000887567	0.00946755	0.0745317	0.399929	1.17705	1.40624	1.44732	1.45295	1.45358	1.45364	1.45364	1.45364	1.45364	1.45364	1.45364	1.45364	1.45364	1.45364	1.45361	1.45321	1.44861	1.40957	1.1782	0.403251	0.0817079	0.0122686	0.00148748	0.000152666	1.36913e-05	1.09771e-06	8.0045e-08	5.37945e-09	3.36712e-10	1.97961e-11	1.10084e-12	5.82395e-14	2.94567e-15	1.43035e-16	6.69194e-18	3.02601e-19	1.32613e-20	5.64598e-22	2.34023e-23	9.46165e-25	3.73766e-26	1.44484e-27	5.47296e-29	2.034e-30	7.42498e-32	2.66505e-33	9.41431e-35	3.27584e-36	1.1237e-37	3.80273e-39	1.27042e-40	4.19256e-42	1.36756e-43	4.41143e-45	1.40799e-46	4.44848e-48	1.39189e-49	4.31477e-51	1.32528e-52	0	
0	0	0	0	0	0	0	0	0	0	0	0	0	0	0	0	0	0	0	1.29185e-36	1.36627e-33	6.87631e-31	2.19014e-28	4.95221e-26	8.45302e-24	1.13067e-21	1.2143e-19	1.06424e-17	7.69394e-16	4.61911e-14	2.31058e-12	9.63388e-11	3.33965e-09	9.57117e-08	2.2467e-06	4.25973e-05	0.000639266	0.00737372	0.0625472	0.360531	1.14163	1.39621	1.44546	1.45268	1.45355	1.45363	1.45364	1.45364	1.45364	1.45364	1.45364	1.45364	1.45364	1.45364	1.4536	1.45304	1.44709	1.40021	1.14328	0.363295	0.0687984	0.00969119	0.00110609	0.000107295	9.13374e-06	6.98148e-07	4.87405e-08	3.14892e-09	1.9021e-10	1.08315e-11	5.85403e-13	3.01963e-14	1.49353e-15	7.1114e-17	3.27078e-18	1.45737e-19	6.30695e-21	2.65684e-22	1.0916e-23	4.38197e-25	1.7213e-26	6.62573e-28	2.50232e-29	9.28273e-31	3.38595e-32	1.21553e-33	4.29832e-35	1.49839e-36	5.15298e-38	1.74939e-39	5.86648e-41	1.94438e-42	6.37271e-44	2.06645e-45	6.63258e-47	2.10806e-48	6.63749e-50	2.07113e-51	6.40498e-53	0	
0	0	0	0	0	0	0	0	0	0	0	0	0	0	0	0	0	0	0	1.48562e-37	2.96069e-34	2.09635e-31	8.3471e-29	2.21334e-26	4.25725e-24	6.24563e-22	7.21554e-20	6.70513e-18	5.08309e-16	3.17231e-14	1.63823e-12	7.01268e-11	2.48467e-09	7.25195e-08	1.72874e-06	3.32154e-05	0.000504452	0.00588607	0.0505696	0.297309	0.994714	1.34987	1.43634	1.45131	1.45336	1.45361	1.45364	1.45364	1.45364	1.45364	1.45364	1.45364	1.45364	1.45363	1.45348	1.45197	1.43872	1.35422	0.996797	0.299761	0.0554394	0.00767493	0.000861976	8.22891e-05	6.89203e-06	5.18084e-07	3.5555e-08	2.2571e-09	1.33921e-10	7.48897e-12	3.97407e-13	2.01259e-14	9.77357e-16	4.56977e-17	2.06437e-18	9.03738e-20	3.84411e-21	1.59238e-22	6.43686e-24	2.54365e-25	9.84218e-27	3.73419e-28	1.39101e-29	5.09322e-31	1.83501e-32	6.5115e-34	2.27768e-35	7.85984e-37	2.67768e-38	9.0118e-40	2.99804e-41	9.86451e-43	3.21183e-44	1.03532e-45	3.30545e-47	1.04569e-48	3.2791e-50	1.01963e-51	3.14399e-53	0	
0	0	0	0	0	0	0	0	0	0	0	0	0	0	0	0	0	0	0	1.4262e-38	6.55481e-35	5.50362e-32	2.36177e-29	6.53345e-27	1.29178e-24	1.93292e-22	2.26754e-20	2.13413e-18	1.63627e-16	1.03218e-14	5.38814e-13	2.33306e-11	8.37284e-10	2.48058e-08	6.02167e-07	1.18383e-05	0.000185288	0.00225315	0.0205564	0.133485	0.557791	1.20189	1.40437	1.44572	1.45235	1.45341	1.45358	1.45361	1.45362	1.45363	1.45362	1.45361	1.4536	1.45348	1.45269	1.44706	1.40725	1.20225	0.560224	0.140968	0.0245601	0.00332024	0.000369857	3.53131e-05	2.97201e-06	2.25106e-07	1.55891e-08	9.99345e-10	5.98907e-11	3.38247e-12	1.81222e-13	9.26179e-15	4.53645e-16	2.13802e-17	9.72923e-19	4.28761e-20	1.83468e-21	7.64039e-23	3.1029e-24	1.23113e-25	4.78007e-27	1.81882e-28	6.79115e-30	2.49122e-31	8.98802e-33	3.19248e-34	1.11737e-35	3.85676e-37	1.31382e-38	4.42021e-40	1.46966e-41	4.83187e-43	1.57173e-44	5.06084e-46	1.61383e-47	5.09884e-49	1.59677e-50	4.95831e-52	1.52677e-53	0	
0	0	0	0	0	0	0	0	0	0	0	0	0	0	0	0	0	0	0	1.1885e-39	1.13756e-35	1.02637e-32	4.56324e-30	1.2956e-27	2.62104e-25	4.01016e-23	4.81285e-21	4.64035e-19	3.652e-17	2.37091e-15	1.27794e-13	5.73706e-12	2.14553e-10	6.66614e-09	1.71075e-07	3.5924e-06	6.0874e-05	0.000815986	0.00841051	0.0639383	0.333517	0.997788	1.32761	1.42527	1.4461	1.45166	1.45296	1.45319	1.45328	1.45343	1.45329	1.45321	1.45304	1.45197	1.44706	1.42782	1.33148	0.998516	0.335482	0.0695104	0.0107433	0.00134076	0.000141438	1.30141e-05	1.06866e-06	7.96811e-08	5.46766e-09	3.48993e-10	2.09005e-11	1.18282e-12	6.36321e-14	3.27051e-15	1.61286e-16	7.65983e-18	3.51462e-19	1.56239e-20	6.74563e-22	2.83484e-23	1.16186e-24	4.65208e-26	1.82261e-27	6.99682e-29	2.63527e-30	9.74923e-32	3.54645e-33	1.26974e-34	4.47837e-36	1.55726e-37	5.34274e-39	1.80979e-40	6.05668e-42	2.00373e-43	6.55662e-45	2.12316e-46	6.80695e-48	2.16165e-49	6.80238e-51	2.12202e-52	6.56271e-54	0	
0	0	0	0	0	0	0	0	0	0	0	0	0	0	0	0	0	0	0	8.82884e-41	1.53852e-36	1.45163e-33	6.65334e-31	1.94182e-28	4.03693e-26	6.35132e-24	7.84762e-22	7.80163e-20	6.34257e-18	4.2627e-16	2.38451e-14	1.11417e-12	4.35146e-11	1.41755e-09	3.83248e-08	8.52785e-07	1.54248e-05	0.0002228	0.00250648	0.021196	0.127765	0.498213	1.05033	1.32883	1.40498	1.43764	1.44667	1.44846	1.44941	1.45108	1.44951	1.44861	1.44709	1.43872	1.40725	1.33148	1.04997	0.499663	0.133847	0.0249228	0.00359979	0.000428131	4.36036e-05	3.91036e-06	3.1522e-07	2.32026e-08	1.57877e-09	1.00281e-10	5.99373e-12	3.39325e-13	1.82965e-14	9.4403e-16	4.67955e-17	2.23627e-18	1.03336e-19	4.62951e-21	2.0155e-22	8.54468e-24	3.53406e-25	1.42836e-26	5.6498e-28	2.19001e-29	8.32928e-31	3.11174e-32	1.14307e-33	4.13261e-35	1.47173e-36	5.16688e-38	1.78954e-39	6.1187e-41	2.06659e-42	6.8989e-44	2.27756e-45	7.43951e-47	2.40551e-48	7.70286e-50	2.44375e-51	7.68404e-53	2.39486e-54	0	
0	0	0	0	0	0	0	0	0	0	0	0	0	0	0	0	0	0	0	5.95947e-42	1.6968e-37	1.66285e-34	7.86073e-32	2.36252e-29	5.05574e-27	8.18788e-25	1.04166e-22	1.06666e-20	8.93706e-19	6.1945e-17	3.57682e-15	1.72707e-13	6.98038e-12	2.35766e-10	6.6254e-09	1.53765e-07	2.91511e-06	4.44547e-05	0.000533948	0.00491028	0.0333067	0.158734	0.500119	0.999268	1.19967	1.35267	1.399	1.40894	1.41658	1.43044	1.41695	1.40957	1.40021	1.35422	1.20225	0.998516	0.499663	0.164348	0.03757	0.00647808	0.000895344	0.000103645	1.03797e-05	9.2142e-07	7.38609e-08	5.42412e-09	3.69129e-10	2.34951e-11	1.40935e-12	8.01749e-14	4.34846e-15	2.25873e-16	1.12798e-17	5.43373e-19	2.53232e-20	1.14466e-21	5.02979e-23	2.15284e-24	8.99168e-26	3.67059e-27	1.46665e-28	5.74358e-30	2.2071e-31	8.33135e-33	3.0924e-34	1.12968e-35	4.06503e-37	1.44195e-38	5.04577e-40	1.74294e-41	5.94674e-43	2.00525e-44	6.6862e-46	2.20561e-47	7.20138e-49	2.32826e-50	7.4568e-52	2.36671e-53	7.44448e-55	0	
0	0	0	0	0	0	0	0	0	0	0	0	0	0	0	0	0	0	0	3.70811e-43	1.58918e-38	1.61511e-35	7.87791e-33	2.43793e-30	5.36466e-28	8.92476e-26	1.16539e-23	1.22413e-21	1.05165e-19	7.47239e-18	4.42316e-16	2.19007e-14	9.08287e-13	3.1515e-11	9.11439e-10	2.18298e-08	4.28878e-07	6.82059e-06	8.62624e-05	0.000847865	0.0062916	0.0340498	0.129299	0.330664	0.562394	1.00026	1.14177	1.17658	1.22088	1.30242	1.22089	1.1782	1.14328	0.996797	0.560224	0.335482	0.133847	0.03757	0.00784659	0.00128538	0.000172624	1.96845e-05	1.95865e-06	1.73708e-07	1.39623e-08	1.03067e-09	7.06254e-11	4.53184e-12	2.74287e-13	1.57539e-14	8.63078e-16	4.52996e-17	2.28644e-18	1.11345e-19	5.2465e-21	2.39801e-22	1.06557e-23	4.61239e-25	1.94828e-26	8.04354e-28	3.25042e-29	1.28733e-30	5.00281e-32	1.90975e-33	7.16814e-35	2.64785e-36	9.63386e-38	3.45507e-39	1.22228e-40	4.26805e-42	1.47195e-43	5.01659e-45	1.69046e-46	5.63503e-48	1.85901e-49	6.07226e-51	1.96461e-52	6.29832e-54	2.00088e-55	0	
0	0	0	0	0	0	0	0	0	0	0	0	0	0	0	0	0	0	0	2.15071e-44	1.30325e-39	1.37311e-36	6.90695e-34	2.19756e-31	4.96022e-29	8.44889e-27	1.12793e-24	1.20989e-22	1.06054e-20	7.6843e-19	4.63715e-17	2.34088e-15	9.90263e-14	3.50805e-12	1.03749e-10	2.54731e-09	5.14895e-08	8.46966e-07	1.11651e-05	0.00011564	0.0009178	0.00541191	0.0228362	0.0663439	0.138112	0.297114	0.360612	0.401811	0.541564	0.813639	0.535826	0.403251	0.363295	0.299761	0.140968	0.0695104	0.0249228	0.00647808	0.00128538	0.000204133	2.69655e-05	3.05472e-06	3.0398e-07	2.70832e-08	2.1935e-09	1.63488e-10	1.13267e-11	7.35518e-13	4.50773e-14	2.62264e-15	1.45579e-16	7.74265e-18	3.96024e-19	1.95431e-20	9.3311e-22	4.32137e-23	1.94545e-24	8.53067e-26	3.64988e-27	1.52614e-28	6.24525e-30	2.50445e-31	9.85351e-33	3.80763e-34	1.44654e-35	5.40765e-37	1.99091e-38	7.22424e-40	2.58545e-41	9.13209e-43	3.18535e-44	1.09785e-45	3.74075e-47	1.26072e-48	4.20453e-50	1.38819e-51	4.53928e-53	1.47061e-54	4.72066e-56	0	
