1.03e-72	8.5e-74	6.9e-75	5.55e-76	1.64e-76	3.4e-75	9.21e-74	2.39e-72	5.95e-71	1.42e-69	3.24e-68	7.09e-67	1.48e-65	2.96e-64	5.66e-63	1.03e-61	1.79e-60	2.97e-59	4.67e-58	7e-57	9.95e-56	1.34e-54	1.71e-53	2.07e-52	2.36e-51	2.53e-50	2.56e-49	2.42e-48	2.15e-47	1.78e-46	1.37e-45	9.86e-45	6.54e-44	4.01e-43	2.26e-42	1.16e-41	5.48e-41	2.34e-40	9.07e-40	3.16e-39	9.9e-39	2.77e-38	6.92e-38	1.54e-37	3.11e-37	5.74e-37	9.87e-37	1.57e-36	2.25e-36	2.76e-36	2.85e-36	2.49e-36	1.88e-36	1.28e-36	8e-37	4.65e-37	2.5e-37	1.24e-37	5.68e-38	2.38e-38	9.15e-39	3.24e-39	1.06e-39	3.23e-40	9.14e-41	2.42e-41	6.01e-42	1.4e-42	3.1e-43	6.48e-44	1.29e-44	2.44e-45	4.4e-46	7.6e-47	1.26e-47	2e-48	3.07e-49	4.52e-50	6.44e-51	8.87e-52	1.18e-52	1.53e-53	1.92e-54	2.33e-55	2.76e-56	3.19e-57	3.58e-58	3.92e-59	4.2e-60	4.39e-61	4.48e-62	4.48e-63	4.38e-64	4.2e-65	3.94e-66	3.63e-67	3.29e-68	2.92e-69	2.54e-70	2.18e-71	
8.5e-74	7.04e-75	5.74e-76	4.64e-77	1.12e-77	2.15e-76	5.8e-75	1.51e-73	3.76e-72	8.96e-71	2.05e-69	4.48e-68	9.38e-67	1.88e-65	3.58e-64	6.53e-63	1.14e-61	1.88e-60	2.97e-59	4.45e-58	6.33e-57	8.54e-56	1.09e-54	1.32e-53	1.5e-52	1.62e-51	1.63e-50	1.55e-49	1.38e-48	1.14e-47	8.83e-47	6.34e-46	4.21e-45	2.58e-44	1.46e-43	7.54e-43	3.56e-42	1.53e-41	5.93e-41	2.08e-40	6.53e-40	1.84e-39	4.63e-39	1.04e-38	2.12e-38	3.95e-38	6.88e-38	1.11e-37	1.62e-37	2.02e-37	2.08e-37	1.81e-37	1.36e-37	9.13e-38	5.66e-38	3.27e-38	1.75e-38	8.66e-39	3.94e-39	1.65e-39	6.34e-40	2.25e-40	7.38e-41	2.25e-41	6.38e-42	1.69e-42	4.22e-43	9.91e-44	2.2e-44	4.61e-45	9.21e-46	1.75e-46	3.18e-47	5.51e-48	9.18e-49	1.47e-49	2.26e-50	3.35e-51	4.79e-52	6.63e-53	8.88e-54	1.15e-54	1.45e-55	1.78e-56	2.12e-57	2.45e-58	2.77e-59	3.05e-60	3.28e-61	3.44e-62	3.54e-63	3.55e-64	3.49e-65	3.36e-66	3.18e-67	2.94e-68	2.67e-69	2.38e-70	2.09e-71	1.8e-72	
6.9e-75	5.74e-76	4.71e-77	3.81e-78	7.73e-79	1.33e-77	3.61e-76	9.37e-75	2.34e-73	5.58e-72	1.28e-70	2.79e-69	5.84e-68	1.17e-66	2.24e-65	4.08e-64	7.1e-63	1.18e-61	1.86e-60	2.78e-59	3.97e-58	5.36e-57	6.85e-56	8.29e-55	9.47e-54	1.02e-52	1.03e-51	9.84e-51	8.79e-50	7.37e-49	5.79e-48	4.27e-47	2.97e-46	1.95e-45	1.22e-44	7.29e-44	4.18e-43	2.28e-42	1.17e-41	5.53e-41	2.37e-40	9.04e-40	3.01e-39	8.64e-39	2.13e-38	4.66e-38	9.54e-38	1.9e-37	3.37e-37	4.72e-37	4.81e-37	3.73e-37	2.38e-37	1.34e-37	7.03e-38	3.44e-38	1.55e-38	6.32e-39	2.34e-39	7.85e-40	2.41e-40	6.83e-41	1.8e-41	4.48e-42	1.05e-42	2.37e-43	5.11e-44	1.06e-44	2.14e-45	4.17e-46	7.84e-47	1.43e-47	2.51e-48	4.25e-49	6.97e-50	1.1e-50	1.69e-51	2.49e-52	3.56e-53	4.93e-54	6.62e-55	8.61e-56	1.09e-56	1.34e-57	1.6e-58	1.86e-59	2.11e-60	2.34e-61	2.52e-62	2.66e-63	2.75e-64	2.77e-65	2.74e-66	2.65e-67	2.52e-68	2.34e-69	2.14e-70	1.92e-71	1.69e-72	1.46e-73	
5.55e-76	4.64e-77	3.81e-78	3.1e-79	5.34e-80	8.17e-79	2.21e-77	5.74e-76	1.43e-74	3.42e-73	7.83e-72	1.71e-70	3.59e-69	7.19e-68	1.38e-66	2.52e-65	4.39e-64	7.3e-63	1.16e-61	1.76e-60	2.57e-59	3.63e-58	5.02e-57	6.92e-56	9.7e-55	1.4e-53	2.06e-52	3.05e-51	4.41e-50	6.12e-49	7.99e-48	9.69e-47	1.08e-45	1.1e-44	1.02e-43	8.55e-43	6.42e-42	4.3e-41	2.55e-40	1.34e-39	6.1e-39	2.42e-38	8.22e-38	2.38e-37	5.9e-37	1.29e-36	2.63e-36	5.21e-36	9.19e-36	1.28e-35	1.3e-35	1e-35	6.36e-36	3.58e-36	1.87e-36	9.1e-37	4.06e-37	1.64e-37	5.94e-38	1.94e-38	5.72e-39	1.54e-39	3.78e-40	8.56e-41	1.8e-41	3.52e-42	6.44e-43	1.11e-43	1.8e-44	2.77e-45	4.05e-46	5.64e-47	7.52e-48	9.62e-49	1.18e-49	1.41e-50	1.62e-51	1.81e-52	1.97e-53	2.1e-54	2.2e-55	2.28e-56	2.34e-57	2.38e-58	2.41e-59	2.44e-60	2.47e-61	2.49e-62	2.49e-63	2.48e-64	2.45e-65	2.4e-66	2.31e-67	2.2e-68	2.06e-69	1.91e-70	1.73e-71	1.55e-72	1.36e-73	1.18e-74	
1.64e-76	1.12e-77	7.73e-79	5.34e-80	5.45e-81	4.95e-80	1.34e-78	3.48e-77	8.7e-76	2.09e-74	4.86e-73	1.1e-71	2.45e-70	5.54e-69	1.31e-67	3.33e-66	9.08e-65	2.58e-63	7.41e-62	2.07e-60	5.57e-59	1.41e-57	3.38e-56	7.57e-55	1.58e-53	3.08e-52	5.58e-51	9.37e-50	1.46e-48	2.09e-47	2.75e-46	3.33e-45	3.68e-44	3.71e-43	3.38e-42	2.78e-41	2.05e-40	1.35e-39	7.89e-39	4.05e-38	1.82e-37	7.1e-37	2.38e-36	6.8e-36	1.67e-35	3.59e-35	7.27e-35	1.42e-34	2.48e-34	3.41e-34	3.44e-34	2.66e-34	1.69e-34	9.57e-35	5.03e-35	2.46e-35	1.1e-35	4.47e-36	1.63e-36	5.32e-37	1.58e-37	4.24e-38	1.05e-38	2.38e-39	5e-40	9.8e-41	1.8e-41	3.09e-42	5.03e-43	7.73e-44	1.13e-44	1.57e-45	2.08e-46	2.65e-47	3.23e-48	3.78e-49	4.27e-50	4.65e-51	4.9e-52	4.99e-53	4.93e-54	4.73e-55	4.41e-56	4e-57	3.53e-58	3.04e-59	2.56e-60	2.1e-61	1.69e-62	1.33e-63	1.03e-64	7.78e-66	5.79e-67	4.23e-68	3.05e-69	2.17e-70	1.52e-71	1.06e-72	7.28e-74	4.99e-75	
3.4e-75	2.15e-76	1.33e-77	8.17e-79	4.95e-80	7.09e-81	1.58e-79	6.79e-78	3.19e-76	1.55e-74	7.4e-73	3.41e-71	1.5e-69	6.2e-68	2.42e-66	8.9e-65	3.07e-63	9.98e-62	3.04e-60	8.71e-59	2.33e-57	5.86e-56	1.38e-54	3.02e-53	6.18e-52	1.18e-50	2.09e-49	3.43e-48	5.22e-47	7.33e-46	9.47e-45	1.12e-43	1.22e-42	1.2e-41	1.08e-40	8.68e-40	6.29e-39	4.07e-38	2.33e-37	1.18e-36	5.21e-36	2e-35	6.6e-35	1.86e-34	4.51e-34	9.62e-34	1.93e-33	3.72e-33	6.39e-33	8.72e-33	8.76e-33	6.75e-33	4.31e-33	2.45e-33	1.3e-33	6.39e-34	2.88e-34	1.17e-34	4.28e-35	1.4e-35	4.17e-36	1.13e-36	2.78e-37	6.34e-38	1.34e-38	2.63e-39	4.83e-40	8.33e-41	1.36e-41	2.09e-42	3.05e-43	4.25e-44	5.65e-45	7.19e-46	8.78e-47	1.03e-47	1.16e-48	1.27e-49	1.34e-50	1.37e-51	1.35e-52	1.3e-53	1.21e-54	1.1e-55	9.69e-57	8.35e-58	7.02e-59	5.76e-60	4.63e-61	3.63e-62	2.8e-63	2.11e-64	1.56e-65	1.13e-66	8.03e-68	5.61e-69	3.85e-70	2.6e-71	1.73e-72	1.13e-73	
9.21e-74	5.8e-75	3.61e-76	2.21e-77	1.34e-78	1.58e-79	4.85e-78	2.82e-76	1.54e-74	7.94e-73	3.85e-71	1.76e-69	7.54e-68	3.05e-66	1.16e-64	4.14e-63	1.39e-61	4.41e-60	1.31e-58	3.65e-57	9.56e-56	2.34e-54	5.37e-53	1.15e-51	2.31e-50	4.3e-49	7.45e-48	1.2e-46	1.79e-45	2.46e-44	3.11e-43	3.62e-42	3.84e-41	3.72e-40	3.27e-39	2.59e-38	1.84e-37	1.17e-36	6.6e-36	3.28e-35	1.43e-34	5.39e-34	1.75e-33	4.88e-33	1.17e-32	2.47e-32	4.88e-32	9.3e-32	1.58e-31	2.13e-31	2.13e-31	1.64e-31	1.05e-31	6.02e-32	3.21e-32	1.59e-32	7.2e-33	2.94e-33	1.08e-33	3.55e-34	1.06e-34	2.86e-35	7.1e-36	1.62e-36	3.43e-37	6.75e-38	1.24e-38	2.15e-39	3.51e-40	5.41e-41	7.93e-42	1.11e-42	1.47e-43	1.88e-44	2.29e-45	2.69e-46	3.05e-47	3.33e-48	3.51e-49	3.59e-50	3.55e-51	3.41e-52	3.18e-53	2.89e-54	2.56e-55	2.2e-56	1.85e-57	1.52e-58	1.22e-59	9.62e-61	7.41e-62	5.59e-63	4.13e-64	3e-65	2.13e-66	1.49e-67	1.03e-68	6.93e-70	4.61e-71	3.01e-72	
2.39e-72	1.51e-73	9.37e-75	5.74e-76	3.48e-77	6.79e-78	2.82e-76	1.58e-74	8.39e-73	4.18e-71	1.96e-69	8.69e-68	3.62e-66	1.42e-64	5.26e-63	1.83e-61	6e-60	1.85e-58	5.36e-57	1.46e-55	3.72e-54	8.91e-53	2e-51	4.19e-50	8.19e-49	1.49e-47	2.54e-46	3.99e-45	5.83e-44	7.86e-43	9.76e-42	1.11e-40	1.16e-39	1.1e-38	9.5e-38	7.39e-37	5.17e-36	3.22e-35	1.79e-34	8.73e-34	3.73e-33	1.39e-32	4.45e-32	1.22e-31	2.89e-31	6.05e-31	1.18e-30	2.23e-30	3.74e-30	5e-30	4.97e-30	3.83e-30	2.46e-30	1.41e-30	7.59e-31	3.79e-31	1.72e-31	7.07e-32	2.6e-32	8.59e-33	2.57e-33	6.97e-34	1.73e-34	3.97e-35	8.42e-36	1.66e-36	3.07e-37	5.32e-38	8.69e-39	1.34e-39	1.97e-40	2.76e-41	3.67e-42	4.69e-43	5.74e-44	6.75e-45	7.65e-46	8.36e-47	8.83e-48	9.03e-49	8.95e-50	8.6e-51	8.04e-52	7.31e-53	6.47e-54	5.58e-55	4.7e-56	3.87e-57	3.11e-58	2.45e-59	1.88e-60	1.42e-61	1.05e-62	7.63e-64	5.44e-65	3.8e-66	2.62e-67	1.77e-68	1.18e-69	7.71e-71	
5.95e-71	3.76e-72	2.34e-73	1.43e-74	8.7e-76	3.19e-76	1.54e-74	8.39e-73	4.3e-71	2.08e-69	9.47e-68	4.07e-66	1.65e-64	6.29e-63	2.26e-61	7.68e-60	2.45e-58	7.36e-57	2.08e-55	5.53e-54	1.38e-52	3.22e-51	7.06e-50	1.45e-48	2.77e-47	4.95e-46	8.22e-45	1.27e-43	1.81e-42	2.4e-41	2.92e-40	3.26e-39	3.34e-38	3.12e-37	2.64e-36	2.01e-35	1.38e-34	8.48e-34	4.62e-33	2.22e-32	9.35e-32	3.42e-31	1.08e-30	2.93e-30	6.86e-30	1.42e-29	2.75e-29	5.1e-29	8.45e-29	1.12e-28	1.11e-28	8.53e-29	5.49e-29	3.18e-29	1.72e-29	8.63e-30	3.95e-30	1.63e-30	6e-31	1.99e-31	5.97e-32	1.63e-32	4.06e-33	9.32e-34	1.98e-34	3.92e-35	7.26e-36	1.26e-36	2.06e-37	3.2e-38	4.7e-39	6.58e-40	8.79e-41	1.12e-41	1.38e-42	1.62e-43	1.84e-44	2.01e-45	2.13e-46	2.18e-47	2.16e-48	2.08e-49	1.95e-50	1.77e-51	1.57e-52	1.35e-53	1.14e-54	9.4e-56	7.57e-57	5.96e-58	4.59e-59	3.47e-60	2.57e-61	1.86e-62	1.33e-63	9.3e-65	6.4e-66	4.33e-67	2.88e-68	1.89e-69	
1.42e-69	8.96e-71	5.58e-72	3.42e-73	2.09e-74	1.55e-74	7.94e-73	4.18e-71	2.08e-69	9.74e-68	4.31e-66	1.8e-64	7.09e-63	2.63e-61	9.23e-60	3.05e-58	9.49e-57	2.78e-55	7.67e-54	1.99e-52	4.85e-51	1.11e-49	2.37e-48	4.76e-47	8.92e-46	1.56e-44	2.54e-43	3.84e-42	5.38e-41	6.98e-40	8.33e-39	9.14e-38	9.18e-37	8.41e-36	6.99e-35	5.24e-34	3.54e-33	2.13e-32	1.14e-31	5.4e-31	2.24e-30	8.06e-30	2.51e-29	6.72e-29	1.55e-28	3.18e-28	6.08e-28	1.11e-27	1.82e-27	2.4e-27	2.36e-27	1.82e-27	1.17e-27	6.85e-28	3.73e-28	1.88e-28	8.66e-29	3.58e-29	1.33e-29	4.42e-30	1.33e-30	3.63e-31	9.09e-32	2.09e-32	4.47e-33	8.86e-34	1.64e-34	2.86e-35	4.7e-36	7.29e-37	1.07e-37	1.51e-38	2.01e-39	2.58e-40	3.17e-41	3.73e-42	4.24e-43	4.65e-44	4.92e-45	5.04e-46	5.01e-47	4.82e-48	4.51e-49	4.11e-50	3.65e-51	3.15e-52	2.66e-53	2.19e-54	1.76e-55	1.39e-56	1.07e-57	8.1e-59	6e-60	4.36e-61	3.11e-62	2.18e-63	1.5e-64	1.02e-65	6.77e-67	4.44e-68	
3.24e-68	2.05e-69	1.28e-70	7.83e-72	4.86e-73	7.4e-73	3.85e-71	1.96e-69	9.47e-68	4.31e-66	1.85e-64	7.52e-63	2.88e-61	1.04e-59	3.56e-58	1.15e-56	3.48e-55	9.97e-54	2.68e-52	6.8e-51	1.62e-49	3.62e-48	7.59e-47	1.49e-45	2.73e-44	4.68e-43	7.47e-42	1.11e-40	1.52e-39	1.93e-38	2.27e-37	2.44e-36	2.41e-35	2.16e-34	1.77e-33	1.3e-32	8.63e-32	5.12e-31	2.69e-30	1.25e-29	5.11e-29	1.81e-28	5.57e-28	1.47e-27	3.36e-27	6.8e-27	1.29e-26	2.33e-26	3.76e-26	4.9e-26	4.81e-26	3.7e-26	2.4e-26	1.41e-26	7.72e-27	3.92e-27	1.81e-27	7.54e-28	2.8e-28	9.37e-29	2.83e-29	7.76e-30	1.95e-30	4.5e-31	9.63e-32	1.92e-32	3.56e-33	6.21e-34	1.02e-34	1.59e-35	2.35e-36	3.3e-37	4.42e-38	5.66e-39	6.96e-40	8.23e-41	9.36e-42	1.03e-42	1.09e-43	1.12e-44	1.11e-45	1.07e-46	1e-47	9.14e-49	8.11e-50	7.02e-51	5.93e-52	4.89e-53	3.94e-54	3.11e-55	2.4e-56	1.81e-57	1.34e-58	9.78e-60	6.98e-61	4.89e-62	3.37e-63	2.28e-64	1.52e-65	9.99e-67	
7.09e-67	4.48e-68	2.79e-69	1.71e-70	1.1e-71	3.41e-71	1.76e-69	8.69e-68	4.07e-66	1.8e-64	7.52e-63	2.97e-61	1.11e-59	3.91e-58	1.3e-56	4.09e-55	1.21e-53	3.39e-52	8.91e-51	2.21e-49	5.14e-48	1.12e-46	2.31e-45	4.44e-44	7.97e-43	1.34e-41	2.09e-40	3.04e-39	4.1e-38	5.11e-37	5.88e-36	6.21e-35	6.01e-34	5.31e-33	4.26e-32	3.09e-31	2.01e-30	1.17e-29	6.06e-29	2.77e-28	1.11e-27	3.89e-27	1.18e-26	3.07e-26	6.93e-26	1.39e-25	2.6e-25	4.64e-25	7.41e-25	9.55e-25	9.34e-25	7.18e-25	4.68e-25	2.76e-25	1.53e-25	7.82e-26	3.63e-26	1.52e-26	5.66e-27	1.9e-27	5.75e-28	1.58e-28	3.99e-29	9.25e-30	1.98e-30	3.96e-31	7.38e-32	1.29e-32	2.13e-33	3.32e-34	4.9e-35	6.9e-36	9.27e-37	1.19e-37	1.47e-38	1.73e-39	1.97e-40	2.17e-41	2.3e-42	2.36e-43	2.35e-44	2.27e-45	2.13e-46	1.95e-47	1.73e-48	1.5e-49	1.27e-50	1.04e-51	8.42e-53	6.65e-54	5.13e-55	3.89e-56	2.88e-57	2.1e-58	1.5e-59	1.05e-60	7.25e-62	4.92e-63	3.28e-64	2.15e-65	
1.48e-65	9.38e-67	5.84e-68	3.59e-69	2.45e-70	1.5e-69	7.54e-68	3.62e-66	1.65e-64	7.09e-63	2.88e-61	1.11e-59	4.03e-58	1.39e-56	4.5e-55	1.38e-53	4e-52	1.09e-50	2.81e-49	6.8e-48	1.55e-46	3.32e-45	6.66e-44	1.25e-42	2.21e-41	3.63e-40	5.57e-39	7.94e-38	1.05e-36	1.28e-35	1.45e-34	1.51e-33	1.43e-32	1.24e-31	9.78e-31	6.96e-30	4.46e-29	2.55e-28	1.3e-27	5.85e-27	2.31e-26	7.96e-26	2.38e-25	6.12e-25	1.36e-24	2.7e-24	5e-24	8.81e-24	1.39e-23	1.78e-23	1.73e-23	1.33e-23	8.7e-24	5.18e-24	2.88e-24	1.49e-24	6.94e-25	2.91e-25	1.09e-25	3.68e-26	1.12e-26	3.09e-27	7.81e-28	1.82e-28	3.91e-29	7.82e-30	1.46e-30	2.56e-31	4.23e-32	6.61e-33	9.8e-34	1.38e-34	1.86e-35	2.39e-36	2.95e-37	3.49e-38	3.99e-39	4.38e-40	4.66e-41	4.79e-42	4.77e-43	4.61e-44	4.33e-45	3.96e-46	3.52e-47	3.05e-48	2.58e-49	2.13e-50	1.72e-51	1.36e-52	1.05e-53	7.96e-55	5.91e-56	4.31e-57	3.08e-58	2.16e-59	1.49e-60	1.01e-61	6.75e-63	4.43e-64	
2.96e-64	1.88e-65	1.17e-66	7.19e-68	5.54e-69	6.2e-68	3.05e-66	1.42e-64	6.29e-63	2.63e-61	1.04e-59	3.91e-58	1.39e-56	4.65e-55	1.47e-53	4.41e-52	1.25e-50	3.33e-49	8.38e-48	1.99e-46	4.43e-45	9.28e-44	1.83e-42	3.37e-41	5.81e-40	9.38e-39	1.41e-37	1.97e-36	2.56e-35	3.07e-34	3.41e-33	3.47e-32	3.24e-31	2.76e-30	2.14e-29	1.5e-28	9.43e-28	5.31e-27	2.66e-26	1.18e-25	4.58e-25	1.55e-24	4.57e-24	1.16e-23	2.56e-23	5.01e-23	9.15e-23	1.59e-22	2.48e-22	3.15e-22	3.05e-22	2.35e-22	1.54e-22	9.25e-23	5.19e-23	2.69e-23	1.26e-23	5.33e-24	2.01e-24	6.79e-25	2.07e-25	5.75e-26	1.46e-26	3.4e-27	7.35e-28	1.47e-28	2.76e-29	4.86e-30	8.05e-31	1.26e-31	1.87e-32	2.64e-33	3.56e-34	4.59e-35	5.67e-36	6.73e-37	7.68e-38	8.47e-39	9.01e-40	9.27e-41	9.25e-42	8.95e-43	8.42e-44	7.7e-45	6.85e-46	5.95e-47	5.04e-48	4.16e-49	3.37e-50	2.66e-51	2.06e-52	1.56e-53	1.16e-54	8.45e-56	6.05e-57	4.25e-58	2.93e-59	1.99e-60	1.33e-61	8.74e-63	
5.66e-63	3.58e-64	2.24e-65	1.38e-66	1.31e-67	2.42e-66	1.16e-64	5.26e-63	2.26e-61	9.23e-60	3.56e-58	1.3e-56	4.5e-55	1.47e-53	4.56e-52	1.33e-50	3.69e-49	9.63e-48	2.37e-46	5.5e-45	1.2e-43	2.46e-42	4.75e-41	8.59e-40	1.45e-38	2.3e-37	3.39e-36	4.65e-35	5.93e-34	6.99e-33	7.6e-32	7.61e-31	6.99e-30	5.85e-29	4.45e-28	3.06e-27	1.9e-26	1.05e-25	5.17e-25	2.25e-24	8.62e-24	2.88e-23	8.35e-23	2.1e-22	4.56e-22	8.84e-22	1.6e-21	2.74e-21	4.22e-21	5.3e-21	5.12e-21	3.95e-21	2.61e-21	1.57e-21	8.9e-22	4.65e-22	2.19e-22	9.29e-23	3.52e-23	1.19e-23	3.66e-24	1.02e-24	2.6e-25	6.08e-26	1.32e-26	2.65e-27	4.98e-28	8.79e-29	1.46e-29	2.29e-30	3.41e-31	4.82e-32	6.51e-33	8.4e-34	1.04e-34	1.24e-35	1.41e-36	1.56e-37	1.66e-38	1.71e-39	1.71e-40	1.66e-41	1.56e-42	1.43e-43	1.27e-44	1.11e-45	9.38e-47	7.77e-48	6.28e-49	4.97e-50	3.85e-51	2.92e-52	2.17e-53	1.58e-54	1.13e-55	7.98e-57	5.51e-58	3.74e-59	2.5e-60	1.64e-61	
1.03e-61	6.53e-63	4.08e-64	2.52e-65	3.33e-66	8.9e-65	4.14e-63	1.83e-61	7.68e-60	3.05e-58	1.15e-56	4.09e-55	1.38e-53	4.41e-52	1.33e-50	3.82e-49	1.03e-47	2.63e-46	6.35e-45	1.44e-43	3.08e-42	6.2e-41	1.17e-39	2.08e-38	3.45e-37	5.35e-36	7.74e-35	1.04e-33	1.3e-32	1.51e-31	1.61e-30	1.59e-29	1.43e-28	1.18e-27	8.81e-27	5.96e-26	3.63e-25	1.97e-24	9.57e-24	4.1e-23	1.54e-22	5.08e-22	1.45e-21	3.6e-21	7.74e-21	1.48e-20	2.64e-20	4.48e-20	6.81e-20	8.48e-20	8.17e-20	6.3e-20	4.18e-20	2.55e-20	1.45e-20	7.63e-21	3.63e-21	1.54e-21	5.86e-22	2e-22	6.16e-23	1.72e-23	4.41e-24	1.04e-24	2.25e-25	4.54e-26	8.57e-27	1.51e-27	2.52e-28	3.97e-29	5.91e-30	8.39e-31	1.13e-31	1.47e-32	1.82e-33	2.17e-34	2.48e-35	2.74e-36	2.93e-37	3.02e-38	3.02e-39	2.93e-40	2.76e-41	2.53e-42	2.26e-43	1.97e-44	1.67e-45	1.38e-46	1.12e-47	8.86e-49	6.87e-50	5.22e-51	3.88e-52	2.83e-53	2.03e-54	1.43e-55	9.88e-57	6.72e-58	4.49e-59	2.96e-60	
1.79e-60	1.14e-61	7.1e-63	4.39e-64	9.08e-65	3.07e-63	1.39e-61	6e-60	2.45e-58	9.49e-57	3.48e-55	1.21e-53	4e-52	1.25e-50	3.69e-49	1.03e-47	2.73e-46	6.82e-45	1.61e-43	3.58e-42	7.5e-41	1.48e-39	2.74e-38	4.76e-37	7.75e-36	1.18e-34	1.68e-33	2.22e-32	2.72e-31	3.09e-30	3.25e-29	3.14e-28	2.78e-27	2.25e-26	1.65e-25	1.1e-24	6.58e-24	3.53e-23	1.68e-22	7.08e-22	2.63e-21	8.51e-21	2.4e-20	5.86e-20	1.25e-19	2.36e-19	4.15e-19	6.95e-19	1.04e-18	1.29e-18	1.24e-18	9.56e-19	6.38e-19	3.92e-19	2.25e-19	1.19e-19	5.69e-20	2.43e-20	9.3e-21	3.19e-21	9.87e-22	2.77e-22	7.12e-23	1.68e-23	3.66e-24	7.42e-25	1.4e-25	2.49e-26	4.15e-27	6.54e-28	9.78e-29	1.39e-29	1.89e-30	2.44e-31	3.03e-32	3.62e-33	4.15e-34	4.6e-35	4.91e-36	5.08e-37	5.09e-38	4.94e-39	4.66e-40	4.28e-41	3.82e-42	3.33e-43	2.83e-44	2.34e-45	1.9e-46	1.51e-47	1.17e-48	8.88e-50	6.62e-51	4.84e-52	3.47e-53	2.44e-54	1.69e-55	1.15e-56	7.69e-58	5.07e-59	
2.97e-59	1.88e-60	1.18e-61	7.3e-63	2.58e-63	9.98e-62	4.41e-60	1.85e-58	7.36e-57	2.78e-55	9.97e-54	3.39e-52	1.09e-50	3.33e-49	9.63e-48	2.63e-46	6.82e-45	1.67e-43	3.85e-42	8.4e-41	1.72e-39	3.33e-38	6.06e-37	1.03e-35	1.65e-34	2.46e-33	3.44e-32	4.46e-31	5.38e-30	6.01e-29	6.2e-28	5.89e-27	5.13e-26	4.08e-25	2.95e-24	1.93e-23	1.13e-22	5.98e-22	2.8e-21	1.16e-20	4.24e-20	1.35e-19	3.76e-19	9.06e-19	1.9e-18	3.56e-18	6.19e-18	1.02e-17	1.52e-17	1.86e-17	1.78e-17	1.38e-17	9.24e-18	5.72e-18	3.31e-18	1.77e-18	8.49e-19	3.65e-19	1.4e-19	4.83e-20	1.5e-20	4.24e-21	1.09e-21	2.59e-22	5.66e-23	1.15e-23	2.18e-24	3.88e-25	6.5e-26	1.03e-26	1.54e-27	2.19e-28	2.98e-29	3.87e-30	4.82e-31	5.75e-32	6.62e-33	7.33e-34	7.85e-35	8.13e-36	8.15e-37	7.93e-38	7.49e-39	6.88e-40	6.16e-41	5.37e-42	4.56e-43	3.79e-44	3.07e-45	2.44e-46	1.89e-47	1.44e-48	1.07e-49	7.86e-51	5.64e-52	3.98e-53	2.75e-54	1.87e-55	1.26e-56	8.27e-58	
4.67e-58	2.97e-59	1.86e-60	1.16e-61	7.41e-62	3.04e-60	1.31e-58	5.36e-57	2.08e-55	7.67e-54	2.68e-52	8.91e-51	2.81e-49	8.38e-48	2.37e-46	6.35e-45	1.61e-43	3.85e-42	8.72e-41	1.86e-39	3.75e-38	7.11e-37	1.27e-35	2.12e-34	3.32e-33	4.87e-32	6.67e-31	8.51e-30	1.01e-28	1.11e-27	1.12e-26	1.05e-25	8.96e-25	7e-24	4.98e-23	3.2e-22	1.85e-21	9.6e-21	4.42e-20	1.81e-19	6.48e-19	2.04e-18	5.58e-18	1.33e-17	2.75e-17	5.09e-17	8.74e-17	1.42e-16	2.09e-16	2.53e-16	2.42e-16	1.87e-16	1.27e-16	7.91e-17	4.62e-17	2.48e-17	1.2e-17	5.19e-18	2e-18	6.94e-19	2.17e-19	6.15e-20	1.59e-20	3.79e-21	8.32e-22	1.7e-22	3.23e-23	5.76e-24	9.67e-25	1.53e-25	2.3e-26	3.29e-27	4.48e-28	5.83e-29	7.27e-30	8.7e-31	1e-31	1.11e-32	1.19e-33	1.24e-34	1.24e-35	1.21e-36	1.15e-37	1.05e-38	9.44e-40	8.23e-41	7.01e-42	5.83e-43	4.73e-44	3.76e-45	2.92e-46	2.22e-47	1.66e-48	1.22e-49	8.73e-51	6.16e-52	4.27e-53	2.91e-54	1.95e-55	1.29e-56	
7e-57	4.45e-58	2.78e-59	1.76e-60	2.07e-60	8.71e-59	3.65e-57	1.46e-55	5.53e-54	1.99e-52	6.8e-51	2.21e-49	6.8e-48	1.99e-46	5.5e-45	1.44e-43	3.58e-42	8.4e-41	1.86e-39	3.9e-38	7.7e-37	1.43e-35	2.5e-34	4.11e-33	6.33e-32	9.11e-31	1.23e-29	1.53e-28	1.79e-27	1.93e-26	1.92e-25	1.76e-24	1.48e-23	1.14e-22	7.96e-22	5.03e-21	2.86e-20	1.46e-19	6.61e-19	2.65e-18	9.38e-18	2.9e-17	7.83e-17	1.84e-16	3.76e-16	6.88e-16	1.17e-15	1.87e-15	2.71e-15	3.26e-15	3.1e-15	2.41e-15	1.64e-15	1.03e-15	6.1e-16	3.3e-16	1.61e-16	6.98e-17	2.71e-17	9.44e-18	2.97e-18	8.46e-19	2.2e-19	5.26e-20	1.16e-20	2.37e-21	4.54e-22	8.12e-23	1.37e-23	2.17e-24	3.27e-25	4.68e-26	6.39e-27	8.34e-28	1.04e-28	1.25e-29	1.44e-30	1.6e-31	1.72e-32	1.79e-33	1.8e-34	1.76e-35	1.66e-36	1.53e-37	1.37e-38	1.2e-39	1.02e-40	8.51e-42	6.92e-43	5.5e-44	4.28e-45	3.27e-46	2.44e-47	1.79e-48	1.29e-49	9.07e-51	6.29e-52	4.29e-53	2.88e-54	1.9e-55	
9.95e-56	6.33e-57	3.97e-58	2.57e-59	5.57e-59	2.33e-57	9.56e-56	3.72e-54	1.38e-52	4.85e-51	1.62e-49	5.14e-48	1.55e-46	4.43e-45	1.2e-43	3.08e-42	7.5e-41	1.72e-39	3.75e-38	7.7e-37	1.49e-35	2.72e-34	4.67e-33	7.53e-32	1.14e-30	1.61e-29	2.12e-28	2.61e-27	2.99e-26	3.17e-25	3.1e-24	2.8e-23	2.31e-22	1.75e-21	1.2e-20	7.47e-20	4.18e-19	2.09e-18	9.34e-18	3.69e-17	1.28e-16	3.91e-16	1.04e-15	2.4e-15	4.86e-15	8.77e-15	1.47e-14	2.32e-14	3.32e-14	3.97e-14	3.77e-14	2.93e-14	2.01e-14	1.28e-14	7.61e-15	4.14e-15	2.03e-15	8.89e-16	3.47e-16	1.22e-16	3.84e-17	1.1e-17	2.88e-18	6.91e-19	1.53e-19	3.15e-20	6.03e-21	1.08e-21	1.83e-22	2.92e-23	4.41e-24	6.32e-25	8.65e-26	1.13e-26	1.42e-27	1.7e-28	1.97e-29	2.19e-30	2.36e-31	2.45e-32	2.47e-33	2.42e-34	2.29e-35	2.11e-36	1.9e-37	1.66e-38	1.42e-39	1.18e-40	9.61e-42	7.65e-43	5.96e-44	4.55e-45	3.4e-46	2.5e-47	1.8e-48	1.27e-49	8.81e-51	6.01e-52	4.04e-53	2.67e-54	
1.34e-54	8.54e-56	5.36e-57	3.63e-58	1.41e-57	5.86e-56	2.34e-54	8.91e-53	3.22e-51	1.11e-49	3.62e-48	1.12e-46	3.32e-45	9.28e-44	2.46e-42	6.2e-41	1.48e-39	3.33e-38	7.11e-37	1.43e-35	2.72e-34	4.87e-33	8.21e-32	1.3e-30	1.93e-29	2.68e-28	3.48e-27	4.2e-26	4.72e-25	4.92e-24	4.74e-23	4.2e-22	3.41e-21	2.54e-20	1.71e-19	1.05e-18	5.76e-18	2.84e-17	1.24e-16	4.83e-16	1.65e-15	4.96e-15	1.3e-14	2.96e-14	5.91e-14	1.05e-13	1.74e-13	2.71e-13	3.84e-13	4.54e-13	4.3e-13	3.36e-13	2.32e-13	1.49e-13	8.95e-14	4.91e-14	2.42e-14	1.07e-14	4.2e-15	1.48e-15	4.7e-16	1.36e-16	3.56e-17	8.59e-18	1.91e-18	3.95e-19	7.6e-20	1.37e-20	2.32e-21	3.71e-22	5.62e-23	8.08e-24	1.11e-24	1.45e-25	1.82e-26	2.2e-27	2.54e-28	2.84e-29	3.06e-30	3.19e-31	3.22e-32	3.15e-33	2.99e-34	2.77e-35	2.49e-36	2.18e-37	1.86e-38	1.55e-39	1.27e-40	1.01e-41	7.87e-43	6.01e-44	4.5e-45	3.3e-46	2.38e-47	1.68e-48	1.17e-49	7.99e-51	5.37e-52	3.55e-53	
1.71e-53	1.09e-54	6.85e-56	5.02e-57	3.38e-56	1.38e-54	5.37e-53	2e-51	7.06e-50	2.37e-48	7.59e-47	2.31e-45	6.66e-44	1.83e-42	4.75e-41	1.17e-39	2.74e-38	6.06e-37	1.27e-35	2.5e-34	4.67e-33	8.21e-32	1.36e-30	2.11e-29	3.08e-28	4.2e-27	5.35e-26	6.36e-25	7.02e-24	7.19e-23	6.81e-22	5.93e-21	4.74e-20	3.46e-19	2.3e-18	1.38e-17	7.48e-17	3.62e-16	1.56e-15	5.97e-15	2.01e-14	5.92e-14	1.53e-13	3.43e-13	6.77e-13	1.19e-12	1.94e-12	2.98e-12	4.16e-12	4.89e-12	4.62e-12	3.62e-12	2.52e-12	1.64e-12	9.92e-13	5.49e-13	2.73e-13	1.21e-13	4.79e-14	1.7e-14	5.43e-15	1.57e-15	4.16e-16	1.01e-16	2.25e-17	4.67e-18	9.03e-19	1.63e-19	2.78e-20	4.46e-21	6.77e-22	9.77e-23	1.34e-23	1.76e-24	2.22e-25	2.68e-26	3.11e-27	3.48e-28	3.76e-29	3.92e-30	3.97e-31	3.89e-32	3.7e-33	3.42e-34	3.08e-35	2.71e-36	2.31e-37	1.93e-38	1.58e-39	1.26e-40	9.83e-42	7.52e-43	5.63e-44	4.14e-45	2.99e-46	2.11e-47	1.47e-48	1.01e-49	6.76e-51	4.47e-52	
2.07e-52	1.32e-53	8.29e-55	6.92e-56	7.57e-55	3.02e-53	1.15e-51	4.19e-50	1.45e-48	4.76e-47	1.49e-45	4.44e-44	1.25e-42	3.37e-41	8.59e-40	2.08e-38	4.76e-37	1.03e-35	2.12e-34	4.11e-33	7.53e-32	1.3e-30	2.11e-29	3.22e-28	4.61e-27	6.19e-26	7.75e-25	9.05e-24	9.82e-23	9.89e-22	9.2e-21	7.88e-20	6.19e-19	4.45e-18	2.9e-17	1.72e-16	9.13e-16	4.35e-15	1.84e-14	6.92e-14	2.29e-13	6.64e-13	1.69e-12	3.74e-12	7.27e-12	1.26e-11	2.03e-11	3.07e-11	4.23e-11	4.93e-11	4.65e-11	3.66e-11	2.57e-11	1.69e-11	1.03e-11	5.76e-12	2.88e-12	1.29e-12	5.13e-13	1.83e-13	5.9e-14	1.72e-14	4.58e-15	1.12e-15	2.51e-16	5.22e-17	1.01e-17	1.84e-18	3.14e-19	5.05e-20	7.7e-21	1.11e-21	1.54e-22	2.02e-23	2.55e-24	3.09e-25	3.59e-26	4.03e-27	4.36e-28	4.56e-29	4.62e-30	4.53e-31	4.32e-32	4.01e-33	3.61e-34	3.17e-35	2.72e-36	2.27e-37	1.86e-38	1.48e-39	1.16e-40	8.89e-42	6.67e-43	4.91e-44	3.54e-45	2.51e-46	1.75e-47	1.2e-48	8.05e-50	5.33e-51	
2.36e-51	1.5e-52	9.47e-54	9.7e-55	1.58e-53	6.18e-52	2.31e-50	8.19e-49	2.77e-47	8.92e-46	2.73e-44	7.97e-43	2.21e-41	5.81e-40	1.45e-38	3.45e-37	7.75e-36	1.65e-34	3.32e-33	6.33e-32	1.14e-30	1.93e-29	3.08e-28	4.61e-27	6.49e-26	8.55e-25	1.05e-23	1.21e-22	1.29e-21	1.28e-20	1.17e-19	9.83e-19	7.6e-18	5.36e-17	3.44e-16	2e-15	1.05e-14	4.9e-14	2.04e-13	7.52e-13	2.45e-12	6.98e-12	1.74e-11	3.81e-11	7.31e-11	1.25e-10	1.98e-10	2.96e-10	4.02e-10	4.65e-10	4.38e-10	3.47e-10	2.46e-10	1.63e-10	1.01e-10	5.66e-11	2.86e-11	1.29e-11	5.17e-12	1.86e-12	6.03e-13	1.77e-13	4.74e-14	1.16e-14	2.62e-15	5.49e-16	1.07e-16	1.95e-17	3.34e-18	5.39e-19	8.25e-20	1.2e-20	1.66e-21	2.19e-22	2.76e-23	3.35e-24	3.91e-25	4.39e-26	4.76e-27	4.99e-28	5.07e-29	4.99e-30	4.76e-31	4.42e-32	3.99e-33	3.51e-34	3.01e-35	2.53e-36	2.07e-37	1.65e-38	1.29e-39	9.92e-41	7.45e-42	5.49e-43	3.97e-44	2.81e-45	1.96e-46	1.34e-47	9.05e-49	6e-50	
2.53e-50	1.62e-51	1.02e-52	1.4e-53	3.08e-52	1.18e-50	4.3e-49	1.49e-47	4.95e-46	1.56e-44	4.68e-43	1.34e-41	3.63e-40	9.38e-39	2.3e-37	5.35e-36	1.18e-34	2.46e-33	4.87e-32	9.11e-31	1.61e-29	2.68e-28	4.2e-27	6.19e-26	8.55e-25	1.11e-23	1.34e-22	1.51e-21	1.59e-20	1.54e-19	1.39e-18	1.15e-17	8.73e-17	6.06e-16	3.82e-15	2.18e-14	1.12e-13	5.16e-13	2.11e-12	7.66e-12	2.45e-11	6.86e-11	1.69e-10	3.63e-10	6.86e-10	1.16e-09	1.81e-09	2.66e-09	3.57e-09	4.1e-09	3.85e-09	3.06e-09	2.19e-09	1.47e-09	9.17e-10	5.21e-10	2.65e-10	1.2e-10	4.87e-11	1.77e-11	5.78e-12	1.71e-12	4.6e-13	1.13e-13	2.57e-14	5.41e-15	1.06e-15	1.94e-16	3.34e-17	5.41e-18	8.3e-19	1.21e-19	1.68e-20	2.22e-21	2.82e-22	3.43e-23	4.01e-24	4.51e-25	4.9e-26	5.15e-27	5.24e-28	5.16e-29	4.94e-30	4.59e-31	4.16e-32	3.66e-33	3.15e-34	2.64e-35	2.16e-36	1.73e-37	1.36e-38	1.04e-39	7.84e-41	5.78e-42	4.18e-43	2.97e-44	2.07e-45	1.42e-46	9.59e-48	6.37e-49	
2.56e-49	1.63e-50	1.03e-51	2.06e-52	5.58e-51	2.09e-49	7.45e-48	2.54e-46	8.22e-45	2.54e-43	7.47e-42	2.09e-40	5.57e-39	1.41e-37	3.39e-36	7.74e-35	1.68e-33	3.44e-32	6.67e-31	1.23e-29	2.12e-28	3.48e-27	5.35e-26	7.75e-25	1.05e-23	1.34e-22	1.59e-21	1.77e-20	1.82e-19	1.74e-18	1.54e-17	1.25e-16	9.37e-16	6.39e-15	3.97e-14	2.23e-13	1.12e-12	5.08e-12	2.04e-11	7.27e-11	2.28e-10	6.29e-10	1.52e-09	3.22e-09	6e-09	1e-08	1.54e-08	2.22e-08	2.95e-08	3.35e-08	3.15e-08	2.52e-08	1.82e-08	1.24e-08	7.8e-09	4.47e-09	2.29e-09	1.05e-09	4.29e-10	1.57e-10	5.17e-11	1.54e-11	4.18e-12	1.04e-12	2.37e-13	5.01e-14	9.85e-15	1.81e-15	3.13e-16	5.09e-17	7.84e-18	1.15e-18	1.6e-19	2.12e-20	2.69e-21	3.29e-22	3.85e-23	4.35e-24	4.74e-25	4.99e-26	5.08e-27	5.02e-28	4.81e-29	4.48e-30	4.06e-31	3.59e-32	3.09e-33	2.59e-34	2.13e-35	1.71e-36	1.34e-37	1.03e-38	7.76e-40	5.73e-41	4.15e-42	2.95e-43	2.06e-44	1.42e-45	9.56e-47	6.35e-48	
2.42e-48	1.55e-49	9.84e-51	3.05e-51	9.37e-50	3.43e-48	1.2e-46	3.99e-45	1.27e-43	3.84e-42	1.11e-40	3.04e-39	7.94e-38	1.97e-36	4.65e-35	1.04e-33	2.22e-32	4.46e-31	8.51e-30	1.53e-28	2.61e-27	4.2e-26	6.36e-25	9.05e-24	1.21e-22	1.51e-21	1.77e-20	1.93e-19	1.95e-18	1.84e-17	1.6e-16	1.28e-15	9.38e-15	6.29e-14	3.83e-13	2.11e-12	1.05e-11	4.66e-11	1.84e-10	6.43e-10	1.98e-09	5.36e-09	1.27e-08	2.65e-08	4.87e-08	8e-08	1.21e-07	1.72e-07	2.26e-07	2.55e-07	2.39e-07	1.93e-07	1.41e-07	9.67e-08	6.16e-08	3.56e-08	1.85e-08	8.54e-09	3.52e-09	1.3e-09	4.32e-10	1.3e-10	3.54e-11	8.85e-12	2.03e-12	4.33e-13	8.56e-14	1.58e-14	2.74e-15	4.49e-16	6.93e-17	1.02e-17	1.42e-18	1.89e-19	2.41e-20	2.95e-21	3.47e-22	3.93e-23	4.29e-24	4.53e-25	4.62e-26	4.57e-27	4.39e-28	4.1e-29	3.73e-30	3.3e-31	2.84e-32	2.39e-33	1.97e-34	1.58e-35	1.24e-36	9.55e-38	7.2e-39	5.33e-40	3.86e-41	2.75e-42	1.92e-43	1.32e-44	8.94e-46	5.94e-47	
2.15e-47	1.38e-48	8.79e-50	4.41e-50	1.46e-48	5.22e-47	1.79e-45	5.83e-44	1.81e-42	5.38e-41	1.52e-39	4.1e-38	1.05e-36	2.56e-35	5.93e-34	1.3e-32	2.72e-31	5.38e-30	1.01e-28	1.79e-27	2.99e-26	4.72e-25	7.02e-24	9.82e-23	1.29e-21	1.59e-20	1.82e-19	1.95e-18	1.95e-17	1.8e-16	1.54e-15	1.21e-14	8.73e-14	5.75e-13	3.45e-12	1.87e-11	9.1e-11	3.96e-10	1.54e-09	5.27e-09	1.59e-08	4.24e-08	9.88e-08	2.02e-07	3.66e-07	5.92e-07	8.82e-07	1.24e-06	1.59e-06	1.79e-06	1.68e-06	1.36e-06	1.01e-06	7e-07	4.51e-07	2.64e-07	1.38e-07	6.44e-08	2.69e-08	1e-08	3.36e-09	1.02e-09	2.8e-10	7.04e-11	1.63e-11	3.49e-12	6.93e-13	1.29e-13	2.24e-14	3.69e-15	5.72e-16	8.43e-17	1.18e-17	1.58e-18	2.02e-19	2.48e-20	2.92e-21	3.32e-22	3.63e-23	3.84e-24	3.93e-25	3.9e-26	3.75e-27	3.51e-28	3.2e-29	2.83e-30	2.45e-31	2.06e-32	1.7e-33	1.37e-34	1.08e-35	8.29e-37	6.26e-38	4.63e-39	3.37e-40	2.4e-41	1.68e-42	1.16e-43	7.83e-45	5.21e-46	
1.78e-46	1.14e-47	7.37e-49	6.12e-49	2.09e-47	7.33e-46	2.46e-44	7.86e-43	2.4e-41	6.98e-40	1.93e-38	5.11e-37	1.28e-35	3.07e-34	6.99e-33	1.51e-31	3.09e-30	6.01e-29	1.11e-27	1.93e-26	3.17e-25	4.92e-24	7.19e-23	9.89e-22	1.28e-20	1.54e-19	1.74e-18	1.84e-17	1.8e-16	1.64e-15	1.37e-14	1.06e-13	7.53e-13	4.87e-12	2.87e-11	1.53e-10	7.3e-10	3.12e-09	1.19e-08	4e-08	1.19e-07	3.09e-07	7.08e-07	1.43e-06	2.54e-06	4.04e-06	5.92e-06	8.17e-06	1.04e-05	1.15e-05	1.08e-05	8.86e-06	6.64e-06	4.67e-06	3.05e-06	1.8e-06	9.53e-07	4.5e-07	1.9e-07	7.15e-08	2.42e-08	7.39e-09	2.05e-09	5.2e-10	1.21e-10	2.61e-11	5.22e-12	9.75e-13	1.71e-13	2.82e-14	4.4e-15	6.5e-16	9.14e-17	1.23e-17	1.58e-18	1.94e-19	2.29e-20	2.61e-21	2.86e-22	3.04e-23	3.12e-24	3.1e-25	2.99e-26	2.8e-27	2.56e-28	2.27e-29	1.96e-30	1.66e-31	1.37e-32	1.1e-33	8.7e-35	6.72e-36	5.08e-37	3.77e-38	2.74e-39	1.96e-40	1.37e-41	9.45e-43	6.4e-44	4.27e-45	
1.37e-45	8.83e-47	5.79e-48	7.99e-48	2.75e-46	9.47e-45	3.11e-43	9.76e-42	2.92e-40	8.33e-39	2.27e-37	5.88e-36	1.45e-34	3.41e-33	7.6e-32	1.61e-30	3.25e-29	6.2e-28	1.12e-26	1.92e-25	3.1e-24	4.74e-23	6.81e-22	9.2e-21	1.17e-19	1.39e-18	1.54e-17	1.6e-16	1.54e-15	1.37e-14	1.13e-13	8.61e-13	6e-12	3.81e-11	2.2e-10	1.15e-09	5.41e-09	2.27e-08	8.47e-08	2.8e-07	8.13e-07	2.08e-06	4.66e-06	9.22e-06	1.61e-05	2.53e-05	3.65e-05	4.95e-05	6.2e-05	6.84e-05	6.43e-05	5.3e-05	4.02e-05	2.87e-05	1.89e-05	1.13e-05	6.06e-06	2.9e-06	1.23e-06	4.71e-07	1.61e-07	4.97e-08	1.39e-08	3.56e-09	8.34e-10	1.81e-10	3.64e-11	6.84e-12	1.21e-12	2e-13	3.13e-14	4.65e-15	6.57e-16	8.86e-17	1.14e-17	1.41e-18	1.67e-19	1.91e-20	2.1e-21	2.23e-22	2.3e-23	2.29e-24	2.22e-25	2.08e-26	1.9e-27	1.69e-28	1.47e-29	1.24e-30	1.03e-31	8.29e-33	6.55e-34	5.06e-35	3.84e-36	2.85e-37	2.08e-38	1.48e-39	1.04e-40	7.19e-42	4.88e-43	3.26e-44	
9.86e-45	6.34e-46	4.27e-47	9.69e-47	3.33e-45	1.12e-43	3.62e-42	1.11e-40	3.26e-39	9.14e-38	2.44e-36	6.21e-35	1.51e-33	3.47e-32	7.61e-31	1.59e-29	3.14e-28	5.89e-27	1.05e-25	1.76e-24	2.8e-23	4.2e-22	5.93e-21	7.88e-20	9.83e-19	1.15e-17	1.25e-16	1.28e-15	1.21e-14	1.06e-13	8.61e-13	6.42e-12	4.4e-11	2.75e-10	1.56e-09	7.99e-09	3.68e-08	1.52e-07	5.55e-07	1.79e-06	5.11e-06	1.28e-05	2.81e-05	5.46e-05	9.4e-05	0.000145	0.000206	0.000274	0.000339	0.000371	0.000349	0.00029	0.000223	0.000161	0.000108	6.52e-05	3.54e-05	1.71e-05	7.39e-06	2.85e-06	9.87e-07	3.08e-07	8.69e-08	2.24e-08	5.3e-09	1.16e-09	2.35e-10	4.44e-11	7.86e-12	1.31e-12	2.06e-13	3.08e-14	4.37e-15	5.91e-16	7.65e-17	9.48e-18	1.13e-18	1.29e-19	1.43e-20	1.52e-21	1.57e-22	1.57e-23	1.52e-24	1.43e-25	1.31e-26	1.17e-27	1.02e-28	8.63e-30	7.15e-31	5.78e-32	4.58e-33	3.55e-34	2.69e-35	2e-36	1.46e-37	1.05e-38	7.35e-40	5.08e-41	3.45e-42	2.31e-43	
6.54e-44	4.21e-45	2.97e-46	1.08e-45	3.68e-44	1.22e-42	3.84e-41	1.16e-39	3.34e-38	9.18e-37	2.41e-35	6.01e-34	1.43e-32	3.24e-31	6.99e-30	1.43e-28	2.78e-27	5.13e-26	8.96e-25	1.48e-23	2.31e-22	3.41e-21	4.74e-20	6.19e-19	7.6e-18	8.73e-17	9.37e-16	9.38e-15	8.73e-14	7.53e-13	6e-12	4.4e-11	2.96e-10	1.81e-09	1.01e-08	5.08e-08	2.29e-07	9.26e-07	3.32e-06	1.05e-05	2.93e-05	7.19e-05	0.000155	0.000295	0.000499	0.000757	0.00105	0.00138	0.00168	0.00183	0.00172	0.00145	0.00113	0.000828	0.00056	0.000343	0.000189	9.26e-05	4.05e-05	1.58e-05	5.54e-06	1.75e-06	4.99e-07	1.3e-07	3.1e-08	6.82e-09	1.39e-09	2.65e-10	4.72e-11	7.92e-12	1.25e-12	1.88e-13	2.68e-14	3.64e-15	4.73e-16	5.89e-17	7.03e-18	8.09e-19	8.96e-20	9.59e-21	9.92e-22	9.95e-23	9.67e-24	9.13e-25	8.38e-26	7.49e-27	6.53e-28	5.55e-29	4.6e-30	3.73e-31	2.96e-32	2.3e-33	1.75e-34	1.3e-35	9.51e-37	6.82e-38	4.8e-39	3.32e-40	2.26e-41	1.51e-42	
4.01e-43	2.58e-44	1.95e-45	1.1e-44	3.71e-43	1.2e-41	3.72e-40	1.1e-38	3.12e-37	8.41e-36	2.16e-34	5.31e-33	1.24e-31	2.76e-30	5.85e-29	1.18e-27	2.25e-26	4.08e-25	7e-24	1.14e-22	1.75e-21	2.54e-20	3.46e-19	4.45e-18	5.36e-17	6.06e-16	6.39e-15	6.29e-14	5.75e-13	4.87e-12	3.81e-11	2.75e-10	1.81e-09	1.09e-08	5.96e-08	2.94e-07	1.3e-06	5.15e-06	1.81e-05	5.61e-05	0.000153	0.000367	0.000776	0.00145	0.0024	0.00359	0.00491	0.00632	0.0076	0.00819	0.00774	0.00656	0.00519	0.00386	0.00265	0.00164	0.000916	0.000456	0.000203	8.02e-05	2.84e-05	9.07e-06	2.62e-06	6.87e-07	1.65e-07	3.67e-08	7.56e-09	1.45e-09	2.6e-10	4.39e-11	6.99e-12	1.05e-12	1.51e-13	2.06e-14	2.69e-15	3.36e-16	4.03e-17	4.65e-18	5.17e-19	5.55e-20	5.77e-21	5.8e-22	5.65e-23	5.35e-24	4.93e-25	4.42e-26	3.86e-27	3.28e-28	2.73e-29	2.22e-30	1.76e-31	1.37e-32	1.04e-33	7.8e-35	5.71e-36	4.1e-37	2.89e-38	2.01e-39	1.37e-40	9.17e-42	
2.26e-42	1.46e-43	1.22e-44	1.02e-43	3.38e-42	1.08e-40	3.27e-39	9.5e-38	2.64e-36	6.99e-35	1.77e-33	4.26e-32	9.78e-31	2.14e-29	4.45e-28	8.81e-27	1.65e-25	2.95e-24	4.98e-23	7.96e-22	1.2e-20	1.71e-19	2.3e-18	2.9e-17	3.44e-16	3.82e-15	3.97e-14	3.83e-13	3.45e-12	2.87e-11	2.2e-10	1.56e-09	1.01e-08	5.96e-08	3.19e-07	1.55e-06	6.71e-06	2.6e-05	8.93e-05	0.000271	0.000724	0.0017	0.00351	0.00643	0.0105	0.0154	0.0207	0.0262	0.031	0.0332	0.0315	0.027	0.0216	0.0163	0.0113	0.00714	0.00404	0.00204	0.00092	0.000369	0.000133	4.28e-05	1.25e-05	3.31e-06	8.06e-07	1.8e-07	3.74e-08	7.23e-09	1.31e-09	2.22e-10	3.56e-11	5.4e-12	7.78e-13	1.07e-13	1.4e-14	1.76e-15	2.12e-16	2.45e-17	2.74e-18	2.95e-19	3.07e-20	3.1e-21	3.03e-22	2.88e-23	2.66e-24	2.39e-25	2.09e-26	1.79e-27	1.49e-28	1.21e-29	9.65e-31	7.52e-32	5.74e-33	4.3e-34	3.15e-35	2.27e-36	1.6e-37	1.11e-38	7.6e-40	5.11e-41	
1.16e-41	7.54e-43	7.29e-44	8.55e-43	2.78e-41	8.68e-40	2.59e-38	7.39e-37	2.01e-35	5.24e-34	1.3e-32	3.09e-31	6.96e-30	1.5e-28	3.06e-27	5.96e-26	1.1e-24	1.93e-23	3.2e-22	5.03e-21	7.47e-20	1.05e-18	1.38e-17	1.72e-16	2e-15	2.18e-14	2.23e-13	2.11e-12	1.87e-11	1.53e-10	1.15e-09	7.99e-09	5.08e-08	2.94e-07	1.55e-06	7.32e-06	3.11e-05	0.000118	0.000398	0.00118	0.00309	0.0071	0.0144	0.0258	0.0412	0.0594	0.0785	0.0975	0.114	0.121	0.115	0.0997	0.0812	0.0623	0.0439	0.0281	0.0161	0.00827	0.00378	0.00154	0.00056	0.000183	5.39e-05	1.45e-05	3.56e-06	8.04e-07	1.68e-07	3.28e-08	5.97e-09	1.02e-09	1.65e-10	2.52e-11	3.65e-12	5.03e-13	6.63e-14	8.36e-15	1.01e-15	1.18e-16	1.32e-17	1.43e-18	1.49e-19	1.51e-20	1.48e-21	1.41e-22	1.31e-23	1.18e-24	1.04e-25	8.88e-27	7.42e-28	6.06e-29	4.84e-30	3.78e-31	2.89e-32	2.17e-33	1.59e-34	1.15e-35	8.14e-37	5.66e-38	3.87e-39	2.61e-40	
5.48e-41	3.56e-42	4.18e-43	6.42e-42	2.05e-40	6.29e-39	1.84e-37	5.17e-36	1.38e-34	3.54e-33	8.63e-32	2.01e-30	4.46e-29	9.43e-28	1.9e-26	3.63e-25	6.58e-24	1.13e-22	1.85e-21	2.86e-20	4.18e-19	5.76e-18	7.48e-17	9.13e-16	1.05e-14	1.12e-13	1.12e-12	1.05e-11	9.1e-11	7.3e-10	5.41e-09	3.68e-08	2.29e-07	1.3e-06	6.71e-06	3.11e-05	0.00013	0.000482	0.00159	0.00463	0.0119	0.0267	0.0528	0.0925	0.144	0.203	0.261	0.317	0.362	0.381	0.364	0.322	0.268	0.21	0.152	0.099	0.058	0.0303	0.014	0.00578	0.00213	0.000704	0.00021	5.7e-05	1.42e-05	3.23e-06	6.83e-07	1.34e-07	2.47e-08	4.25e-09	6.91e-10	1.06e-10	1.55e-11	2.15e-12	2.85e-13	3.62e-14	4.4e-15	5.14e-16	5.79e-17	6.29e-18	6.6e-19	6.71e-20	6.61e-21	6.32e-22	5.88e-23	5.31e-24	4.68e-25	4.02e-26	3.37e-27	2.76e-28	2.21e-29	1.73e-30	1.33e-31	9.96e-33	7.34e-34	5.31e-35	3.77e-36	2.63e-37	1.8e-38	1.21e-39	
2.34e-40	1.53e-41	2.28e-42	4.3e-41	1.35e-39	4.07e-38	1.17e-36	3.22e-35	8.48e-34	2.13e-32	5.12e-31	1.17e-29	2.55e-28	5.31e-27	1.05e-25	1.97e-24	3.53e-23	5.98e-22	9.6e-21	1.46e-19	2.09e-18	2.84e-17	3.62e-16	4.35e-15	4.9e-14	5.16e-13	5.08e-12	4.66e-11	3.96e-10	3.12e-09	2.27e-08	1.52e-07	9.26e-07	5.15e-06	2.6e-05	0.000118	0.000482	0.00176	0.00568	0.0162	0.0408	0.0897	0.172	0.29	0.431	0.576	0.705	0.813	0.892	0.923	0.895	0.82	0.716	0.59	0.447	0.305	0.185	0.099	0.0467	0.0195	0.00727	0.00243	0.000734	0.000201	5.06e-05	1.17e-05	2.49e-06	4.95e-07	9.17e-08	1.59e-08	2.61e-09	4.04e-10	5.94e-11	8.3e-12	1.11e-12	1.41e-13	1.73e-14	2.03e-15	2.3e-16	2.51e-17	2.64e-18	2.7e-19	2.67e-20	2.56e-21	2.39e-22	2.17e-23	1.92e-24	1.65e-25	1.39e-26	1.14e-27	9.14e-29	7.18e-30	5.52e-31	4.16e-32	3.07e-33	2.23e-34	1.58e-35	1.11e-36	7.61e-38	5.14e-39	
9.07e-40	5.93e-41	1.17e-41	2.55e-40	7.89e-39	2.33e-37	6.6e-36	1.79e-34	4.62e-33	1.14e-31	2.69e-30	6.06e-29	1.3e-27	2.66e-26	5.17e-25	9.57e-24	1.68e-22	2.8e-21	4.42e-20	6.61e-19	9.34e-18	1.24e-16	1.56e-15	1.84e-14	2.04e-13	2.11e-12	2.04e-11	1.84e-10	1.54e-09	1.19e-08	8.47e-08	5.55e-07	3.32e-06	1.81e-05	8.93e-05	0.000398	0.00159	0.00568	0.018	0.0506	0.124	0.263	0.474	0.73	0.974	1.17	1.3	1.38	1.43	1.45	1.43	1.38	1.3	1.18	0.99	0.751	0.498	0.283	0.138	0.0588	0.0222	0.00749	0.00229	0.000635	0.000161	3.77e-05	8.13e-06	1.63e-06	3.05e-07	5.36e-08	8.85e-09	1.38e-09	2.05e-10	2.88e-11	3.86e-12	4.96e-13	6.1e-14	7.21e-15	8.2e-16	9e-17	9.53e-18	9.77e-19	9.71e-20	9.36e-21	8.76e-22	7.98e-23	7.08e-24	6.12e-25	5.16e-26	4.25e-27	3.42e-28	2.7e-29	2.08e-30	1.57e-31	1.16e-32	8.45e-34	6.03e-35	4.22e-36	2.91e-37	1.97e-38	
3.16e-39	2.08e-40	5.53e-41	1.34e-39	4.05e-38	1.18e-36	3.28e-35	8.73e-34	2.22e-32	5.4e-31	1.25e-29	2.77e-28	5.85e-27	1.18e-25	2.25e-24	4.1e-23	7.08e-22	1.16e-20	1.81e-19	2.65e-18	3.69e-17	4.83e-16	5.97e-15	6.92e-14	7.52e-13	7.66e-12	7.27e-11	6.43e-10	5.27e-09	4e-08	2.8e-07	1.79e-06	1.05e-05	5.61e-05	0.000271	0.00118	0.00463	0.0162	0.0506	0.139	0.326	0.631	0.985	1.27	1.46	1.56	1.61	1.65	1.66	1.67	1.66	1.65	1.61	1.56	1.46	1.29	1.01	0.66	0.352	0.156	0.06	0.0205	0.00634	0.00178	0.000458	0.000108	2.36e-05	4.79e-06	9.07e-07	1.61e-07	2.68e-08	4.22e-09	6.3e-10	8.93e-11	1.21e-11	1.56e-12	1.93e-13	2.3e-14	2.63e-15	2.9e-16	3.09e-17	3.18e-18	3.17e-19	3.07e-20	2.89e-21	2.64e-22	2.35e-23	2.04e-24	1.73e-25	1.43e-26	1.15e-27	9.11e-29	7.05e-30	5.34e-31	3.97e-32	2.89e-33	2.07e-34	1.45e-35	1e-36	6.8e-38	
9.9e-39	6.53e-40	2.37e-40	6.1e-39	1.82e-37	5.21e-36	1.43e-34	3.73e-33	9.35e-32	2.24e-30	5.11e-29	1.11e-27	2.31e-26	4.58e-25	8.62e-24	1.54e-22	2.63e-21	4.24e-20	6.48e-19	9.38e-18	1.28e-16	1.65e-15	2.01e-14	2.29e-13	2.45e-12	2.45e-11	2.28e-10	1.98e-09	1.59e-08	1.19e-07	8.13e-07	5.11e-06	2.93e-05	0.000153	0.000724	0.00309	0.0119	0.0408	0.124	0.326	0.692	1.12	1.42	1.58	1.66	1.7	1.72	1.73	1.73	1.73	1.73	1.73	1.72	1.7	1.66	1.59	1.43	1.14	0.725	0.356	0.143	0.0497	0.0155	0.00442	0.00115	0.000276	6.1e-05	1.25e-05	2.4e-06	4.29e-07	7.23e-08	1.15e-08	1.73e-09	2.47e-10	3.37e-11	4.39e-12	5.47e-13	6.54e-14	7.53e-15	8.35e-16	8.94e-17	9.26e-18	9.29e-19	9.03e-20	8.53e-21	7.83e-22	7e-23	6.1e-24	5.18e-25	4.3e-26	3.48e-27	2.76e-28	2.14e-29	1.63e-30	1.21e-31	8.87e-33	6.36e-34	4.48e-35	3.1e-36	2.11e-37	
2.77e-38	1.84e-39	9.04e-40	2.42e-38	7.1e-37	2e-35	5.39e-34	1.39e-32	3.42e-31	8.06e-30	1.81e-28	3.89e-27	7.96e-26	1.55e-24	2.88e-23	5.08e-22	8.51e-21	1.35e-19	2.04e-18	2.9e-17	3.91e-16	4.96e-15	5.92e-14	6.64e-13	6.98e-12	6.86e-11	6.29e-10	5.36e-09	4.24e-08	3.09e-07	2.08e-06	1.28e-05	7.19e-05	0.000367	0.0017	0.0071	0.0267	0.0897	0.263	0.631	1.12	1.47	1.63	1.7	1.73	1.74	1.75	1.75	1.75	1.75	1.75	1.75	1.75	1.74	1.73	1.7	1.63	1.47	1.14	0.669	0.293	0.106	0.0337	0.00972	0.00257	0.000623	0.00014	2.91e-05	5.63e-06	1.02e-06	1.74e-07	2.79e-08	4.23e-09	6.1e-10	8.38e-11	1.1e-11	1.38e-12	1.66e-13	1.92e-14	2.15e-15	2.31e-16	2.41e-17	2.42e-18	2.37e-19	2.25e-20	2.07e-21	1.86e-22	1.63e-23	1.39e-24	1.16e-25	9.4e-27	7.48e-28	5.82e-29	4.44e-30	3.32e-31	2.43e-32	1.75e-33	1.24e-34	8.57e-36	5.85e-37	
6.92e-38	4.63e-39	3.01e-39	8.22e-38	2.38e-36	6.6e-35	1.75e-33	4.45e-32	1.08e-30	2.51e-29	5.57e-28	1.18e-26	2.38e-25	4.57e-24	8.35e-23	1.45e-21	2.4e-20	3.76e-19	5.58e-18	7.83e-17	1.04e-15	1.3e-14	1.53e-13	1.69e-12	1.74e-11	1.69e-10	1.52e-09	1.27e-08	9.88e-08	7.08e-07	4.66e-06	2.81e-05	0.000155	0.000776	0.00351	0.0144	0.0528	0.172	0.474	0.985	1.42	1.63	1.71	1.74	1.75	1.75	1.75	1.75	1.75	1.75	1.75	1.75	1.75	1.75	1.75	1.74	1.71	1.63	1.43	1.02	0.514	0.197	0.0646	0.019	0.00508	0.00125	0.000284	5.99e-05	1.17e-05	2.15e-06	3.7e-07	6e-08	9.21e-09	1.34e-09	1.85e-10	2.45e-11	3.1e-12	3.75e-13	4.38e-14	4.91e-15	5.32e-16	5.57e-17	5.64e-18	5.54e-19	5.28e-20	4.89e-21	4.41e-22	3.87e-23	3.31e-24	2.77e-25	2.26e-26	1.81e-27	1.41e-28	1.08e-29	8.09e-31	5.95e-32	4.29e-33	3.04e-34	2.12e-35	1.45e-36	
1.54e-37	1.04e-38	8.64e-39	2.38e-37	6.8e-36	1.86e-34	4.88e-33	1.22e-31	2.93e-30	6.72e-29	1.47e-27	3.07e-26	6.12e-25	1.16e-23	2.1e-22	3.6e-21	5.86e-20	9.06e-19	1.33e-17	1.84e-16	2.4e-15	2.96e-14	3.43e-13	3.74e-12	3.81e-11	3.63e-10	3.22e-09	2.65e-08	2.02e-07	1.43e-06	9.22e-06	5.46e-05	0.000295	0.00145	0.00643	0.0258	0.0925	0.29	0.73	1.27	1.58	1.7	1.74	1.75	1.75	1.75	1.75	1.76	1.76	1.76	1.76	1.76	1.75	1.75	1.75	1.75	1.74	1.7	1.59	1.29	0.771	0.324	0.11	0.033	0.00897	0.00224	0.000516	0.00011	2.19e-05	4.05e-06	7.04e-07	1.15e-07	1.78e-08	2.62e-09	3.65e-10	4.86e-11	6.19e-12	7.56e-13	8.87e-14	1e-14	1.09e-15	1.15e-16	1.17e-17	1.15e-18	1.11e-19	1.03e-20	9.32e-22	8.22e-23	7.07e-24	5.93e-25	4.86e-26	3.9e-27	3.06e-28	2.35e-29	1.77e-30	1.3e-31	9.43e-33	6.7e-34	4.68e-35	3.21e-36	
3.11e-37	2.12e-38	2.13e-38	5.9e-37	1.67e-35	4.51e-34	1.17e-32	2.89e-31	6.86e-30	1.55e-28	3.36e-27	6.93e-26	1.36e-24	2.56e-23	4.56e-22	7.74e-21	1.25e-19	1.9e-18	2.75e-17	3.76e-16	4.86e-15	5.91e-14	6.77e-13	7.27e-12	7.31e-11	6.86e-10	6e-09	4.87e-08	3.66e-07	2.54e-06	1.61e-05	9.4e-05	0.000499	0.0024	0.0105	0.0412	0.144	0.431	0.974	1.46	1.66	1.73	1.75	1.75	1.75	1.76	1.76	1.76	1.76	1.76	1.76	1.76	1.76	1.76	1.75	1.75	1.75	1.73	1.66	1.47	1.01	0.473	0.168	0.0515	0.0142	0.0036	0.00084	0.000181	3.64e-05	6.83e-06	1.2e-06	1.98e-07	3.1e-08	4.58e-09	6.45e-10	8.66e-11	1.11e-11	1.36e-12	1.61e-13	1.83e-14	2.01e-15	2.12e-16	2.18e-17	2.16e-18	2.08e-19	1.95e-20	1.77e-21	1.57e-22	1.36e-23	1.14e-24	9.4e-26	7.57e-27	5.96e-28	4.59e-29	3.47e-30	2.57e-31	1.87e-32	1.33e-33	9.32e-35	6.42e-36	
5.74e-37	3.95e-38	4.66e-38	1.29e-36	3.59e-35	9.62e-34	2.47e-32	6.05e-31	1.42e-29	3.18e-28	6.8e-27	1.39e-25	2.7e-24	5.01e-23	8.84e-22	1.48e-20	2.36e-19	3.56e-18	5.09e-17	6.88e-16	8.77e-15	1.05e-13	1.19e-12	1.26e-11	1.25e-10	1.16e-09	1e-08	8e-08	5.92e-07	4.04e-06	2.53e-05	0.000145	0.000757	0.00359	0.0154	0.0594	0.203	0.576	1.17	1.56	1.7	1.74	1.75	1.75	1.76	1.76	1.76	1.76	1.76	1.76	1.76	1.76	1.76	1.76	1.76	1.75	1.75	1.74	1.7	1.56	1.19	0.621	0.233	0.0729	0.0204	0.00524	0.00124	0.000271	5.51e-05	1.04e-05	1.85e-06	3.1e-07	4.88e-08	7.29e-09	1.03e-09	1.4e-10	1.81e-11	2.24e-12	2.67e-13	3.05e-14	3.37e-15	3.59e-16	3.69e-17	3.69e-18	3.57e-19	3.36e-20	3.07e-21	2.74e-22	2.38e-23	2.01e-24	1.66e-25	1.35e-26	1.06e-27	8.24e-29	6.25e-30	4.64e-31	3.39e-32	2.42e-33	1.7e-34	1.18e-35	
